0	0	0	0	0	28
10	5	5	0.04	18.17	11027
20	5	5	0.57	81.77	8389
30	5	5	1.41	89.22	2597
40	5	5	2.32	89.22	1347
50	5	5	3.18	89.22	1036
60	5	5	4.08	89.22	-2747
70	5	5	4.73	42.66	-5375
80	5	5	5.04	23.93	-2291
90	5	5	5.24	13.44	-1400
100	5	5	5.32	5.84	-654
110	5	5	5.36	3.83	-701
120	5	5	5.36	0	-668
130	5	5	5.34	0	-686
140	5	5	5.32	-2.92	-607
150	5	5	5.28	-3.56	-576
160	5	5	5.24	-3.2	-190
170	5	5	5.22	-3.11	-189
180	5	5	5.18	-3	-601
190	5	5	5.14	-2.61	-66
200	5	5	5.12	-2.32	-36
210	5	5	5.12	-1.77	-327
220	5	5	5.08	-2.03	2
230	5	5	5.08	-1.81	-614
240	5	5	5.06	-1.43	-148
250	5	5	5.04	-1.3	249
260	5	5	5.04	0	-168
270	5	5	5.04	0	-468
280	5	5	5.04	0	-714
290	5	5	5.02	-0.64	411
300	5	5	5.02	-0.64	-325
310	5	5	5.02	-0.64	-517
320	5	5	5.02	0	-251
330	5	5	5	0	-346
340	5	5	5.02	-0.14	-560
350	5	5	5	0	53
360	5	5	5.02	0	-741
370	5	5	5	0	-302
380	5	5	5	0	-103
390	5	5	5	0	-134
400	5	5	5	0	-109
410	5	5	5	0	-184
420	5	5	5	0	-175
430	5	5	5	0	-151
440	5	5	5	0	-234
450	5	5	5	0	-251
460	5	5	5	0	-249
470	5	5	5	0	-251
480	5	5	5	0	-252
490	5	5	5	0	-251
500	-4.99	-4.99	4.99	-19.63	-10988
510	-4.99	-4.99	4.47	-75.49	-9264
520	-4.99	-4.99	3.65	-89.22	-3181
530	-4.99	-4.99	2.75	-98.14	-1803
540	-4.99	-4.99	1.84	-81.77	-1527
550	-4.99	-4.99	0.92	-89.22	-1374
560	-4.99	-4.99	0.02	-89.22	-1374
570	-4.99	-4.99	-0.9	-98.14	-1446
580	-4.99	-4.99	-1.81	-89.22	-1366
590	-4.99	-4.99	-2.71	-89.22	-1318
600	-4.99	-4.99	-3.63	-81.77	-407
610	-4.99	-4.99	-4.44	-57.72	5831
620	-4.99	-4.99	-4.91	-32.71	4493
630	-4.99	-4.99	-5.14	-18.17	1576
640	-4.99	-4.99	-5.26	-8.46	1174
650	-4.99	-4.99	-5.32	-5.31	575
660	-4.99	-4.99	-5.34	0.14	584
670	-4.99	-4.99	-5.32	0	476
680	-4.99	-4.99	-5.3	1.1	359
690	-4.99	-4.99	-5.26	3.44	33
700	-4.99	-4.99	-5.22	3.3	49
710	-4.99	-4.99	-5.2	3.5	481
720	-4.99	-4.99	-5.16	3.06	-50
730	-4.99	-4.99	-5.14	2.68	49
740	-4.99	-4.99	-5.12	2.73	484
750	-4.99	-4.99	-5.1	2.15	552
760	-4.99	-4.99	-5.08	2.03	412
770	-4.99	-4.99	-5.06	1.79	151
780	-4.99	-4.99	-5.04	1.79	14
790	-4.99	-4.99	-5.04	1.19	567
800	-4.99	-4.99	-5.04	0	707
810	-4.99	-4.99	-5.02	0.71	151
820	-4.99	-4.99	-5	1.13	-385
830	-4.99	-4.99	-5	0	-6
840	-4.99	-4.99	-5	0	132
850	-4.99	-4.99	-5	0	269
860	-4.99	-4.99	-5	0	400
870	-4.99	-4.99	-5	0.47	46
880	-4.99	-4.99	-4.99	0.47	-214
890	-4.99	-4.99	-4.99	0.47	-154
900	-4.99	-4.99	-4.99	0.47	-55
910	-4.99	-4.99	-4.99	0.47	-11
920	-4.99	-4.99	-4.99	0.39	-3
930	-4.99	-4.99	-4.99	0.33	8
940	-4.99	-4.99	-4.99	0.28	24
950	-4.99	-4.99	-4.99	0.25	4
960	-4.99	-4.99	-4.99	0	-4
970	-4.99	-4.99	-4.99	0	-8
980	-4.99	-4.99	-4.99	0	-9
990	-4.99	-4.99	-4.99	0	-9
1000	5	5	-4.95	23.93	10661
1010	5	5	-4.44	75.49	8310
1020	5	5	-3.59	89.22	2575
1030	5	5	-2.69	89.22	1295
1040	5	5	-1.79	98.14	1124
1050	5	5	-0.88	98.14	1055
1060	5	5	0.04	89.22	1048
1070	5	5	0.94	89.22	1062
1080	5	5	1.86	89.22	1076
1090	5	5	2.77	98.14	1054
1100	5	5	3.67	89.22	43
1110	5	5	4.47	61.33	-5715
1120	5	5	4.93	33.84	-3869
1130	5	5	5.16	17.52	-1754
1140	5	5	5.3	10.33	-1112
1150	5	5	5.36	4.51	-969
1160	5	5	5.36	0	-252
1170	5	5	5.36	0	-927
1180	5	5	5.32	-2.95	-174
1190	5	5	5.3	-3.49	-166
1200	5	5	5.26	-3.23	-512
1210	5	5	5.22	-3.47	-96
1220	5	5	5.2	-3.2	-591
1230	5	5	5.16	-3.01	-12
1240	5	5	5.14	-2.7	-207
1250	5	5	5.12	-2.43	-543
1260	5	5	5.1	-1.76	-196
1270	5	5	5.08	-1.98	-76
1280	5	5	5.06	-1.46	297
1290	5	5	5.06	-1.46	-591
1300	5	5	5.04	0.14	-122
1310	5	5	5.04	0	-309
1320	5	5	5.04	0	-652
1330	5	5	5.04	0	-698
1340	5	5	5.02	-0.68	-23
1350	5	5	5.02	-0.68	-438
1360	5	5	5.02	0	-84
1370	5	5	5.02	0	-821
1380	5	5	5	0	98
1390	5	5	5.02	0	-618
1400	5	5	5.02	0	-988
1410	5	5	5	0	-115
1420	5	5	5	0	-58
1430	5	5	5	0	-89
1440	5	5	5	0	-171
1450	5	5	5	0	-172
1460	5	5	5	0	-135
1470	5	5	5	0	-170
1480	5	5	5	0	-199
1490	5	5	5	0	-253
1500	-4.99	-4.99	4.99	-19.63	-10635
1510	-4.99	-4.99	4.47	-75.49	-9662
1520	-4.99	-4.99	3.65	-89.22	-3327
1530	-4.99	-4.99	2.75	-98.14	-1809
1540	-4.99	-4.99	1.84	-89.22	-1509
1550	-4.99	-4.99	0.92	-89.22	-1388
1560	-4.99	-4.99	0.02	-98.14	-1381
1570	-4.99	-4.99	-0.9	-109.03	-1443
1580	-4.99	-4.99	-1.81	-89.22	-1424
1590	-4.99	-4.99	-2.73	-98.14	-1332
1600	-4.99	-4.99	-3.63	-81.77	-467
1610	-4.99	-4.99	-4.44	-57.72	5655
1620	-4.99	-4.99	-4.91	-32.71	4309
1630	-4.99	-4.99	-5.14	-18.87	1738
1640	-4.99	-4.99	-5.26	-8.6	1013
1650	-4.99	-4.99	-5.32	-5.45	707
1660	-4.99	-4.99	-5.32	0	8
1670	-4.99	-4.99	-5.32	0	516
1680	-4.99	-4.99	-5.3	4.37	101
1690	-4.99	-4.99	-5.26	3.31	414
1700	-4.99	-4.99	-5.22	3.2	241
1710	-4.99	-4.99	-5.18	2.89	37
1720	-4.99	-4.99	-5.16	2.78	-13
1730	-4.99	-4.99	-5.12	2.86	47
1740	-4.99	-4.99	-5.1	2.23	-124
1750	-4.99	-4.99	-5.08	1.98	-118
1760	-4.99	-4.99	-5.08	1.98	484
1770	-4.99	-4.99	-5.06	1.76	183
1780	-4.99	-4.99	-5.04	1.7	-87
1790	-4.99	-4.99	-5.04	1.22	576
1800	-4.99	-4.99	-5.04	0	693
1810	-4.99	-4.99	-5.02	0.74	178
1820	-4.99	-4.99	-5	1.11	-475
1830	-4.99	-4.99	-5	0	-28
1840	-4.99	-4.99	-5	0	51
1850	-4.99	-4.99	-5	0	246
1860	-4.99	-4.99	-5	0	397
1870	-4.99	-4.99	-5	0	401
1880	-4.99	-4.99	-4.99	0.57	-252
1890	-4.99	-4.99	-4.99	0.57	-162
1900	-4.99	-4.99	-4.99	0.57	-47
1910	-4.99	-4.99	-4.99	0.5	-17
1920	-4.99	-4.99	-4.99	0.39	15
1930	-4.99	-4.99	-4.99	0.33	21
1940	-4.99	-4.99	-4.99	0.28	21
1950	-4.99	-4.99	-4.99	0	1
1960	-4.99	-4.99	-4.99	0	4
1970	-4.99	-4.99	-4.99	0	7
1980	-4.99	-4.99	-4.99	0	7
1990	-4.99	-4.99	-4.99	0	6
2000	5	5	-4.95	23.93	10741
2010	5	5	-4.44	75.49	8354
2020	5	5	-3.59	89.22	2575
2030	5	5	-2.69	89.22	1308
2040	5	5	-1.79	98.14	1110
2050	5	5	-0.88	98.14	1064
2060	5	5	0.04	89.22	1056
2070	5	5	0.94	89.22	1072
2080	5	5	1.86	89.22	1038
2090	5	5	2.77	98.14	1063
2100	5	5	3.67	81.77	60
2110	5	5	4.47	65.43	-5726
2120	5	5	4.93	30.67	-3645
2130	5	5	5.16	17.84	-1747
2140	5	5	5.3	10.66	-1373
2150	5	5	5.36	4.57	-1006
2160	5	5	5.36	0	-213
2170	5	5	5.36	0	-937
2180	5	5	5.32	-2.67	-329
2190	5	5	5.28	-3.44	-245
2200	5	5	5.26	-3.36	-203
2210	5	5	5.22	-3.44	-305
2220	5	5	5.2	-3.14	-638
2230	5	5	5.16	-3.01	-8
2240	5	5	5.14	-2.68	-205
2250	5	5	5.12	-2.42	-534
2260	5	5	5.1	-1.74	-192
2270	5	5	5.08	-1.98	-73
2280	5	5	5.06	-1.48	247
2290	5	5	5.06	-1.48	-589
2300	5	5	5.06	0	-831
2310	5	5	5.04	0	-323
2320	5	5	5.04	0	-640
2330	5	5	5.04	0	-695
2340	5	5	5.02	-0.64	41
2350	5	5	5.02	-0.64	-429
2360	5	5	5	-0.82	506
2370	5	5	5.02	0	-769
2380	5	5	5	0	-179
2390	5	5	5	0	111
2400	5	5	5.02	0	-691
2410	5	5	5	0	-99
2420	5	5	5	0	-48
2430	5	5	5	0	-120
2440	5	5	5	0	-145
2450	5	5	5	0	-80
2460	5	5	5	0	-187
2470	5	5	5	0	-193
2480	5	5	5	0	-242
2490	5	5	5	0	-243
2500	-4.99	-4.99	4.99	-20.04	-10571
2510	-4.99	-4.99	4.51	-75.49	-9622
2520	-4.99	-4.99	3.69	-81.77	-3291
2530	-4.99	-4.99	2.79	-89.22	-1809
2540	-4.99	-4.99	1.88	-98.14	-1495
2550	-4.99	-4.99	0.96	-81.77	-1406
2560	-4.99	-4.99	0.06	-98.14	-1403
2570	-4.99	-4.99	-0.86	-89.22	-1414
2580	-4.99	-4.99	-1.77	-89.22	-1362
2590	-4.99	-4.99	-2.69	-89.22	-1394
2600	-4.99	-4.99	-3.59	-98.14	-470
2610	-4.99	-4.99	-4.4	-65.43	5639
2620	-4.99	-4.99	-4.89	-33.84	4235
2630	-4.99	-4.99	-5.12	-18.87	1722
2640	-4.99	-4.99	-5.26	-9.91	996
2650	-4.99	-4.99	-5.32	-5.48	648
2660	-4.99	-4.99	-5.34	0.14	539
2670	-4.99	-4.99	-5.32	0	655
2680	-4.99	-4.99	-5.3	1.07	404
2690	-4.99	-4.99	-5.26	3.47	203
2700	-4.99	-4.99	-5.24	3.38	274
2710	-4.99	-4.99	-5.2	3.42	297
2720	-4.99	-4.99	-5.16	3.33	-146
2730	-4.99	-4.99	-5.14	2.62	82
2740	-4.99	-4.99	-5.12	2.73	491
2750	-4.99	-4.99	-5.1	2.21	517
2760	-4.99	-4.99	-5.08	2.03	501
2770	-4.99	-4.99	-5.06	1.7	145
2780	-4.99	-4.99	-5.04	1.77	-80
2790	-4.99	-4.99	-5.04	1.21	572
2800	-4.99	-4.99	-5.04	0	697
2810	-4.99	-4.99	-5.02	0.74	177
2820	-4.99	-4.99	-5	1.1	-240
2830	-4.99	-4.99	-5	0	-61
2840	-4.99	-4.99	-5	0	131
2850	-4.99	-4.99	-5	0	260
2860	-4.99	-4.99	-5	0	389
2870	-4.99	-4.99	-5	0.47	-207
2880	-4.99	-4.99	-4.99	0.47	-204
2890	-4.99	-4.99	-4.99	0.47	-156
2900	-4.99	-4.99	-4.99	0.47	-58
2910	-4.99	-4.99	-4.99	0.47	-15
2920	-4.99	-4.99	-4.99	0.39	-12
2930	-4.99	-4.99	-4.99	0.33	-1
2940	-4.99	-4.99	-4.99	0.28	4
2950	-4.99	-4.99	-4.99	0.24	-8
2960	-4.99	-4.99	-4.99	0	-14
2970	-4.99	-4.99	-4.99	0	-17
2980	-4.99	-4.99	-4.99	0	-13
2990	-4.99	-4.99	-4.99	0	-11
3000	5	5	-4.95	24.53	10540
3010	5	5	-4.44	75.49	8324
3020	5	5	-3.59	89.22	2538
3030	5	5	-2.69	89.22	1261
3040	5	5	-1.79	98.14	1100
3050	5	5	-0.88	98.14	1068
3060	5	5	0.04	81.77	1039
3070	5	5	0.94	89.22	1033
3080	5	5	1.86	89.22	1045
3090	5	5	2.77	109.03	1043
3100	5	5	3.67	81.77	58
3110	5	5	4.47	61.33	-5473
3120	5	5	4.93	33.84	-3942
3130	5	5	5.16	17.84	-1707
3140	5	5	5.3	10.55	-1221
3150	5	5	5.36	4.52	-949
3160	5	5	5.36	0	-260
3170	5	5	5.36	0	-962
3180	5	5	5.32	-3.06	-283
3190	5	5	5.28	-3.44	-111
3200	5	5	5.26	-3.25	-645
3210	5	5	5.22	-3.63	5
3220	5	5	5.2	-3.23	-642
3230	5	5	5.16	-3.06	15
3240	5	5	5.14	-2.56	-209
3250	5	5	5.12	-2.42	-493
3260	5	5	5.1	-1.76	-241
3270	5	5	5.08	-1.99	-124
3280	5	5	5.06	-1.51	317
3290	5	5	5.06	-1.51	-614
3300	5	5	5.04	0	-633
3310	5	5	5.04	0	-311
3320	5	5	5.04	0	-653
3330	5	5	5.04	0	-700
3340	5	5	5.02	-0.64	-21
3350	5	5	5.02	-0.64	-430
3360	5	5	5	-0.82	497
3370	5	5	5.02	0	-603
3380	5	5	5.02	0	-349
3390	5	5	5	0	118
3400	5	5	5.02	0	-696
3410	5	5	5	0	-47
3420	5	5	5	0	-43
3430	5	5	5	0	-119
3440	5	5	5	0	-143
3450	5	5	5	0	-92
3460	5	5	5	0	-170
3470	5	5	5	0	-247
3480	5	5	5	0	-211
3490	5	5	5	0	-243
3500	-4.99	-4.99	4.99	-19.23	-11053
3510	-4.99	-4.99	4.47	-75.49	-9161
3520	-4.99	-4.99	3.65	-89.22	-3155
3530	-4.99	-4.99	2.75	-81.77	-1735
3540	-4.99	-4.99	1.84	-89.22	-1458
3550	-4.99	-4.99	0.92	-98.14	-1376
3560	-4.99	-4.99	0.02	-89.22	-1378
3570	-4.99	-4.99	-0.9	-98.14	-1358
3580	-4.99	-4.99	-1.81	-89.22	-1426
3590	-4.99	-4.99	-2.73	-89.22	-1391
3600	-4.99	-4.99	-3.63	-81.77	-422
3610	-4.99	-4.99	-4.44	-57.72	5684
3620	-4.99	-4.99	-4.91	-33.84	4584
3630	-4.99	-4.99	-5.14	-18.17	1673
3640	-4.99	-4.99	-5.26	-8.84	890
3650	-4.99	-4.99	-5.32	-5.28	723
3660	-4.99	-4.99	-5.34	0.14	876
3670	-4.99	-4.99	-5.32	0	528
3680	-4.99	-4.99	-5.3	4.4	288
3690	-4.99	-4.99	-5.26	3.36	354
3700	-4.99	-4.99	-5.22	3.45	-79
3710	-4.99	-4.99	-5.2	3.49	306
3720	-4.99	-4.99	-5.16	3.19	-117
3730	-4.99	-4.99	-5.14	2.65	93
3740	-4.99	-4.99	-5.12	2.5	504
3750	-4.99	-4.99	-5.1	2.06	536
3760	-4.99	-4.99	-5.08	1.98	448
3770	-4.99	-4.99	-5.06	1.66	120
3780	-4.99	-4.99	-5.04	1.85	3
3790	-4.99	-4.99	-5.04	1.16	576
3800	-4.99	-4.99	-5.04	0	717
3810	-4.99	-4.99	-5.02	0.72	159
3820	-4.99	-4.99	-5	1.16	-500
3830	-4.99	-4.99	-5	0	-30
3840	-4.99	-4.99	-5	0	131
3850	-4.99	-4.99	-5	0	285
3860	-4.99	-4.99	-5	0	402
3870	-4.99	-4.99	-5	0.61	306
3880	-4.99	-4.99	-4.99	0.61	-219
3890	-4.99	-4.99	-4.99	0.61	-158
3900	-4.99	-4.99	-4.99	0.61	-37
3910	-4.99	-4.99	-4.99	0.49	-16
3920	-4.99	-4.99	-4.99	0.39	20
3930	-4.99	-4.99	-4.99	0.33	30
3940	-4.99	-4.99	-4.99	0	12
3950	-4.99	-4.99	-4.99	0	-4
3960	-4.99	-4.99	-4.99	0	5
3970	-4.99	-4.99	-4.99	0	5
3980	-4.99	-4.99	-4.99	0	5
3990	-4.99	-4.99	-4.99	0	5
4000	5	5	-4.95	24.53	10716
4010	5	5	-4.44	75.49	8351
4020	5	5	-3.59	89.22	2570
4030	5	5	-2.69	89.22	1312
4040	5	5	-1.79	98.14	1103
4050	5	5	-0.88	98.14	1061
4060	5	5	0.04	89.22	1061
4070	5	5	0.94	98.14	1064
4080	5	5	1.86	89.22	1050
4090	5	5	2.77	109.03	1024
4100	5	5	3.67	81.77	49
4110	5	5	4.47	61.33	-5659
4120	5	5	4.93	30.67	-3406
4130	5	5	5.16	18.17	-1548
4140	5	5	5.28	9.53	-1294
4150	5	5	5.34	4.44	-452
4160	5	5	5.36	2.39	-507
4170	5	5	5.34	0	-408
4180	5	5	5.32	-1.15	-391
4190	5	5	5.28	-3.55	-339
4200	5	5	5.24	-3.14	-140
4210	5	5	5.22	-3.23	-670
4220	5	5	5.18	-2.97	-262
4230	5	5	5.16	-2.43	-285
4240	5	5	5.12	-2.56	-13
4250	5	5	5.1	-1.76	-37
4260	5	5	5.1	-1.98	-401
4270	5	5	5.08	-1.98	-390
4280	5	5	5.06	-1.37	272
4290	5	5	5.06	-1.37	-644
4300	5	5	5.06	0	-1009
4310	5	5	5.04	0	-302
4320	5	5	5.04	0	-672
4330	5	5	5.04	0	-722
4340	5	5	5.02	-0.64	-93
4350	5	5	5.02	-0.64	-461
4360	5	5	5.02	0	-438
4370	5	5	5.02	-0.14	-497
4380	5	5	5	0	171
4390	5	5	5.02	0	-627
4400	5	5	5	0	-284
4410	5	5	5	0	-23
4420	5	5	5.02	0	-820
4430	5	5	5.02	0	-849
4440	5	5	5	0	-154
4450	5	5	5	0	-166
4460	5	5	5	0	-142
4470	5	5	5	0	-216
4480	5	5	5	0	-244
4490	5	5	5	0	-244
4500	-4.99	-4.99	4.99	-19.63	-10985
4510	-4.99	-4.99	4.47	-75.49	-9291
4520	-4.99	-4.99	3.65	-89.22	-3198
4530	-4.99	-4.99	2.75	-98.14	-1792
4540	-4.99	-4.99	1.84	-89.22	-1470
4550	-4.99	-4.99	0.94	-89.22	-1379
4560	-4.99	-4.99	0.02	-89.22	-1339
4570	-4.99	-4.99	-0.88	-98.14	-1384
4580	-4.99	-4.99	-1.81	-89.22	-1431
4590	-4.99	-4.99	-2.71	-89.22	-1330
4600	-4.99	-4.99	-3.63	-81.77	-413
4610	-4.99	-4.99	-4.44	-70.09	5982
4620	-4.99	-4.99	-4.91	-32.71	3877
4630	-4.99	-4.99	-5.14	-16.93	1741
4640	-4.99	-4.99	-5.28	-9.17	1200
4650	-4.99	-4.99	-5.32	-4.11	296
4660	-4.99	-4.99	-5.34	-2.18	431
4670	-4.99	-4.99	-5.32	0	115
4680	-4.99	-4.99	-5.32	0	1297
4690	-4.99	-4.99	-5.28	3.77	237
4700	-4.99	-4.99	-5.24	3.49	-69
4710	-4.99	-4.99	-5.2	3.56	344
4720	-4.99	-4.99	-5.16	3.17	-33
4730	-4.99	-4.99	-5.14	2.62	-31
4740	-4.99	-4.99	-5.12	2.87	397
4750	-4.99	-4.99	-5.1	2.29	456
4760	-4.99	-4.99	-5.08	2.04	386
4770	-4.99	-4.99	-5.06	1.77	128
4780	-4.99	-4.99	-5.04	1.68	-162
4790	-4.99	-4.99	-5.04	1.26	557
4800	-4.99	-4.99	-5.04	0	687
4810	-4.99	-4.99	-5.02	0.75	171
4820	-4.99	-4.99	-5	1.08	-388
4830	-4.99	-4.99	-5	0	-87
4840	-4.99	-4.99	-5	0	107
4850	-4.99	-4.99	-5	0	250
4860	-4.99	-4.99	-5	0	391
4870	-4.99	-4.99	-5	0	402
4880	-4.99	-4.99	-4.99	0.58	-302
4890	-4.99	-4.99	-4.99	0.58	-189
4900	-4.99	-4.99	-4.99	0.58	-57
4910	-4.99	-4.99	-4.99	0.52	-7
4920	-4.99	-4.99	-4.99	0.41	11
4930	-4.99	-4.99	-4.99	0.33	17
4940	-4.99	-4.99	-4.99	0	24
4950	-4.99	-4.99	-4.99	0	2
4960	-4.99	-4.99	-4.99	0	-5
4970	-4.99	-4.99	-4.99	0	4
4980	-4.99	-4.99	-4.99	0	5
4990	-4.99	-4.99	-4.99	0	5
5000	5	5	-4.95	23.93	10731
5010	5	5	-4.44	75.49	8368
5020	5	5	-3.59	89.22	2537
5030	5	5	-2.69	89.22	1264
5040	5	5	-1.79	98.14	1117
5050	5	5	-0.88	89.22	1066
5060	5	5	0.04	89.22	1056
5070	5	5	0.94	89.22	1022
5080	5	5	1.86	89.22	1043
5090	5	5	2.77	98.14	1040
5100	5	5	3.67	81.77	39
5110	5	5	4.47	57.72	-5657
5120	5	5	4.93	30.67	-3377
5130	5	5	5.16	18.17	-1541
5140	5	5	5.28	9.72	-1331
5150	5	5	5.34	4.26	-447
5160	5	5	5.36	-0.14	-247
5170	5	5	5.34	0	-433
5180	5	5	5.32	-1.11	-387
5190	5	5	5.28	-3.55	-41
5200	5	5	5.26	-3	-427
5210	5	5	5.22	-3.49	-611
5220	5	5	5.18	-2.83	-75
5230	5	5	5.16	-3.11	-384
5240	5	5	5.14	-2.56	-418
5250	5	5	5.12	-2.4	-584
5260	5	5	5.1	-1.74	-429
5270	5	5	5.08	-1.95	-183
5280	5	5	5.06	-1.54	281
5290	5	5	5.06	-1.44	-647
5300	5	5	5.04	0	-669
5310	5	5	5.04	0	-317
5320	5	5	5.04	0	-672
5330	5	5	5.04	0	-720
5340	5	5	5.02	-0.66	-82
5350	5	5	5.02	-0.66	-453
5360	5	5	5	0	-106
5370	5	5	5.02	0	-714
5380	5	5	5	0	138
5390	5	5	5.02	0	-775
5400	5	5	5	0	-2
5410	5	5	5	0	17
5420	5	5	5.02	0	-949
5430	5	5	5	0	-347
5440	5	5	5	0	-432
5450	5	5	5	0	-171
5460	5	5	5	0	-123
5470	5	5	5	0	-182
5480	5	5	5	0	-216
5490	5	5	5	0	-247
5500	5	5	5	0	-249
5510	-4.99	-4.99	4.99	-20.04	-10965
5520	-4.99	-4.99	4.47	-75.49	-9188
5530	-4.99	-4.99	3.65	-98.14	-3176
5540	-4.99	-4.99	2.75	-98.14	-1767
5550	-4.99	-4.99	1.84	-81.77	-1458
5560	-4.99	-4.99	0.92	-89.22	-1382
5570	-4.99	-4.99	0.02	-89.22	-1324
5580	-4.99	-4.99	-0.9	-109.03	-1408
5590	-4.99	-4.99	-1.81	-89.22	-1401
5600	-4.99	-4.99	-2.71	-89.22	-1369
5610	-4.99	-4.99	-3.63	-81.77	-424
5620	-4.99	-4.99	-4.44	-57.72	5952
5630	-4.99	-4.99	-4.91	-32.71	4149
5640	-4.99	-4.99	-5.14	-18.87	1654
5650	-4.99	-4.99	-5.26	-8.92	1121
5660	-4.99	-4.99	-5.32	-4.76	483
5670	-4.99	-4.99	-5.34	0.14	487
5680	-4.99	-4.99	-5.32	0	478
5690	-4.99	-4.99	-5.3	1.07	377
5700	-4.99	-4.99	-5.26	3.5	-87
5710	-4.99	-4.99	-5.22	3.27	32
5720	-4.99	-4.99	-5.2	3.06	567
5730	-4.99	-4.99	-5.16	3.28	-110
5740	-4.99	-4.99	-5.14	2.72	127
5750	-4.99	-4.99	-5.12	2.62	507
5760	-4.99	-4.99	-5.1	2.2	562
5770	-4.99	-4.99	-5.08	1.96	446
5780	-4.99	-4.99	-5.06	1.73	168
5790	-4.99	-4.99	-5.04	1.82	19
5800	-4.99	-4.99	-5.04	1.18	573
5810	-4.99	-4.99	-5.04	0	599
5820	-4.99	-4.99	-5.02	0.72	201
5830	-4.99	-4.99	-5	1.1	-479
5840	-4.99	-4.99	-5	0	-63
5850	-4.99	-4.99	-5	0	130
5860	-4.99	-4.99	-5	0	260
5870	-4.99	-4.99	-5	0	388
5880	-4.99	-4.99	-5	0.47	41
5890	-4.99	-4.99	-4.99	0.47	-243
5900	-4.99	-4.99	-4.99	0.47	-171
5910	-4.99	-4.99	-4.99	0.47	-60
5920	-4.99	-4.99	-4.99	0.47	-18
5930	-4.99	-4.99	-4.99	0.39	-13
5940	-4.99	-4.99	-4.99	0.33	12
5950	-4.99	-4.99	-4.99	0.28	13
5960	-4.99	-4.99	-4.99	0.25	0
5970	-4.99	-4.99	-4.99	0	-13
5980	-4.99	-4.99	-4.99	0	-12
5990	-4.99	-4.99	-4.99	0	-14
6000	5	5	-4.95	24.53	10677
6010	5	5	-4.44	75.49	8274
6020	5	5	-3.59	98.14	2506
6030	5	5	-2.69	89.22	1268
6040	5	5	-1.79	98.14	1119
6050	5	5	-0.86	98.14	1057
6060	5	5	0.04	89.22	1041
6070	5	5	0.94	89.22	1055
6080	5	5	1.86	89.22	1032
6090	5	5	2.77	109.03	1039
6100	5	5	3.67	89.22	39
6110	5	5	4.47	57.72	-5750
6120	5	5	4.93	30.67	-3403
6130	5	5	5.16	18.87	-1558
6140	5	5	5.28	9.44	-1320
6150	5	5	5.34	4.6	-525
6160	5	5	5.36	2.37	-541
6170	5	5	5.34	0	-445
6180	5	5	5.32	-1.15	-404
6190	5	5	5.28	-3.61	19
6200	5	5	5.26	-3.03	-693
6210	5	5	5.22	-3.55	-189
6220	5	5	5.18	-3.01	-42
6230	5	5	5.16	-3	-598
6240	5	5	5.14	-2.47	-461
6250	5	5	5.12	-2.17	-734
6260	5	5	5.1	-1.77	-373
6270	5	5	5.08	-1.92	-231
6280	5	5	5.06	-1.49	277
6290	5	5	5.06	-1.48	-653
6300	5	5	5.06	0	-872
6310	5	5	5.04	0	-330
6320	5	5	5.04	0	-675
6330	5	5	5.04	0	-702
6340	5	5	5.02	-0.68	-116
6350	5	5	5.02	-0.68	-461
6360	5	5	5.02	0	-311
6370	5	5	5.02	-0.14	-713
6380	5	5	5	0	174
6390	5	5	5.02	0	-875
6400	5	5	5	0	29
6410	5	5	5	0	17
6420	5	5	5	0	-141
6430	5	5	5	0	-99
6440	5	5	5	0	-165
6450	5	5	5	0	-72
6460	5	5	5	0	-189
6470	5	5	5	0	-173
6480	5	5	5	0	-239
6490	5	5	5	0	-240
6500	-4.99	-4.99	4.99	-20.04	-10966
6510	-4.99	-4.99	4.47	-75.49	-9202
6520	-4.99	-4.99	3.65	-98.14	-3155
6530	-4.99	-4.99	2.75	-98.14	-1754
6540	-4.99	-4.99	1.84	-81.77	-1487
6550	-4.99	-4.99	0.92	-98.14	-1418
6560	-4.99	-4.99	0.02	-89.22	-1353
6570	-4.99	-4.99	-0.9	-98.14	-1381
6580	-4.99	-4.99	-1.81	-89.22	-1458
6590	-4.99	-4.99	-2.73	-89.22	-1341
6600	-4.99	-4.99	-3.63	-98.14	-357
6610	-4.99	-4.99	-4.44	-57.72	5785
6620	-4.99	-4.99	-4.91	-31.65	4112
6630	-4.99	-4.99	-5.14	-18.51	1666
6640	-4.99	-4.99	-5.26	-9.09	854
6650	-4.99	-4.99	-5.32	-5.51	662
6660	-4.99	-4.99	-5.34	0	354
6670	-4.99	-4.99	-5.32	0	595
6680	-4.99	-4.99	-5.3	1.1	341
6690	-4.99	-4.99	-5.26	3.34	-20
6700	-4.99	-4.99	-5.24	3.27	144
6710	-4.99	-4.99	-5.2	3.49	545
6720	-4.99	-4.99	-5.16	3.25	136
6730	-4.99	-4.99	-5.14	2.73	-69
6740	-4.99	-4.99	-5.1	2.28	-121
6750	-4.99	-4.99	-5.08	2.03	-43
6760	-4.99	-4.99	-5.06	1.76	-248
6770	-4.99	-4.99	-5.04	1.73	-423
6780	-4.99	-4.99	-5.04	1.63	372
6790	-4.99	-4.99	-5.04	0.96	664
6800	-4.99	-4.99	-5.02	0.72	-87
6810	-4.99	-4.99	-5.02	0.72	181
6820	-4.99	-4.99	-5	1.15	-483
6830	-4.99	-4.99	-5	0	-30
6840	-4.99	-4.99	-5.02	0	761
6850	-4.99	-4.99	-5	0	265
6860	-4.99	-4.99	-5	0	390
6870	-4.99	-4.99	-5	0.68	-203
6880	-4.99	-4.99	-4.99	0.68	-216
6890	-4.99	-4.99	-4.99	0.68	-163
6900	-4.99	-4.99	-4.99	0.64	-41
6910	-4.99	-4.99	-4.99	0.49	-24
6920	-4.99	-4.99	-4.99	0.39	12
6930	-4.99	-4.99	-4.99	0	22
6940	-4.99	-4.99	-4.99	0	15
6950	-4.99	-4.99	-4.99	0	-6
6960	-4.99	-4.99	-4.99	0	-11
6970	-4.99	-4.99	-4.99	0	-9
6980	-4.99	-4.99	-4.99	0	-4
6990	-4.99	-4.99	-4.99	0	-1
7000	5	5	-4.95	23.93	10735
7010	5	5	-4.42	81.77	8375
7020	5	5	-3.57	75.49	2576
7030	5	5	-2.67	89.22	1286
7040	5	5	-1.75	89.22	1119
7050	5	5	-0.84	98.14	1051
7060	5	5	0.08	89.22	1047
7070	5	5	0.98	89.22	1028
7080	5	5	1.9	89.22	1079
7090	5	5	2.81	98.14	1044
7100	5	5	3.71	89.22	81
7110	5	5	4.49	61.33	-5637
7120	5	5	4.95	33.84	-3841
7130	5	5	5.18	17.52	-1788
7140	5	5	5.3	10.44	-1179
7150	5	5	5.36	4.37	-895
7160	5	5	5.36	0	-202
7170	5	5	5.36	0	-1005
7180	5	5	5.32	-2.75	-177
7190	5	5	5.3	-2.87	-710
7200	5	5	5.26	-3.34	-336
7210	5	5	5.22	-3.45	-33
7220	5	5	5.2	-3.08	-244
7230	5	5	5.16	-3.08	-289
7240	5	5	5.14	-2.43	-469
7250	5	5	5.12	-2.56	-487
7260	5	5	5.1	-1.79	-279
7270	5	5	5.08	-1.93	-128
7280	5	5	5.06	-1.51	315
7290	5	5	5.06	-1.51	-619
7300	5	5	5.04	0.14	-394
7310	5	5	5.04	0	-297
7320	5	5	5.04	0	-660
7330	5	5	5.04	0	-703
7340	5	5	5.02	-0.68	-47
7350	5	5	5.02	-0.68	-439
7360	5	5	5	0.14	155
7370	5	5	5.02	0	-805
7380	5	5	5	0	-52
7390	5	5	5	0	139
7400	5	5	5.02	0	-678
7410	5	5	5	0	-217
7420	5	5	5	0	8
7430	5	5	5	0	-92
7440	5	5	5	0	-90
7450	5	5	5	0	-185
7460	5	5	5	0	-80
7470	5	5	5	0	-201
7480	5	5	5	0	-219
7490	5	5	5	0	-245
7500	5	5	5	0	-244
7510	-4.99	-4.99	4.99	-19.63	-10995
7520	-4.99	-4.99	4.47	-75.49	-9234
7530	-4.99	-4.99	3.65	-89.22	-3159
7540	-4.99	-4.99	2.75	-89.22	-1745
7550	-4.99	-4.99	1.84	-89.22	-1486
7560	-4.99	-4.99	0.92	-89.22	-1381
7570	-4.99	-4.99	0.02	-89.22	-1375
7580	-4.99	-4.99	-0.9	-98.14	-1353
7590	-4.99	-4.99	-1.81	-89.22	-1344
7600	-4.99	-4.99	-2.73	-89.22	-1339
7610	-4.99	-4.99	-3.63	-98.14	-422
7620	-4.99	-4.99	-4.44	-70.09	6018
7630	-4.99	-4.99	-4.91	-32.71	4135
7640	-4.99	-4.99	-5.14	-17.21	1705
7650	-4.99	-4.99	-5.26	-8.38	1016
7660	-4.99	-4.99	-5.32	-5.24	665
7670	-4.99	-4.99	-5.34	0.14	635
7680	-4.99	-4.99	-5.32	0	586
7690	-4.99	-4.99	-5.3	1.11	331
7700	-4.99	-4.99	-5.26	3.34	-36
7710	-4.99	-4.99	-5.22	3.25	-55
7720	-4.99	-4.99	-5.2	3.11	462
7730	-4.99	-4.99	-5.16	3.05	-102
7740	-4.99	-4.99	-5.14	2.64	160
7750	-4.99	-4.99	-5.12	2.56	543
7760	-4.99	-4.99	-5.1	2.25	537
7770	-4.99	-4.99	-5.08	2.01	515
7780	-4.99	-4.99	-5.06	1.73	143
7790	-4.99	-4.99	-5.04	1.79	98
7800	-4.99	-4.99	-5.04	1.18	565
7810	-4.99	-4.99	-5.04	0	696
7820	-4.99	-4.99	-5.02	0.72	172
7830	-4.99	-4.99	-5	1.1	-382
7840	-4.99	-4.99	-5	0	-63
7850	-4.99	-4.99	-5	0	122
7860	-4.99	-4.99	-5	0	259
7870	-4.99	-4.99	-5	0	388
7880	-4.99	-4.99	-5	0.47	48
7890	-4.99	-4.99	-4.99	0.47	-222
7900	-4.99	-4.99	-4.99	0.47	-170
7910	-4.99	-4.99	-4.99	0.47	-62
7920	-4.99	-4.99	-4.99	0.47	-23
7930	-4.99	-4.99	-4.99	0.39	-3
7940	-4.99	-4.99	-4.99	0.33	3
7950	-4.99	-4.99	-4.99	0.28	3
7960	-4.99	-4.99	-4.99	0.25	-14
7970	-4.99	-4.99	-4.99	0	-17
7980	-4.99	-4.99	-4.99	0	-11
7990	-4.99	-4.99	-4.99	0	-10
8000	5	5	-4.95	24.53	10711
8010	5	5	-4.44	75.49	8342
8020	5	5	-3.57	89.22	2547
8030	5	5	-2.69	98.14	1279
8040	5	5	-1.75	89.22	1118
8050	5	5	-0.88	89.22	1052
8060	5	5	0.08	89.22	1055
8070	5	5	0.94	89.22	1027
8080	5	5	1.86	89.22	1048
8090	5	5	2.81	98.14	1034
8100	5	5	3.67	81.77	20
8110	5	5	4.47	61.33	-5685
8120	5	5	4.93	30.67	-3480
8130	5	5	5.16	17.21	-1942
8140	5	5	5.28	9.63	-1241
8150	5	5	5.34	4.35	-428
8160	5	5	5.36	2.25	-576
8170	5	5	5.34	0	-352
8180	5	5	5.32	-1.21	-376
8190	5	5	5.28	-3.67	-6
8200	5	5	5.26	-3.17	-641
8210	5	5	5.22	-3.33	-579
8220	5	5	5.18	-2.86	-80
8230	5	5	5.16	-3.14	-282
8240	5	5	5.14	-2.47	-705
8250	5	5	5.12	-2.43	-568
8260	5	5	5.1	-1.76	-329
8270	5	5	5.08	-1.98	-217
8280	5	5	5.06	-1.48	263
8290	5	5	5.06	-1.48	-640
8300	5	5	5.04	0.14	-425
8310	5	5	5.04	0	-314
8320	5	5	5.04	0	-666
8330	5	5	5.04	0	-715
8340	5	5	5.02	-0.68	-81
8350	5	5	5.02	-0.68	-449
8360	5	5	5	0	-102
8370	5	5	5.02	0	-835
8380	5	5	5	0	105
8390	5	5	5.02	0	-612
8400	5	5	5	0	-254
8410	5	5	5	0	6
8420	5	5	5	0	-110
8430	5	5	5.02	-0.14	-660
8440	5	5	5.02	-0.14	-711
8450	5	5	5	0	-171
8460	5	5	5	0	-160
8470	5	5	5	0	-228
8480	5	5	5	0	-212
8490	5	5	5	0	-254
8500	-4.99	-4.99	4.99	-19.63	-10990
8510	-4.99	-4.99	4.47	-75.49	-9233
8520	-4.99	-4.99	3.65	-89.22	-3158
8530	-4.99	-4.99	2.75	-89.22	-1738
8540	-4.99	-4.99	1.84	-81.77	-1503
8550	-4.99	-4.99	0.92	-89.22	-1394
8560	-4.99	-4.99	0.02	-89.22	-1341
8570	-4.99	-4.99	-0.9	-98.14	-1383
8580	-4.99	-4.99	-1.81	-89.22	-1414
8590	-4.99	-4.99	-2.71	-89.22	-1340
8600	-4.99	-4.99	-3.63	-81.77	-355
8610	-4.99	-4.99	-4.44	-57.72	5887
8620	-4.99	-4.99	-4.91	-32.71	4292
8630	-4.99	-4.99	-5.14	-16.63	1917
8640	-4.99	-4.99	-5.26	-8.38	1114
8650	-4.99	-4.99	-5.32	-5.28	592
8660	-4.99	-4.99	-5.34	0.14	626
8670	-4.99	-4.99	-5.32	0	566
8680	-4.99	-4.99	-5.3	1.11	316
8690	-4.99	-4.99	-5.26	3.3	-34
8700	-4.99	-4.99	-5.24	3.38	354
8710	-4.99	-4.99	-5.2	3.56	359
8720	-4.99	-4.99	-5.16	3.14	104
8730	-4.99	-4.99	-5.14	2.76	221
8740	-4.99	-4.99	-5.12	2.54	538
8750	-4.99	-4.99	-5.1	2.2	571
8760	-4.99	-4.99	-5.08	2.04	449
8770	-4.99	-4.99	-5.06	1.76	215
8780	-4.99	-4.99	-5.04	1.76	15
8790	-4.99	-4.99	-5.04	1.16	582
8800	-4.99	-4.99	-5.04	0	706
8810	-4.99	-4.99	-5.02	0.71	159
8820	-4.99	-4.99	-5	1.16	-491
8830	-4.99	-4.99	-5	0	-14
8840	-4.99	-4.99	-5	0	26
8850	-4.99	-4.99	-5	0	277
8860	-4.99	-4.99	-5	0	408
8870	-4.99	-4.99	-5	0.58	316
8880	-4.99	-4.99	-4.99	0.58	-214
8890	-4.99	-4.99	-4.99	0.58	-144
8900	-4.99	-4.99	-4.99	0.58	-35
8910	-4.99	-4.99	-4.99	0.49	-14
8920	-4.99	-4.99	-4.99	0.39	15
8930	-4.99	-4.99	-4.99	0.33	22
8940	-4.99	-4.99	-4.99	0	23
8950	-4.99	-4.99	-4.99	0	4
8960	-4.99	-4.99	-4.99	0	9
8970	-4.99	-4.99	-4.99	0	10
8980	-4.99	-4.99	-4.99	0	10
8990	-4.99	-4.99	-4.99	0	10
9000	5	5	-4.95	23.93	10689
9010	5	5	-4.4	81.77	8258
9020	5	5	-3.59	109.03	2551
9030	5	5	-2.65	98.14	1296
9040	5	5	-1.75	89.22	1110
9050	5	5	-0.86	98.14	1074
9060	5	5	0.08	89.22	1047
9070	5	5	0.96	98.14	1048
9080	5	5	1.86	89.22	1043
9090	5	5	2.77	98.14	1026
9100	5	5	3.69	89.22	39
9110	5	5	4.47	61.33	-5750
9120	5	5	4.93	29.74	-3472
9130	5	5	5.16	18.87	-1556
9140	5	5	5.28	9.63	-1416
9150	5	5	5.34	4.65	-556
9160	5	5	5.36	0	-99
9170	5	5	5.34	0	-499
9180	5	5	5.32	-1.13	-373
9190	5	5	5.28	-3.55	-38
9200	5	5	5.26	-3.16	-746
9210	5	5	5.22	-3.42	-215
9220	5	5	5.18	-2.94	-127
9230	5	5	5.16	-2.54	-410
9240	5	5	5.12	-2.36	4
9250	5	5	5.1	-1.79	77
9260	5	5	5.08	-1.93	167
9270	5	5	5.08	-1.51	-351
9280	5	5	5.06	-1.51	-312
9290	5	5	5.06	-1.19	-166
9300	5	5	5.06	-0.14	-853
9310	5	5	5.04	0	-301
9320	5	5	5.04	0	-658
9330	5	5	5.04	0	-703
9340	5	5	5.02	-0.64	-22
9350	5	5	5.02	-0.64	-446
9360	5	5	5.02	0	-436
9370	5	5	5	0	-264
9380	5	5	5	0	114
9390	5	5	5.02	0	-829
9400	5	5	5	0	22
9410	5	5	5	0	12
9420	5	5	5.02	0	-808
9430	5	5	5.02	0	-654
9440	5	5	5.02	0	-900
9450	5	5	5	0	-177
9460	5	5	5	0	-122
9470	5	5	5	0	-178
9480	5	5	5	0	-225
9490	5	5	5	0	-255
9500	5	5	5	0	-257
9510	-4.99	-4.99	4.99	-19.63	-10541
9520	-4.99	-4.99	4.47	-75.49	-9259
9530	-4.99	-4.99	3.65	-89.22	-3298
9540	-4.99	-4.99	2.75	-98.14	-1750
9550	-4.99	-4.99	1.84	-81.77	-1503
9560	-4.99	-4.99	0.92	-98.14	-1358
9570	-4.99	-4.99	0.02	-89.22	-1345
9580	-4.99	-4.99	-0.88	-109.03	-1389
9590	-4.99	-4.99	-1.81	-89.22	-1389
9600	-4.99	-4.99	-2.71	-89.22	-1351
9610	-4.99	-4.99	-3.63	-89.22	-570
9620	-4.99	-4.99	-4.44	-57.72	5581
9630	-4.99	-4.99	-4.91	-32.71	4082
9640	-4.99	-4.99	-5.14	-17.52	1779
9650	-4.99	-4.99	-5.28	-9.26	1334
9660	-4.99	-4.99	-5.32	-3.91	262
9670	-4.99	-4.99	-5.34	-2.36	571
9680	-4.99	-4.99	-5.32	0	190
9690	-4.99	-4.99	-5.32	1.1	946
9700	-4.99	-4.99	-5.26	3.71	72
9710	-4.99	-4.99	-5.24	3.45	496
9720	-4.99	-4.99	-5.2	3.55	465
9730	-4.99	-4.99	-5.16	3.09	-10
9740	-4.99	-4.99	-5.14	2.75	435
9750	-4.99	-4.99	-5.12	2.61	511
9760	-4.99	-4.99	-5.1	2.26	467
9770	-4.99	-4.99	-5.08	1.95	352
9780	-4.99	-4.99	-5.06	1.87	143
9790	-4.99	-4.99	-5.04	1.7	-31
9800	-4.99	-4.99	-5.04	1.19	539
9810	-4.99	-4.99	-5.04	0	699
9820	-4.99	-4.99	-5.02	0.71	110
9830	-4.99	-4.99	-5	1.11	-226
9840	-4.99	-4.99	-5	0	-64
9850	-4.99	-4.99	-5	0	138
9860	-4.99	-4.99	-5	0	256
9870	-4.99	-4.99	-5	0	394
9880	-4.99	-4.99	-5	0.47	41
9890	-4.99	-4.99	-4.99	0.47	-223
9900	-4.99	-4.99	-4.99	0.47	-171
9910	-4.99	-4.99	-4.99	0.47	-58
9920	-4.99	-4.99	-4.99	0.47	-16
9930	-4.99	-4.99	-4.99	0.39	-17
9940	-4.99	-4.99	-4.99	0.33	-3
9950	-4.99	-4.99	-4.99	0.28	24
9960	-4.99	-4.99	-4.99	0.25	-6
9970	-4.99	-4.99	-4.99	0	-14
9980	-4.99	-4.99	-4.99	0	-19
9990	-4.99	-4.99	-4.99	0	-14
10000	5	5	-4.95	24.53	10713
