0	0	0	0	0	-0.66
17	0	0	0	0	-0.66
30	0	0	0	0	-0.66
47	0	0	0	0	-0.66
60	0	0	0	0	-0.66
75	0	0	0	0	-0.66
92	0	0	0	0	-0.66
109	0	0	0	0	-0.66
124	0	0	0	0	-0.66
139	0	0	0	0	-0.66
152	0	0	0	0	-0.66
167	0	0	0	0	-0.66
182	0	0	0	0	-0.66
199	0	0	0	0	-0.66
214	0	0	0	0	-0.66
229	0	0	0	0	-0.66
244	0	0	0	0	-0.65
259	0	0	0	0.01	-0.65
274	0	0	0.01	0.52	-0.65
291	0	0	0.01	0	-0.65
307	0	0	0.01	0	-0.65
322	0	0	0.01	-0.71	-0.65
337	0	0	-0.01	-0.71	-0.65
352	0	0	0	0	-0.23
365	0	0	-0.01	0	-0.23
380	0	0	0	0	-0.23
393	0	0	-0.01	0	-0.23
408	0	0	0	0	-0.23
423	0	0	0	0	-0.23
440	0	0	0	0	-0.23
453	0	0	0	0	-0.17
466	0	0	0	0	-0.17
479	0	0	0	0	-0.17
492	0	0	0	0	-0.17
505	0	0	0	0	-0.17
518	0	0	0	0	-0.17
531	0	0	0	0	-0.17
546	0	0	0	0	-0.17
561	0	0	0	0	-0.17
576	0	0	0	0	-0.17
591	0	0	0	0	-0.17
608	0	0	0	0	-0.17
623	0	0	0	0	-0.17
638	0	0	0	0	-0.17
652	0	0	0	0	-0.17
665	0	0	0	0	-0.16
680	0	0	0	0	-0.16
693	0	0	0	0	-0.16
708	0	0	0	0	-0.16
721	0	0	0.01	0.02	-0.16
734	0	0	0.01	0.54	-0.16
749	0	0	0.01	0	-0.16
766	0	0	0.01	0	0.55
779	0	0	0.01	-0.32	0.55
796	0	0	0	0	0.55
810	0	0	0	0	0.55
825	0	0	0	0	0.55
838	0	0	0	0	0.55
852	0	0	0	0	0.55
867	0	0	0	0	0.53
882	0	0	0	0	0.53
895	0	0	0	0	0.53
910	0	0	0	0	0.53
923	0	0	0	0	0.53
936	0	0	0.01	0	0.53
953	0	0	0	0	0.53
966	0	0	0	0	0.53
979	0	0	0	0	0.7
992	0	0	0	0	0.7
1005	0	0	0	0	0.7
1018	0	0	0	0	0.7
1033	0	0	0	0	0.7
1048	0	0	0	0	0.7
1068	0	0	0	0	0.7
1083	0	0	0	0	0.7
1098	0	0	0	0	0.7
1111	0	0	0	0	0.7
1124	0	0	0	0	0.7
1137	0	0	0	0	0.7
1150	0	0	0	0	0.7
1163	0	0	0	0	0.7
1178	0	0	0	0	0.7
1193	0	0	0	0	0.7
1206	0	0	0	0	0.7
1221	0	0	0	0	0.7
1236	0	0	0	0	0.7
1251	0	0	0	0	0.7
1267	0	0	0	0	0.7
1280	0	0	0	0	0.7
1295	0	0	0	0	0.7
1308	0	0	0	0	0.7
1321	0	0	0	0	0.7
1336	0	0	0	0	0.7
1349	0	0	0	0	0.7
1364	0	0	0	0	0.7
1382	0	0	0	0	0.7
1397	0	0	0	0	0.7
1412	0	0	0	0	0.7
1427	0	0	0	0	0.7
1440	0	0	0	0	0.7
1455	0	0	0	0	0.7
1468	0	0	0	0	0.7
1483	0	0	0	0	0.7
1496	0	0	0	0	0.7
1513	0	0	0	0	0.7
1526	0	0	0	0	0.7
1541	0	0	0	0	0.7
1558	0	0	0	0	0.7
1571	0	0	0	0	0.7
1584	0	0	0	0	0.7
1599	0	0	0	0	0.7
1616	0	0	0	0	0.7
1631	0	0	0	0	0.7
1646	0	0	0	0	0.7
1661	0	0	0	0	0.7
1674	0	0	0	0	0.7
1689	0	0	0	0	0.7
1702	0	0	0	0	0.7
1717	0	0	0	0	0.7
1732	0	0	0	0	0.7
1745	0	0	0	0	0.7
1760	0	0	0	0	0.7
1773	0	0	0	0	0.7
1790	0	0	0	0	0.7
1805	0	0	0	0	0.7
1820	0	0	0	0	0.7
1835	0	0	0	0	0.7
1848	0	0	0	0	0.7
1867	0	0	0	0	0.7
1880	0	0	0	0	0.7
1894	0	0	0	0	0.7
1909	0	0	0	0	0.7
1923	0	0	0	0	0.7
1936	0	0	0	0	0.7
1953	0	0	0	0	0.7
1970	0	0	0	0	0.7
1983	0	0	0	0	0.7
2001	0	0	0	0	0.7
2015	0	0	0	0	0.7
2028	0	0	0	0	0.7
2041	0	0	0	0	0.7
2058	0	0	0	0	0.7
2071	0	0	0	0	0.7
2084	0	0	0	0	0.7
2097	0	0	0	0	0.7
2112	0	0	0	0	0.7
2127	0	0	0	0	0.7
2140	0	0	0	0	0.7
2154	0	0	0	0	0.7
2167	0	0	0	0	0.7
2185	0	0	0	0	0.7
2201	0	0	0	0	0.7
2216	0	0	0	0	0.7
2231	0	0	0	0	0.7
2246	0	0	0	0	0.7
2260	0	0	0	0	0.7
2273	0	0	0	0	0.7
2288	0	0	0	0	0.7
2301	0	0	0	0	0.7
2316	0	0	0	0	0.7
2329	0	0	0	0	0.7
2342	0	0	0	0	0.7
2355	0	0	0	0	0.7
2370	0	0	0	0	0.7
2383	0	0	0	0	0.7
2396	0	0	0	0	0.7
2410	0	0	0	0	0.7
2423	0	0	0	0	0.7
2438	0	0	0	0	0.7
2451	0	0	0	0	0.7
2464	0	0	0	0	0.7
2477	0	0	0	0	0.7
2492	0	0	0	0	0.7
2509	0	0	0	0	0.7
2522	0	0	0	0	0.7
2537	0	0	0	0	0.7
2550	0	0	0	0	0.7
2565	0	0	0	0	0.7
2578	0	0	0	0	0.7
2593	0	0	0	0	0.7
2608	0	0	0	0	0.7
2625	0	0	0	0	0.7
2642	0	0	0	0	0.7
2655	0	0	0	0	0.7
2668	0	0	0	0	0.7
2681	0	0	0	0	0.7
2696	0	0	0	0	0.7
2711	0	0	0	0	0.7
2724	0	0	0	0.04	0.7
2737	0	0	0.01	0	0.7
2754	0	0	0.01	0	0.7
2769	0	0	0.01	0	0.7
2784	0	0	0	0	0.7
2799	0	0	0	0	0.7
2814	0	0	0	0	0.7
2829	0	0	0	0	1.03
2844	0	0	0	0	1.03
2857	0	0	0	0	1.03
2872	0	0	0	0	1.03
2885	0	0	0	0	1.03
2900	0	0	0	0	1.03
2915	0	0	0	0	1.03
2932	0	0	0	0	1.03
2951	0	0	0	0	1.03
2964	0	0	0	0	1.03
2981	0	0	0	0	1.03
2996	0	0	0	0	1.03
3013	0	0	0	0	1.03
3026	0	0	0	0	1.03
3041	0	0	0	0	1.03
3054	0	0	0	0	1.03
3069	0	0	0	0	1.03
3082	0	0	0	0	1.03
3095	0	0	0	0	1.03
3108	0	0	0	0	1.03
3121	0	0	0	0	1.03
3136	0	0	0	0	1.03
3151	0	0	0	0	1.03
3168	0	0	0	0	1.03
3183	0	0	0	0	1.03
3196	0	0	0	0	1.03
3209	0	0	0	0	1.03
3224	0	0	0	0	1.03
3237	0	0	0	0	1.04
3254	0	0	0	0	1.04
3267	0	0	0	0	1.04
3284	0	0	0	0	1.04
3297	0	0	0	0	1.04
3314	0	0	0	0	1.04
3327	0	0	0	0	1.04
3340	0	0	0	0	1.03
3353	0	0	0	0	1.03
3366	0	0	0	0	1.03
3379	0	0	0	0	1.03
3392	0	0	0	0	1.03
3405	0	0	0	0	1.03
3420	0	0	0	0	1.03
3433	0	0	0	0	1.03
3446	0	0	0	0	1.03
3459	0	0	0	0	1.03
3472	0	0	0	0	1.03
3485	0	0	0	0	1.03
3498	0	0	0	0	1.03
3511	0	0	0	0	1.03
3524	0	0	0	0	1.03
3537	0	0	0	0	1.03
3550	0	0	0	0	1.03
3563	0	0	0	0	1.03
3576	0	0	0	0	1.03
3589	0	0	0	0	1.03
3602	0	0	0	0	1.03
3615	0	0	0	0	1.03
3628	0	0	0	0	1.03
3641	0	0	0	0	1.03
3654	0	0	0	0	1.04
3667	0	0	0	0	1.04
3680	0	0	0	0	1.04
3693	0	0	0	0	1.04
3706	0	0	0	0	1.04
3719	0	0	0	0	1.04
3732	0	0	0	0	1.04
3745	0	0	0	0	1.04
3758	0	0	0	0	1.03
3773	0	0	0	0	1.03
3788	0	0	0	0	1.03
3804	0	0	0	0	1.03
3818	0	0	0	0	1.03
3831	0	0	0	0	1.03
3849	0	0	0	0	1.03
3864	0	0	0	0	1.03
3879	0	0	0	0	1.03
3894	0	0	0	0	1.03
3913	0	0	0	0	1.03
3928	0	0	0	0	1.03
3942	0	0	0	0	1.03
3955	0	0	0	0	1.03
3974	0	0	0	0	1.03
3989	0	0	0	0	1.03
4004	0	0	0	0	1.03
4017	0	0	0	0	1.03
4034	0	0	0	0	1.03
4051	0	0	0	0	1.03
4066	0	0	0	0	1.03
4079	0	0	0	0	1.03
4094	0	0	0	0	1.03
4107	0	0	0	0	1.03
4120	0	0	0	0	1.03
4135	0	0	0	0	1.03
4150	0	0	0	0	1.03
4169	0	0	0	0	1.03
4181	0	0	0	0	1.03
4194	0	0	0	0	1.03
4207	0	0	0	0	1.03
4222	0	0	0	0	1.03
4238	0	0	0	0	1.03
4250	0	0	0	0	1.03
4263	0	0	0	0	1.03
4278	0	0	0	0	1.03
4290	0	0	0	0	1.03
4307	0	0	0	0	1.03
4324	0	0	0	0	1.03
4337	0	0	0	0	1.03
4352	0	0	0	0	1.03
4365	0	0	0	0	1.03
4382	0	0	0	0	1.03
4395	0	0	0	0	1.03
4410	0	0	0	0	1.03
4423	0	0	0	0	1.03
4438	0	0	0	0	1.03
4457	0	0	0	0	1.03
4472	0	0	0	0	1.03
4485	0	0	0	0	1.03
4498	0	0	0	0	1.03
4511	0	0	0	0	1.03
4524	0	0	0	0	1.03
4537	0	0	0	0	1.03
4550	0	0	0	0	1.03
4563	0	0	0	0	1.03
4576	0	0	0	0	1.03
4589	0	0	0	0	1.03
4602	0	0	0	0	1.03
4617	0	0	0	0	1.03
4630	0	0	0	0	1.03
4649	0	0	0	0	1.03
4662	0	0	0	0	1.03
4677	0	0	0	0	1.03
4690	0	0	0	0	1.03
4703	0	0	0	0	1.03
4716	0	0	0	0	1.03
4729	0	0	0	0	1.03
4745	0	0	0	0	1.03
4758	0	0	0	0	1.03
4771	0	0	0	0	1.03
4784	0	0	0	0	1.03
4799	0	0	0	0	1.03
4814	0	0	0	0	1.03
4827	0	0	0	0	1.03
4845	0	0	0	0	1.03
4858	0	0	0	0	1.03
4873	0	0	0	0	1.03
4890	0	0	0	0	1.03
4905	0	0	0	0	1.03
4918	0	0	0	0	1.03
4934	0	0	0	0	1.03
4946	0	0	0	0	1.03
4960	0	0	0	0	1.03
4972	0	0	0	0	1.03
4985	0	0	0	0	1.03
4998	0	0	0	0	1.03
5011	0	0	0	0	1.03
5028	0	0	0	0	1.03
5045	0	0	0	0	1.03
5060	0	0	0	0	1.03
5073	0	0	0	0	1.03
5087	0	0	0	0	1.03
5100	0	0	0	0	1.03
5113	0	0	0	0	1.03
5129	0	0	0	0	1.03
5144	0	0	0	0	1.03
5157	0	0	0	0	1.03
5170	0	0	0	0	1.03
5187	0	0	0	0	1.03
5204	0	0	0	0	1.03
5217	0	0	0	0	1.03
5232	0	0	0	0	1.03
5246	0	0	0	0	1.03
5263	0	0	0	0	1.03
5278	0	0	0	0	1.03
5295	0	0	0	0	1.03
5310	0	0	0	0	1.03
5325	0	0	0	0	1.03
5340	0	0	0	0	1.03
5355	0	0	0	0	1.03
5370	0	0	0	0	1.03
5383	0	0	0	0	1.03
5398	0	0	0	0	1.03
5413	0	0	0	0	1.03
5428	0	0	0	0	1.03
5441	0	0	0	0	1.03
5456	0	0	0	0	1.03
5475	0	0	0	0	1.03
5490	0	0	0	0	1.03
5503	0	0	0	0	1.03
5518	0	0	0	0	1.03
5531	0	0	0	0	1.03
5546	0	0	0	0	1.03
5559	0	0	0	0	1.03
5572	0	0	0	0	1.03
5587	0	0	0	0	1.03
5600	0	0	0	0	1.03
5615	0	0	0	0	1.03
5628	0	0	0	0	1.03
5641	0	0	0	0	1.03
5656	0	0	0	0	1.03
5671	0	0	0	0	1.03
5688	0	0	0	0	1.03
5701	0	0	0	0	1.03
5714	0	0	0	0	1.03
5727	0	0	0	0	1.03
5742	0	0	0	0	1.03
5755	0	0	0	0	1.03
5768	0	0	0	0	1.03
5781	0	0	0	0	1.03
5794	0	0	0	0	1.03
5809	0	0	0	0	1.03
5822	0	0	0	0	1.03
5835	0	0	0	0	1.03
5848	0	0	0	0	1.03
5861	0	0	0	0	1.03
5874	0	0	0	0	1.03
5887	0	0	0	0	1.03
5900	0	0	0	0	1.03
5913	0	0	0	0	1.03
5930	0	0	0	0	1.03
5943	0	0	0	0	1.03
5956	0	0	0	0	1.03
5969	0	0	0	0	1.03
5982	0	0	0	0	1.03
5995	0	0	0	0	1.03
6008	0	0	0	0	1.03
6021	0	0	0	0	1.03
6034	0	0	0	0	1.03
6047	0	0	0	0	1.03
6064	0	0	0	0	1.03
6077	0	0	0	0	1.03
6096	0	0	0	0	1.03
6109	0	0	0	0	1.03
6122	0	0	0	0	1.03
6135	0	0	0	0	1.03
6148	0	0	0	0	1.03
6165	0	0	0	0	1.03
6178	0	0	0	0	1.03
6191	0	0	0	0	1.03
6208	0	0	0	0	1.03
6221	0	0	0	0	1.03
6234	0	0	0	0	1.03
6250	0	0	0	0	1.03
6263	0	0	0	0	1.03
6278	0	0	0	0	1.03
6291	0	0	0	0	1.03
6304	0	0	0	0	1.03
6317	0	0	0	0	1.03
6330	0	0	0	0	1.03
6343	0	0	0	0	1.03
6356	0	0	0	0	1.03
6369	0	0	0	0	1.03
6384	0	0	0	0	1.03
6397	0	0	0	0	1.03
6410	0	0	0	0	1.03
6427	0	0	0	0	1.03
6440	0	0	0	0	1.03
6455	0	0	0	0	1.03
6470	0	0	0	0	1.03
6485	0	0	0	0	1.03
6498	0	0	0	0	1.03
6513	0	0	0	0	1.03
6526	0	0	0	0	1.03
6539	0	0	0	0	1.03
6552	0	0	0	0	1.03
6565	0	0	0	0	1.03
6580	0	0	0	0	1.03
6595	0	0	0	0	1.03
6612	0	0	0	0	1.03
6625	0	0	0	0	1.03
6640	0	0	0	0	1.03
6656	0	0	0	0	1.03
6673	0	0	0	0	1.03
6688	0	0	0	0	1.03
6701	0	0	0	0	1.03
6714	0	0	0	0	1.03
6727	0	0	0	0	1.03
6740	0	0	0	0	1.03
6753	0	0	0	0	1.03
6768	0	0	0	0	1.03
6781	0	0	0	0	1.03
6794	0	0	0	0	1.03
6811	0	0	0	0	1.03
6826	0	0	0	0	1.03
6843	0	0	0	0	1.03
6856	0	0	0	0	1.03
6873	0	0	0	0	1.03
6886	0	0	0	0	1.03
6899	0	0	0	0	1.03
6912	0	0	0	0	1.03
6925	0	0	0	0	1.03
6938	0	0	0	0	1.03
6953	0	0	0	0	1.03
6966	0	0	0	0	1.03
6981	0	0	0	0	1.03
6996	0	0	0	0	1.03
7009	0	0	0	0	1.03
7024	0	0	0	0	1.03
7037	0	0	0	0	1.03
7050	0	0	0	0	1.03
7063	0	0	0	0	1.03
7076	0	0	0	0	1.03
7089	0	0	0	0	1.03
7102	0	0	0	0	1.03
7115	0	0	0	0	1.03
7128	0	0	0	0	1.03
7141	0	0	0	0	1.03
7154	0	0	0	0	1.03
7167	0	0	0	0	1.03
7180	0	0	0	0	1.03
7194	0	0	0	0	1.03
7207	0	0	0	0	1.03
7220	0	0	0	0	1.03
7237	0	0	0	0	1.03
7252	0	0	0	0	1.03
7265	0	0	0	0	1.03
7280	0	0	0	0	1.03
7293	0	0	0	0	1.03
7308	0	0	0	0	1.03
7321	0	0	0	0	1.03
7334	0	0	0	0	1.03
7349	0	0	0	0	1.03
7362	0	0	0	0	1.03
7375	0	0	0	0	1.03
7388	0	0	0	0	1.03
7401	0	0	0	0	1.03
7414	0	0	0	0	1.03
7427	0	0	0	0	1.03
7442	0	0	0	0	1.03
7455	0	0	0	0	1.03
7468	0	0	0	0	1.03
7482	0	0	0	0	1.03
7494	0	0	0	0	1.03
7507	0	0	0	0	1.03
7522	0	0	0	0	1.03
7535	0	0	0	0	1.03
7548	0	0	0	0	1.03
7563	0	0	0	0	1.03
7576	0	0	0	0	1.03
7592	0	0	0	0	1.03
7605	0	0	0	0	1.03
7618	0	0	0	0	1.03
7631	0	0	0	0	1.03
7644	0	0	0	0	1.03
7661	0	0	0	0	1.03
7676	0	0	0	0	1.03
7691	0	0	0	0	1.03
7704	0	0	0	0	1.03
7722	0	0	0	0	1.03
7739	0	0	0	0	1.03
7752	0	0	0	0	1.03
7765	0	0	0	0	1.03
7778	0	0	0	0	1.03
7791	0	0	0	0	1.03
7807	0	0	0	0	1.03
7819	0	0	0	0	1.03
7832	0	0	0	0	1.03
7847	0	0	0	0	1.03
7860	0	0	0	0	1.03
7875	0	0	0	0	1.03
7892	0	0	0	0	1.03
7910	0	0	0.01	0	1.16
7927	0	0	0.01	0	1.16
7943	0	0	0.01	0	1.16
7955	0	0	0.01	0	1.16
7968	0	0	0.01	0	1.16
7983	0	0	0.01	0	1.16
7996	0	0	0.01	0	1.16
8012	0	0	0.01	0	1.91
8029	0	0	0.01	0	1.91
8046	0	0	0.01	0	1.91
8059	0	0	0.01	0	1.91
8076	0	0	0.01	0	1.91
8093	0	0	0.01	0	1.91
8113	0	0	0.01	0	1.91
8128	0	0	0.01	0	2.65
8145	0	0	0.01	0	2.65
8158	0	0	0.01	0	2.65
8173	0	0	0.01	0	2.65
8190	0	0	0	0	2.65
8205	0	0	0	0	2.65
8220	0	0	0	0	2.65
8235	0	0	0	0	2.87
8252	0	0	0	0	2.87
8266	0	0	0	0	2.87
8281	0	0	0	0	2.87
8298	0	0	0	0	2.87
8311	0	0	0	0	2.87
8326	0	0	0	0	2.87
8341	0	0	0	0	2.87
8356	0	0	0	0	2.87
8373	0	0	0	0	2.87
8386	0	0	0	0	2.87
8401	0	0	0	0	2.87
8414	0	0	0	0	2.87
8429	0	0	0	0	2.87
8442	0	0	0	0	2.87
8455	0	0	0	0	2.87
8472	0	0	0	0	2.87
8488	0	0	0	0	2.87
8503	0	0	0	0	2.87
8518	0	0	0	0	2.87
8531	0	0	0	0	2.87
8544	0	0	0	0	2.87
8559	0	0	0	0	2.87
8574	0	0	0	0	2.87
8589	0	0	0	0	2.87
8602	0	0	0	0	2.87
8616	0	0	0	0	2.87
8628	0	0	0	0	2.87
8648	0	0	0	0	2.87
8661	0	0	0	0	2.87
8674	0	0	0	0	2.87
8687	0	0	0	0	2.87
8702	0	0	0	0	2.87
8717	0	0	0	0	2.87
8730	0	0	0	0	2.87
8743	0	0	0	0	2.87
8756	0	0	0	0	2.87
8769	0	0	0	0	2.87
8782	0	0	0	0	2.87
8795	0	0	0	0	2.87
8810	0	0	0	0	2.87
8823	0	0	0	0	2.87
8836	0	0	0	0	2.87
8850	0	0	0	0	2.87
8863	0	0	0	0	2.87
8879	0	0	0	0	2.87
8891	0	0	0	0	2.87
8907	0	0	0	0	2.87
8919	0	0	0	0	2.87
8932	0	0	0	0	2.87
8948	0	0	0	0	2.87
8961	0	0	0	0	2.87
8976	0	0	0	0	2.87
8989	0	0	0	0	2.87
9002	0	0	0	0	2.87
9015	0	0	0	0	2.87
9030	0	0	0	0	2.87
9046	0	0	0	0	2.87
9059	0	0	0	0	2.87
9072	0	0	0	0	2.87
9090	0	0	0	0	2.87
9103	0	0	0	0	2.87
9120	0	0	0	0	2.87
9133	0	0	0	0	2.87
9148	0	0	0	0	2.87
9161	0	0	0	0	2.87
9174	0	0	0	0	2.87
9189	0	0	0	0	2.87
9202	0	0	0	0	2.87
9217	0	0	0	0	2.87
9232	0	0	0	0	2.87
9245	0	0	0	0	2.87
9258	0	0	0	0	2.87
9271	0	0	0	0	2.87
9288	0	0	0	0	2.87
9301	0	0	0	0	2.87
9316	0	0	0	0	2.87
9329	0	0	0	0	2.87
9344	0	0	0	0	2.87
9357	0	0	0	0	2.87
9372	0	0	0	0	2.87
9385	0	0	0	0	2.87
9400	0	0	0	0	2.87
9417	0	0	0	0	2.87
9430	0	0	0	0	2.87
9443	0	0	0	0	2.87
9458	0	0	0	0	2.87
9472	0	0	0	0	2.87
9485	0	0	0	0	2.87
9498	0	0	0	0	2.87
9511	0	0	0	0	2.87
9526	0	0	0	0	2.87
9543	0	0	0	0	2.87
9556	0	0	0	0	2.87
9569	0	0	0	0	2.87
9585	0	0	0	0	2.87
9600	0	0	0	0	2.87
9615	0	0	0	0	2.87
9628	0	0	0	0	2.87
9641	0	0	0	0	2.87
9656	0	0	0	0	2.87
9669	0	0	0	0	2.87
9682	0	0	0	0	2.87
9695	0	0	0	0	2.87
9708	0	0	0	0	2.87
9721	0	0	0	0	2.87
9734	0	0	0	0	2.87
9747	0	0	0	0	2.87
9762	0	0	0	0	2.87
9775	0	0	0	0	2.87
9788	0	0	0	0	2.87
9801	0	0	0	0	2.87
9816	0	0	0	0	2.87
9829	0	0	0	0	2.87
9842	0	0	0	0	2.87
9855	0	0	0	0	2.87
9870	0	0	0	0	2.87
9883	0	0	0	0	2.87
9896	0	0	0	0	2.87
9909	0	0	0	0	2.87
9922	0	0	0	0	2.87
9935	0	0	0	0	2.87
9950	0	0	0	0	2.87
9965	0	0	0	0	2.87
9980	0	0	0	0	2.87
9993	0	0	0	0	2.87
10008	0	0	0	0	2.87
10021	0	0	0	0	2.87
10036	0	0	0	0	2.87
10051	0	0	0	0	2.87
10064	0	0	0	0	2.87
10077	0	0	0	0	2.87
10090	0	0	0	0	2.87
10103	0	0	0	0	2.87
10118	0	0	0	0	2.87
10133	0	0	0	0	2.87
10146	0	0	0	0	2.87
10159	0	0	0	0	2.87
10174	0	0	0	0	2.87
10187	0	0	0	0	2.87
10200	0	0	0	0	2.87
10213	0	0	0	0	2.87
10226	0	0	0	0	2.87
10239	0	0	0	0	2.87
10252	0	0	0	0	2.87
10267	0	0	0	0	2.87
10280	0	0	0	0	2.87
10295	0	0	0	0	2.87
10310	0	0	0	0	2.87
10324	0	0	0	0	2.87
10339	0	0	0	0	2.87
10352	0	0	0	0	2.87
10365	0	0	0	0	2.87
10380	0	0	0	0	2.87
10395	0	0	0	0	2.87
10408	0	0	0	0	2.87
10423	0	0	0	0	2.87
10441	0	0	0	0	2.87
10456	0	0	0	0	2.87
10471	0	0	0	0	2.87
10488	0	0	0	0	2.87
10503	0	0	0	0	2.87
10516	0	0	0	0	2.87
10533	0	0	0	0	2.87
10550	0	0	0	0	2.87
10565	0	0	0	0	2.87
10580	0	0	0	0	2.87
10593	0	0	0	0	2.87
10608	0	0	0	0	2.87
10623	0	0	0	0	2.87
10638	0	0	0	0	2.87
10655	0	0	0	0	2.87
10668	0	0	0	0	2.87
10685	0	0	0	0	2.87
10698	0	0	0	0	2.87
10713	0	0	0	0	2.87
10728	0	0	0	0	2.87
10741	0	0	0	0	2.87
10758	0	0	0	0	2.87
10775	0	0	0	0	2.87
10792	0	0	0	0	2.87
10807	0	0	0	0	2.87
10820	0	0	0	0	2.87
10835	0	0	0	0	2.87
10850	0	0	0	0	2.87
10863	0	0	0	0	2.87
10876	0	0	0	0	2.87
10891	0	0	0	0	2.87
10906	0	0	0	0	2.87
10919	0	0	-0.01	-0.53	2.87
10934	0	0	-0.01	0	2.18
10947	0	0	-0.01	0	2.18
10960	0	0	-0.01	0	2.18
10975	0	0	-0.01	0	2.18
10988	0	0	-0.01	0	2.18
11001	0	0	-0.01	0	2.18
11014	0	0	-0.01	0	2.18
11029	0	0	-0.01	0	2.18
11042	0	0	-0.01	0	1.51
11055	0	0	-0.01	0	1.51
11070	0	0	-0.01	0	1.51
11087	0	0	-0.01	0	1.51
11100	0	0	-0.01	0	1.51
11113	0	0	-0.01	0	1.51
11126	0	0	0	0.04	1.51
11139	0	0	0	0.04	1.06
11152	0	0	0	0.04	1.06
11169	0	0	0	0.04	1.06
11182	0	0	0	0.04	1.06
11195	0	0	0	0.04	1.06
11208	0	0	0	0.04	1.06
11223	0	0	0	0.04	1.06
11238	0	0	0	0.04	1.06
11251	0	0	0	0.04	1.07
11264	0	0	0	0.04	1.07
11277	0	0	0	0.04	1.07
11290	0	0	0	0.03	1.07
11303	0	0	0	0.03	1.07
11318	0	0	0	0.03	1.07
11331	0	0	0	0.03	1.07
11346	0	0	0	0.03	1.07
11359	0	0	0	0.02	1.07
11372	0	0	0	0.02	1.07
11389	0	0	0	0.02	1.07
11402	0	0	0	0.02	1.07
11415	0	0	0	0.02	1.07
11428	0	0	0	0.02	1.07
11441	0	0	0	0	1.07
11454	0	0	0	0	1.06
11467	0	0	0	0	1.06
11480	0	0	0	0	1.06
11493	0	0	0	0	1.06
11506	0	0	0	0	1.06
11522	0	0	0	0	1.06
11537	0	0	0	0	1.06
11552	0	0	0	0	1.06
11567	0	0	0	0	1.06
11580	0	0	0	0	1.06
11595	0	0	0	0	1.06
11608	0	0	0	0	1.06
11621	0	0	0	0	1.06
11634	0	0	0	0	1.06
11647	0	0	0	0	1.06
11662	0	0	0	0	1.06
11678	0	0	0	0	1.06
11691	0	0	0	0	1.06
11704	0	0	0	0	1.06
11719	0	0	0	0	1.06
11732	0	0	0	0	1.06
11747	0	0	0	0	1.06
11762	0	0	0	0	1.06
11776	0	0	0	0	1.06
11789	0	0	0	0	1.06
11802	0	0	0	0	1.06
11819	0	0	0	0	1.06
11834	0	0	0	0	1.06
11847	0	0	0	0	1.06
11862	0	0	0	0	1.06
11875	0	0	0	0	1.06
11892	0	0	0	0	1.06
11907	0	0	0	0	1.06
11920	0	0	0	0	1.06
11933	0	0	0	0	1.06
11946	0	0	0	0	1.06
11959	0	0	0	0	1.06
11973	0	0	0	0	1.06
11987	0	0	0	0	1.06
12002	0	0	0	0	1.06
12015	0	0	0	0	1.06
12028	0	0	0	0	1.06
12041	0	0	0	0	1.06
12054	0	0	0	0	1.06
12071	0	0	0	0	1.06
12086	0	0	0	0	1.06
12101	0	0	0	0	1.06
12114	0	0	0	0	1.06
12127	0	0	0	0	1.06
12140	0	0	0	0	1.06
12153	0	0	0	0	1.06
12168	0	0	0	0	1.06
12186	0	0	0	0	1.06
12201	0	0	0	0	1.06
12214	0	0	0	0	1.06
12227	0	0	0	0	1.06
12241	0	0	0	0	1.06
12256	0	0	0	0	1.06
12269	0	0	0	0	1.06
12282	0	0	0	0	1.06
12295	0	0	0	0	1.06
12308	0	0	0	0	1.06
12323	0	0	0	0	1.06
12336	0	0	0	0	1.06
12353	0	0	0	0	1.06
12368	0	0	0	0	1.06
12381	0	0	0	0	1.06
12398	0	0	0	0	1.06
12411	0	0	0	0	1.06
12424	0	0	0	0	1.06
12437	0	0	0	0	1.06
12450	0	0	0	0	1.06
12465	0	0	0	0	1.06
12482	0	0	0	0	1.06
12497	0	0	0	0	1.06
12512	0	0	0	0	1.06
12527	0	0	0	0	1.06
12542	0	0	0	0	1.06
12555	0	0	0	0	1.06
12570	0	0	0	0	1.06
12585	0	0	0	0	1.06
12602	0	0	0	0	1.06
12617	0	0	0	0	1.06
12630	0	0	0	0	1.06
12643	0	0	0	0	1.06
12656	0	0	0	0	1.06
12669	0	0	0	0	1.06
12685	0	0	0	0	1.06
12698	0	0	0	0	1.06
12712	0	0	0	0	1.06
12727	0	0	0	0	1.06
12740	0	0	0	0	1.06
12753	0	0	0	0	1.06
12766	0	0	0	0	1.06
12781	0	0	0	0	1.06
12795	0	0	0	0	1.06
12808	0	0	0	0	1.06
12821	0	0	0	0	1.06
12837	0	0	0	0	1.06
12850	0	0	0	0	1.06
12865	0	0	0	0	1.06
12878	0	0	0	0	1.06
12895	0	0	0	0	1.06
12908	0	0	0	0	1.06
12921	0	0	0	0	1.06
12934	0	0	0	0	1.06
12947	0	0	0	0	1.06
12960	0	0	0	0	1.06
12973	0	0	0	0	1.06
12987	0	0	0	0	1.06
13002	0	0	0	0	1.06
13018	0	0	0	0	1.06
13031	0	0	0	0	1.06
13044	0	0	0	0	1.06
13057	0	0	0	0	1.06
13070	0	0	0	0	1.06
13085	0	0	0	0	1.06
13100	0	0	0	0	1.06
13117	0	0	0	0	1.06
13130	0	0	0	0	1.06
13143	0	0	0	0	1.06
13156	0	0	0	0	1.06
13171	0	0	0	0	1.06
13185	0	0	0	0	1.06
13200	0	0	0	0	1.06
13213	0	0	0	0	1.06
13227	0	0	0	0	1.06
13240	0	0	0	0	1.06
13253	0	0	0	0	1.06
13268	0	0	0	0	1.06
13283	0	0	0	0	1.06
13298	0	0	0	0	1.06
13313	0	0	0	0	1.06
13326	0	0	0	0	1.06
13341	0	0	0	0	1.06
13356	0	0	0	0	1.06
13369	0	0	0	0	1.06
13384	0	0	0	0	1.06
13399	0	0	0	0	1.06
13413	0	0	0	0	1.06
13428	0	0	0	0	1.06
13445	-1.76	0	0	0	1.06
13460	-1.76	0	0	0	1.06
13477	1.72	-0.0228937728937729	-0.01	0	1.06
13494	1.72	-0.0686813186813187	-0.02	-3.97	1.06
13513	1.72	-0.120192307692308	-0.11	-4.69	1.06
13526	1.72	-0.131639194139194	-0.17	-1.62	0.41
13542	1.72	-0.114468864468864	-0.16	2.86	0.41
13555	1.72	-0.0801282051282051	-0.12	4.4	0.41
13573	1.72	-0.0114468864468864	-0.04	6.09	0.41
13586	1.72	0.0744047619047619	0.05	7.34	0.41
13603	1.72	0.17742673992674	0.16	8.42	0.41
13619	1.72	0.37202380952381	0.33	10.6	0.41
13632	1.72	0.520833333333333	0.48	11.92	-0.16
13651	1.72	0.715430402930403	0.68	13.63	-0.16
13664	1.72	0.938644688644689	0.9	13.01	-0.16
13678	1.72	1.11034798534799	1.12	12.44	-0.16
13691	1.72	1.25915750915751	1.23	9.87	-0.16
13708	1.72	1.37934981684982	1.33	6.98	-0.16
13723	-1.76	1.51671245421245	1.5	6.36	-0.16
13741	-1.76	1.61973443223443	1.6	5.02	0.46
13758	-1.76	1.67696886446886	1.67	3.37	0.46
13773	-1.76	1.71130952380952	1.72	1.39	0.46
13786	-1.76	1.71703296703297	1.72	0	0.46
13800	-1.76	1.69413919413919	1.71	0	0.46
13815	-1.76	1.65407509157509	1.7	-3.37	0.46
13830	-1.76	1.58539377289377	1.63	-6.65	0.46
13843	-1.76	1.48809523809524	1.5	-8.18	1.85
13856	-1.76	1.3907967032967	1.42	-9.54	1.85
13874	-1.76	1.24198717948718	1.26	-10.22	1.85
13887	-1.76	1.07028388278388	1.13	-11.01	1.85
13904	-1.76	0.875686813186813	0.93	-14.31	1.85
13919	-1.76	0.681089743589744	0.73	-14.31	1.85
13934	-1.76	0.480769230769231	0.5	-13.63	1.85
13949	-1.76	0.286172161172161	0.29	-11.92	1.36
13962	-1.76	0.0972985347985348	0.14	-13.01	1.36
13977	1.72	-0.0744047619047619	-0.06	-12.44	1.36
13990	1.72	-0.263278388278388	-0.21	-13.01	1.36
14009	1.72	-0.434981684981685	-0.42	-11.01	1.36
14022	1.72	-0.606684981684982	-0.59	-8.42	1.36
14039	1.72	-0.70970695970696	-0.72	-6.36	1.36
14052	1.72	-0.812728937728938	-0.8	-4.47	1.07
14065	1.72	-0.875686813186813	-0.86	-3.67	1.07
14078	1.72	-0.910027472527472	-0.89	-2.81	1.07
14091	1.72	-0.927197802197802	-0.93	-1.4	1.07
14104	1.72	-0.932921245421245	-0.94	0	1.07
14117	1.72	-0.915750915750916	-0.93	0.43	1.07
14130	1.72	-0.875686813186813	-0.9	3.08	1.07
14143	1.72	-0.818452380952381	-0.86	5.72	1.07
14156	1.72	-0.738324175824176	-0.76	7.73	-0.28
14169	1.72	-0.646749084249084	-0.68	8.94	-0.28
14182	1.72	-0.53228021978022	-0.55	9.54	-0.28
14195	1.72	-0.389194139194139	-0.4	10.6	-0.28
14208	1.72	-0.240384615384615	-0.29	13.01	-0.28
14221	-1.76	-0.0686813186813187	-0.1	13.63	-0.28
14234	-1.76	0.0915750915750916	0.1	13.63	-0.28
14247	-1.76	0.228937728937729	0.22	10.6	-0.28
14260	-1.76	0.35485347985348	0.37	7.15	1.05
14273	-1.76	0.457875457875458	0.43	5.3	1.05
14286	-1.76	0.543727106227106	0.52	4.94	1.05
14299	-1.76	0.606684981684982	0.59	4.62	1.05
14312	-1.76	0.652472527472527	0.63	3.58	1.05
14325	-1.76	0.6753663003663	0.68	1.88	1.05
14338	-1.76	0.681089743589744	0.69	0.66	1.05
14351	-1.76	0.663919413919414	0.69	-0.68	1.05
14364	-1.76	0.629578754578755	0.66	-2.89	1.63
14379	-1.76	0.578067765567766	0.62	-5.72	1.63
14392	-1.76	0.492216117216117	0.52	-7.53	1.63
14405	-1.76	0.394917582417582	0.41	-8.94	1.63
14418	-1.76	0.280448717948718	0.3	-10.22	1.63
14433	-1.76	0.120192307692308	0.13	-11.01	1.63
14446	-1.76	-0.0400641025641026	-0.01	-12.44	1.63
14462	-1.76	-0.223214285714286	-0.22	-14.31	1.84
14477	1.72	-0.417811355311355	-0.38	-13.63	1.84
14490	1.72	-0.612408424908425	-0.6	-11.92	1.84
14505	1.72	-0.772664835164835	-0.74	-11.01	1.84
14520	1.72	-0.927197802197802	-0.93	-8.94	1.84
14535	1.72	-1.05311355311355	-1.02	-6.98	1.84
14548	1.72	-1.15041208791209	-1.13	-5.84	1.84
14563	1.72	-1.22481684981685	-1.21	-3.72	1.05
14578	1.72	-1.26488095238095	-1.26	-2.43	1.05
14591	1.72	-1.28777472527473	-1.29	-1.41	1.05
14605	1.72	-1.28777472527473	-1.29	0	1.05
14618	1.72	-1.26488095238095	-1.29	1.62	1.05
14633	1.72	-1.23054029304029	-1.25	4.21	1.05
14646	1.72	-1.16185897435897	-1.18	5.61	1.05
14661	1.72	-1.07028388278388	-1.1	7.15	1.05
14678	1.72	-0.950091575091575	-0.98	8.94	-0.17
14691	1.72	-0.812728937728938	-0.85	10.6	-0.17
14704	1.72	-0.663919413919414	-0.69	12.44	-0.17
14719	-1.76	-0.492216117216117	-0.57	13.01	-0.17
14734	-1.76	-0.269001831501831	-0.29	13.63	-0.17
14750	-1.76	-0.114468864468864	-0.14	11.45	-0.17
14768	-1.76	0.0629578754578755	0.06	6.65	-0.17
14781	-1.76	0.183150183150183	0.17	5.72	0.68
14798	-1.76	0.263278388278388	0.23	5.5	0.68
14813	-1.76	0.343406593406593	0.31	4.47	0.68
14828	-1.76	0.389194139194139	0.38	2.25	0.68
14843	-1.76	0.406364468864469	0.41	0.74	0.68
14859	-1.76	0.394917582417582	0.41	0	0.68
14874	-1.76	0.360576923076923	0.39	-2.92	0.68
14889	-1.76	0.291895604395604	0.33	-6.09	1.96
14902	-1.76	0.206043956043956	0.25	-8.18	1.96
14919	-1.76	0.0915750915750916	0.11	-8.94	1.96
14932	-1.76	-0.0457875457875458	-0.01	-9.87	1.96
14945	-1.76	-0.19459706959707	-0.16	-11.45	1.96
14958	-1.76	-0.360576923076923	-0.3	-13.01	1.96
14974	1.72	-0.560897435897436	-0.53	-15.9	1.96
14989	1.72	-0.738324175824176	-0.7	-13.63	1.41
15002	1.72	-0.910027472527472	-0.92	-10.6	1.41
15017	1.72	-1.058836996337	-1.05	-7.34	1.41
15034	1.72	-1.15613553113553	-1.14	-5.5	1.41
15048	1.72	-1.26488095238095	-1.24	-5.3	1.41
15061	1.72	-1.33356227106227	-1.3	-4.85	1.41
15076	1.72	-1.37362637362637	-1.37	-3.58	1.41
15089	1.72	-1.3907967032967	-1.4	-1.55	0.73
15102	1.72	-1.3907967032967	-1.4	1.03	0.73
15115	1.72	-1.36790293040293	-1.39	1.86	0.73
15129	1.72	-1.32783882783883	-1.35	3.53	0.73
15144	1.72	-1.25915750915751	-1.3	5.96	0.73
15159	1.72	-1.16758241758242	-1.2	8.18	0.73
15174	1.72	-1.04166666666667	-1.05	9.87	0.73
15189	1.72	-0.898580586080586	-0.93	11.01	-0.04
15203	1.72	-0.715430402930403	-0.75	11.92	-0.04
15218	1.72	-0.543727106227106	-0.61	14.31	-0.04
15231	-1.76	-0.33768315018315	-0.34	14.31	-0.04
15248	-1.76	-0.183150183150183	-0.21	11.92	-0.04
15261	-1.76	0.0114468864468864	-0.01	9.87	-0.04
15279	-1.76	0.16025641025641	0.14	7.34	-0.04
15294	-1.76	0.274725274725275	0.26	6.36	0.45
15307	-1.76	0.37202380952381	0.34	5.5	0.45
15322	-1.76	0.434981684981685	0.42	4.03	0.45
15335	-1.76	0.463598901098901	0.46	2.03	0.45
15348	-1.76	0.480769230769231	0.48	0	0.45
15363	-1.76	0.475045787545788	0.48	0	0.45
15376	-1.76	0.446428571428571	0.47	-1.57	0.45
15395	-1.76	0.389194139194139	0.44	-4.94	1.85
15408	-1.76	0.297619047619048	0.36	-7.73	1.85
15421	-1.76	0.19459706959707	0.23	-8.94	1.85
15435	-1.76	0.0801282051282051	0.12	-9.87	1.85
15448	-1.76	-0.0629578754578755	-0.06	-10.6	1.85
15463	-1.76	-0.206043956043956	-0.17	-11.45	1.85
15476	1.72	-0.406364468864469	-0.37	-13.01	1.85
15491	1.72	-0.572344322344322	-0.52	-13.01	1.85
15504	1.72	-0.744047619047619	-0.72	-11.01	1.24
15520	1.72	-0.881410256410256	-0.9	-7.53	1.24
15533	1.72	-1.00160256410256	-0.99	-5.5	1.24
15546	1.72	-1.08745421245421	-1.07	-4.69	1.24
15563	1.72	-1.16185897435897	-1.14	-4.09	1.24
15576	1.72	-1.20764652014652	-1.19	-3.45	1.24
15589	1.72	-1.23054029304029	-1.24	-1.6	1.24
15603	1.72	-1.23054029304029	-1.24	0	0.48
15621	1.72	-1.20764652014652	-1.23	2.55	0.48
15634	1.72	-1.15613553113553	-1.19	3.97	0.48
15650	1.72	-1.08745421245421	-1.12	6.36	0.48
15663	1.72	-0.984432234432235	-1.02	8.42	0.48
15678	1.72	-0.875686813186813	-0.88	8.94	0.48
15691	1.72	-0.721153846153846	-0.77	10.6	0.48
15707	1.72	-0.566620879120879	-0.61	12.44	-0.27
15722	-1.76	-0.33768315018315	-0.38	15.06	-0.27
15735	-1.76	-0.171703296703297	-0.22	13.63	-0.27
15752	-1.76	-0.0114468864468864	0.01	11.01	-0.27
15765	-1.76	0.148809523809524	0.15	7.53	-0.27
15778	-1.76	0.251831501831502	0.25	5.84	-0.27
15793	-1.76	0.33768315018315	0.31	5.2	-0.27
15808	-1.76	0.423534798534799	0.39	4.34	0.45
15823	-1.76	0.463598901098901	0.46	2.75	0.45
15838	-1.76	0.486492673992674	0.49	1.02	0.45
15853	-1.76	0.480769230769231	0.49	0	0.45
15866	-1.76	0.452152014652015	0.48	-1.6	0.45
15881	-1.76	0.406364468864469	0.45	-4.34	0.45
15894	-1.76	0.326236263736264	0.36	-6.81	0.45
15911	-1.76	0.223214285714286	0.23	-8.67	1.67
15925	-1.76	0.0858516483516484	0.13	-9.54	1.67
15940	-1.76	-0.0400641025641026	-0.02	-10.6	1.67
15955	-1.76	-0.223214285714286	-0.2	-12.44	1.67
15972	1.72	-0.417811355311355	-0.36	-14.31	1.67
15987	1.72	-0.641025641025641	-0.62	-13.63	1.67
16002	1.72	-0.818452380952381	-0.84	-10.6	1.67
16017	1.72	-0.967261904761905	-0.96	-7.53	0.68
16031	1.72	-1.09317765567766	-1.09	-5.96	0.68
16046	1.72	-1.1790293040293	-1.14	-4.94	0.68
16064	1.72	-1.25915750915751	-1.24	-4.03	0.68
16079	1.72	-1.30494505494506	-1.29	-2.4	0.68
16093	1.72	-1.31639194139194	-1.33	-0.91	0.68
16108	1.72	-1.3106684981685	-1.32	0.84	0.68
16125	1.72	-1.27632783882784	-1.3	2.89	0.13
16140	1.72	-1.19619963369963	-1.23	5.61	0.13
16157	1.72	-1.12179487179487	-1.16	7.73	0.13
16170	1.72	-0.990155677655678	-1.02	8.94	0.13
16185	1.72	-0.864239926739927	-0.87	11.01	0.13
16200	1.72	-0.703983516483517	-0.74	13.01	0.13
16215	1.72	-0.480769230769231	-0.52	13.63	0.13
16230	-1.76	-0.286172161172161	-0.31	13.63	0.01
16245	-1.76	-0.120192307692308	-0.16	13.63	0.01
16258	-1.76	0.0629578754578755	0.02	11.92	0.01
16275	-1.76	0.223214285714286	0.21	9.23	0.01
16288	-1.76	0.35485347985348	0.33	7.53	0.01
16303	-1.76	0.452152014652015	0.42	6.5	0.01
16320	-1.76	0.538003663003663	0.5	4.94	0.01
16333	-1.76	0.606684981684982	0.6	3.18	0.55
16348	-1.76	0.629578754578755	0.63	1.51	0.55
16361	-1.76	0.635302197802198	0.64	0	0.55
16377	-1.76	0.618131868131868	0.63	-0.76	0.55
16392	-1.76	0.572344322344322	0.61	-3.81	0.55
16407	-1.76	0.492216117216117	0.53	-6.5	0.55
16423	-1.76	0.406364468864469	0.45	-7.95	0.55
16436	-1.76	0.286172161172161	0.35	-9.54	1.55
16451	-1.76	0.16025641025641	0.21	-10.6	1.55
16465	-1.76	-0.0228937728937729	0.01	-11.01	1.55
16478	1.72	-0.188873626373626	-0.13	-13.63	1.55
16491	1.72	-0.366300366300366	-0.33	-14.31	1.55
16505	1.72	-0.520833333333333	-0.49	-11.92	1.55
16522	1.72	-0.652472527472527	-0.63	-7.95	1.55
16536	1.72	-0.801282051282051	-0.8	-5.2	1.55
16551	1.72	-0.887133699633699	-0.86	-4.69	1.06
16564	1.72	-0.961538461538462	-0.93	-4.94	1.06
16579	1.72	-1.00160256410256	-0.98	-3.62	1.06
16596	1.72	-1.03021978021978	-1.04	-1.28	1.06
16609	1.72	-1.02449633699634	-1.04	0.89	1.06
16622	1.72	-1.00732600732601	-1.02	1.96	1.06
16635	1.72	-0.961538461538462	-1	3.92	1.06
16648	1.72	-0.892857142857143	-0.96	5.96	-0.24
16665	1.72	-0.812728937728938	-0.84	8.18	-0.24
16678	1.72	-0.6753663003663	-0.72	8.67	-0.24
16692	1.72	-0.543727106227106	-0.58	10.22	-0.24
16707	1.72	-0.394917582417582	-0.45	11.92	-0.24
16726	-1.76	-0.171703296703297	-0.21	14.31	-0.24
16739	-1.76	0.0457875457875458	0.01	13.63	-0.24
16752	-1.76	0.19459706959707	0.19	11.01	0.65
16765	-1.76	0.326236263736264	0.31	7.95	0.65
16781	-1.76	0.446428571428571	0.43	6.65	0.65
16796	-1.76	0.549450549450549	0.52	6.09	0.65
16814	-1.76	0.641025641025641	0.62	4.27	0.65
16827	-1.76	0.681089743589744	0.68	2.55	0.65
16840	-1.76	0.703983516483517	0.71	0.81	0.65
16857	-1.76	0.703983516483517	0.7	-0.51	0.95
16872	-1.76	0.681089743589744	0.69	-1.27	0.95
16885	-1.76	0.623855311355311	0.67	-4.03	0.95
16900	-1.76	0.560897435897436	0.58	-6.65	0.95
16913	-1.76	0.457875457875458	0.5	-8.42	0.95
16929	-1.76	0.349130036630037	0.37	-9.23	0.95
16942	-1.76	0.19459706959707	0.23	-10.22	0.95
16960	-1.76	-0.0228937728937729	0.07	-12.44	1.84
16973	1.72	-0.19459706959707	-0.18	-14.31	1.84
16988	1.72	-0.360576923076923	-0.32	-13.63	1.84
17001	1.72	-0.53228021978022	-0.56	-11.92	1.84
17014	1.72	-0.669642857142857	-0.68	-7.73	1.84
17027	1.72	-0.772664835164835	-0.78	-5.72	1.84
17042	1.72	-0.858516483516484	-0.83	-4.94	1.84
17055	1.72	-0.944368131868132	-0.92	-5.2	1.84
17068	1.72	-0.990155677655678	-0.97	-3.97	1.29
17081	1.72	-1.01304945054945	-1.02	-2.2	1.29
17094	1.72	-1.01877289377289	-1.04	0	1.29
17107	1.72	-1.00732600732601	-1.02	1.06	1.29
17120	1.72	-0.978708791208791	-1	2.92	1.29
17133	1.72	-0.927197802197802	-0.95	4.94	1.29
17146	1.72	-0.858516483516484	-0.9	6.5	1.29
17159	1.72	-0.766941391941392	-0.8	8.67	1.29
17172	1.72	-0.658195970695971	-0.7	9.87	-0.17
17187	1.72	-0.503663003663004	-0.54	11.01	-0.17
17204	1.72	-0.35485347985348	-0.41	12.44	-0.17
17219	1.72	-0.137362637362637	-0.17	14.31	-0.17
17232	-1.76	0.0629578754578755	0.07	14.31	-0.17
17247	-1.76	0.223214285714286	0.19	11.45	-0.17
17260	-1.76	0.377747252747253	0.38	8.67	-0.17
17273	-1.76	0.492216117216117	0.5	6.22	0.79
17290	-1.76	0.583791208791209	0.56	5.72	0.79
17303	-1.76	0.681089743589744	0.66	5.2	0.79
17316	-1.76	0.726877289377289	0.73	3.81	0.79
17331	-1.76	0.755494505494506	0.76	1.74	0.79
17346	-1.76	0.766941391941392	0.77	0	0.79
17361	-1.76	0.749771062271062	0.77	-0.52	0.79
17374	-1.76	0.70970695970696	0.74	-2.98	1.7
17391	-1.76	0.658195970695971	0.68	-5.72	1.7
17406	-1.76	0.549450549450549	0.6	-7.53	1.7
17419	-1.76	0.423534798534799	0.45	-10.22	1.7
17436	-1.76	0.274725274725275	0.3	-10.6	1.7
17451	-1.76	0.103021978021978	0.15	-12.44	1.7
17464	-1.76	-0.0915750915750916	-0.06	-13.63	1.7
17477	1.72	-0.263278388278388	-0.21	-14.31	1.74
17491	1.72	-0.440705128205128	-0.41	-13.63	1.74
17504	1.72	-0.595238095238095	-0.57	-11.01	1.74
17518	1.72	-0.732600732600733	-0.73	-8.94	1.74
17531	1.72	-0.841346153846154	-0.83	-6.22	1.74
17547	1.72	-0.950091575091575	-0.93	-4.62	1.74
17562	1.72	-1.01877289377289	-0.99	-4.62	1.74
17577	1.72	-1.07600732600733	-1.05	-3.53	1.05
17590	1.72	-1.10462454212454	-1.1	-1.95	1.05
17605	1.72	-1.11034798534799	-1.12	0	1.05
17618	1.72	-1.08745421245421	-1.11	1.19	1.05
17631	1.72	-1.05311355311355	-1.09	3.18	1.05
17646	1.72	-0.984432234432235	-1.02	5.61	1.05
17659	1.72	-0.910027472527472	-0.94	7.53	1.05
17675	1.72	-0.778388278388278	-0.81	8.67	1.05
17692	1.72	-0.658195970695971	-0.69	10.22	-0.11
17705	1.72	-0.463598901098901	-0.53	13.01	-0.11
17720	-1.76	-0.297619047619048	-0.37	14.31	-0.11
17738	-1.76	-0.0915750915750916	-0.12	13.01	-0.11
17751	-1.76	0.0972985347985348	0.09	11.01	-0.11
17766	-1.76	0.251831501831502	0.25	7.15	-0.11
17782	-1.76	0.360576923076923	0.33	6.09	-0.11
17796	-1.76	0.463598901098901	0.43	5.96	0.34
17814	-1.76	0.526556776556777	0.5	4.09	0.34
17831	-1.76	0.578067765567766	0.58	1.87	0.34
17844	-1.76	0.589514652014652	0.6	0	0.34
17861	-1.76	0.572344322344322	0.58	-0.95	0.34
17874	-1.76	0.526556776556777	0.57	-3.29	0.34
17889	-1.76	0.475045787545788	0.51	-5.5	0.34
17902	-1.76	0.389194139194139	0.43	-7.73	1.88
17915	-1.76	0.286172161172161	0.33	-8.67	1.88
17934	-1.76	0.148809523809524	0.17	-10.22	1.88
17947	-1.76	-0.0400641025641026	0.01	-11.45	1.88
17964	-1.76	-0.206043956043956	-0.17	-13.63	1.88
17977	1.72	-0.429258241758242	-0.38	-13.63	1.88
17992	1.72	-0.600961538461538	-0.61	-13.01	1.88
18007	1.72	-0.778388278388278	-0.78	-11.45	1.02
18020	1.72	-0.927197802197802	-0.94	-7.53	1.02
18035	1.72	-1.04166666666667	-1.01	-6.36	1.02
18050	1.72	-1.15041208791209	-1.13	-5.84	1.02
18065	1.72	-1.21909340659341	-1.2	-4.4	1.02
18080	1.72	-1.27632783882784	-1.26	-3.21	1.02
18095	1.72	-1.3106684981685	-1.31	-1.57	1.02
18110	1.72	-1.3106684981685	-1.32	0	0.76
18123	1.72	-1.28205128205128	-1.3	1.6	0.76
18138	1.72	-1.24198717948718	-1.28	4.34	0.76
18153	1.72	-1.16758241758242	-1.2	6.36	0.76
18166	1.72	-1.06456043956044	-1.08	8.18	0.76
18179	1.72	-0.967261904761905	-1	9.54	0.76
18194	1.72	-0.841346153846154	-0.86	9.54	0.76
18207	1.72	-0.663919413919414	-0.68	11.92	-0.24
18223	-1.76	-0.492216117216117	-0.56	14.31	-0.24
18240	-1.76	-0.297619047619048	-0.31	14.31	-0.24
18253	-1.76	-0.103021978021978	-0.07	10.22	-0.24
18268	-1.76	0.0286172161172161	0.02	7.53	-0.24
18281	-1.76	0.154532967032967	0.13	5.61	-0.24
18294	-1.76	0.240384615384615	0.22	5.72	-0.24
18309	-1.76	0.303342490842491	0.28	5.2	0.32
18322	-1.76	0.35485347985348	0.36	3.72	0.32
18337	-1.76	0.377747252747253	0.39	1.27	0.32
18352	-1.76	0.383470695970696	0.39	0	0.32
18365	-1.76	0.360576923076923	0.38	-1.57	0.32
18380	-1.76	0.320512820512821	0.35	-3.49	0.32
18393	-1.76	0.251831501831502	0.28	-6.5	0.32
18410	-1.76	0.165979853479853	0.22	-7.95	1.83
18425	-1.76	0.0286172161172161	0.05	-9.54	1.83
18438	-1.76	-0.114468864468864	-0.11	-10.6	1.83
18453	-1.76	-0.257554945054945	-0.22	-11.01	1.83
18468	-1.76	-0.452152014652015	-0.41	-13.01	1.83
18485	1.72	-0.646749084249084	-0.64	-14.31	1.83
18502	1.72	-0.864239926739927	-0.83	-13.01	1.83
18517	1.72	-1.05311355311355	-1.08	-9.87	1.05
18534	1.72	-1.19619963369963	-1.18	-7.53	1.05
18549	1.72	-1.32783882783883	-1.31	-5.61	1.05
18564	1.72	-1.41369047619048	-1.4	-5.02	1.05
18579	1.72	-1.47664835164835	-1.46	-3.58	1.05
18594	1.72	-1.51098901098901	-1.52	-1.9	1.05
18611	1.72	-1.5224358974359	-1.53	0	1.05
18626	1.72	-1.50526556776557	-1.52	1.18	0.35
18641	1.72	-1.45375457875458	-1.48	3.81	0.35
18656	1.72	-1.3907967032967	-1.43	6.5	0.35
18669	1.72	-1.29349816849817	-1.3	7.73	0.35
18684	1.72	-1.19047619047619	-1.22	8.94	0.35
18699	1.72	-1.01877289377289	-1.05	11.01	0.35
18712	1.72	-0.86996336996337	-0.92	11.92	0.35
18725	-1.76	-0.703983516483517	-0.76	14.31	-0.29
18740	-1.76	-0.49793956043956	-0.5	14.31	-0.29
18756	-1.76	-0.343406593406593	-0.37	12.44	-0.29
18769	-1.76	-0.183150183150183	-0.16	7.95	-0.29
18784	-1.76	-0.0801282051282051	-0.09	5.96	-0.29
18799	-1.76	0.0228937728937729	0.01	5.2	-0.29
18814	-1.76	0.0972985347985348	0.07	4.54	-0.29
18831	-1.76	0.148809523809524	0.14	3.08	0.6
18846	-1.76	0.17742673992674	0.18	1.09	0.6
18861	-1.76	0.17742673992674	0.18	0	0.6
18876	-1.76	0.143086080586081	0.17	-1.43	0.6
18891	-1.76	0.0858516483516484	0.12	-4.54	0.6
18904	-1.76	0.0114468864468864	0.06	-7.53	0.6
18919	-1.76	-0.103021978021978	-0.07	-8.94	0.6
18934	-1.76	-0.211767399267399	-0.21	-9.87	1.66
18947	-1.76	-0.366300366300366	-0.33	-11.01	1.66
18962	-1.76	-0.526556776556777	-0.49	-13.01	1.66
18979	1.72	-0.721153846153846	-0.64	-14.31	1.66
18995	1.72	-0.972985347985348	-0.96	-13.63	1.66
19012	1.72	-1.13324175824176	-1.11	-10.22	1.66
19025	1.72	-1.29922161172161	-1.27	-6.81	1.66
19038	1.72	-1.40796703296703	-1.37	-5.84	1.03
19052	1.72	-1.49954212454212	-1.48	-5.96	1.03
19065	1.72	-1.56822344322344	-1.53	-5.84	1.03
19080	1.72	-1.62545787545788	-1.63	-4.03	1.03
19095	1.72	-1.65407509157509	-1.66	-1.87	1.03
19108	1.72	-1.65979853479854	-1.67	0	1.03
19121	1.72	-1.64835164835165	-1.67	1.27	1.03
19134	1.72	-1.61401098901099	-1.63	3.08	-0.01
19147	1.72	-1.55677655677656	-1.6	5.2	-0.01
19160	1.72	-1.4823717948718	-1.51	7.53	-0.01
19173	1.72	-1.39652014652015	-1.4	8.18	-0.01
19190	1.72	-1.28205128205128	-1.32	9.87	-0.01
19206	1.72	-1.07600732600733	-1.11	11.45	-0.01
19219	-1.76	-0.910027472527472	-0.98	13.01	-0.01
19232	-1.76	-0.732600732600733	-0.77	14.31	-0.01
19247	-1.76	-0.583791208791209	-0.61	12.44	0.14
19262	-1.76	-0.429258241758242	-0.39	8.18	0.14
19275	-1.76	-0.309065934065934	-0.31	5.02	0.14
19288	-1.76	-0.217490842490842	-0.24	4.4	0.14
19301	-1.76	-0.154532967032967	-0.19	4.85	0.14
19315	-1.76	-0.0972985347985348	-0.11	3.92	0.14
19328	-1.76	-0.0686813186813187	-0.07	2.39	0.14
19341	-1.76	-0.0629578754578755	-0.05	0	0.97
19357	-1.76	-0.0744047619047619	-0.05	-1.03	0.97
19370	-1.76	-0.108745421245421	-0.07	-3.01	0.97
19383	-1.76	-0.165979853479853	-0.13	-5.2	0.97
19399	-1.76	-0.240384615384615	-0.22	-7.34	0.97
19412	-1.76	-0.349130036630037	-0.31	-8.67	0.97
19425	-1.76	-0.469322344322344	-0.42	-9.54	0.97
19439	-1.76	-0.612408424908425	-0.58	-10.6	0.97
19452	-1.76	-0.772664835164835	-0.73	-11.92	1.74
19467	-1.76	-0.938644688644689	-0.88	-15.06	1.74
19485	1.72	-1.15613553113553	-1.13	-13.01	1.74
19498	1.72	-1.32783882783883	-1.31	-9.23	1.74
19513	1.72	-1.45375457875458	-1.43	-6.22	1.74
19526	1.72	-1.55105311355311	-1.52	-4.85	1.74
19539	1.72	-1.63118131868132	-1.6	-4.77	1.74
19552	1.72	-1.68841575091575	-1.66	-5.11	1.35
19567	1.72	-1.72847985347985	-1.72	-3.62	1.35
19580	1.72	-1.75709706959707	-1.76	-1.53	1.35
19593	1.72	-1.75709706959707	-1.77	0.04	1.35
19608	1.72	-1.7342032967033	-1.76	2.06	1.35
19623	1.72	-1.68841575091575	-1.73	4.47	1.35
19636	1.72	-1.60828754578755	-1.64	6.36	1.35
19651	1.72	-1.51671245421245	-1.57	8.94	1.35
19664	1.72	-1.39652014652015	-1.43	9.23	-0.1
19682	1.72	-1.26488095238095	-1.27	11.45	-0.1
19697	1.72	-1.06456043956044	-1.12	12.44	-0.1
19712	1.72	-0.875686813186813	-0.9	13.63	-0.1
19725	-1.76	-0.669642857142857	-0.68	14.31	-0.1
19738	-1.76	-0.503663003663004	-0.54	12.44	-0.1
19754	-1.76	-0.343406593406593	-0.34	9.87	-0.1
19767	-1.76	-0.19459706959707	-0.22	8.18	0.71
19780	-1.76	-0.0858516483516484	-0.11	6.81	0.71
19797	-1.76	0.0114468864468864	-0.01	5.5	0.71
19810	-1.76	0.0915750915750916	0.07	4.4	0.71
19823	-1.76	0.131639194139194	0.13	2.86	0.71
19836	-1.76	0.154532967032967	0.15	1.81	0.71
19853	-1.76	0.165979853479853	0.17	0	0.71
19868	-1.76	0.137362637362637	0.16	0	1.35
19881	-1.76	0.0858516483516484	0.13	-4.34	1.35
19896	-1.76	0.0286172161172161	0.08	-7.15	1.35
19911	-1.76	-0.0686813186813187	-0.05	-8.42	1.35
19928	-1.76	-0.183150183150183	-0.19	-8.67	1.35
19943	-1.76	-0.360576923076923	-0.31	-10.22	1.35
19960	-1.76	-0.53228021978022	-0.49	-12.44	1.35
19975	1.72	-0.755494505494506	-0.69	-15.06	2.13
19988	1.72	-0.955815018315018	-0.97	-13.01	2.13
20006	1.72	-1.11607142857143	-1.09	-11.01	2.13
20021	1.72	-1.29349816849817	-1.29	-7.95	2.13
20038	1.72	-1.41941391941392	-1.41	-6.22	2.13
20051	1.72	-1.53388278388278	-1.51	-5.4	2.13
20066	1.72	-1.59111721611722	-1.58	-4.54	2.13
20081	1.72	-1.64262820512821	-1.64	-3.37	1.24
20094	1.72	-1.66552197802198	-1.68	-1.58	1.24
20111	1.72	-1.66552197802198	-1.68	0.95	1.24
20128	1.72	-1.63690476190476	-1.67	2.78	1.24
20143	1.72	-1.57394688644689	-1.6	4.77	1.24
20160	1.72	-1.49381868131868	-1.51	6.98	1.24
20175	1.72	-1.36790293040293	-1.4	8.42	1.24
20188	1.72	-1.23054029304029	-1.24	9.23	-0.01
20201	1.72	-1.08745421245421	-1.12	11.01	-0.01
20218	1.72	-0.927197802197802	-0.94	13.01	-0.01
20233	-1.76	-0.70970695970696	-0.75	13.63	-0.01
20246	-1.76	-0.51510989010989	-0.53	11.92	-0.01
20261	-1.76	-0.360576923076923	-0.34	10.22	-0.01
20276	-1.76	-0.211767399267399	-0.21	7.95	-0.01
20293	-1.76	-0.0858516483516484	-0.1	6.65	0.62
20306	-1.76	0.0343406593406593	0.02	5.61	0.62
20319	-1.76	0.0972985347985348	0.07	5.11	0.62
20332	-1.76	0.148809523809524	0.14	3.21	0.62
20349	-1.76	0.171703296703297	0.17	1.43	0.62
20362	-1.76	0.17742673992674	0.18	0	0.62
20380	-1.76	0.154532967032967	0.17	-0.83	0.62
20394	-1.76	0.0915750915750916	0.13	-4.4	1.75
20407	-1.76	0.0286172161172161	0.07	-6.5	1.75
20420	-1.76	-0.0629578754578755	-0.02	-8.18	1.75
20438	-1.76	-0.17742673992674	-0.17	-9.87	1.75
20453	-1.76	-0.343406593406593	-0.31	-11.01	1.75
20470	-1.76	-0.520833333333333	-0.46	-11.92	1.75
20486	1.72	-0.778388278388278	-0.74	-13.63	1.75
20503	1.72	-0.972985347985348	-0.94	-13.01	1.64
20518	1.72	-1.14468864468864	-1.13	-11.01	1.64
20533	1.72	-1.29349816849817	-1.27	-8.18	1.64
20546	1.72	-1.41369047619048	-1.4	-5.5	1.64
20561	1.72	-1.51671245421245	-1.48	-5.11	1.64
20576	1.72	-1.57394688644689	-1.54	-5.02	1.64
20593	1.72	-1.62545787545788	-1.63	-2.65	1.64
20610	1.72	-1.64262820512821	-1.65	0	0.8
20627	1.72	-1.63690476190476	-1.65	0	0.8
20644	1.72	-1.59111721611722	-1.63	3.67	0.8
20659	1.72	-1.49954212454212	-1.53	6.36	0.8
20673	1.72	-1.40796703296703	-1.45	8.18	0.8
20688	1.72	-1.30494505494506	-1.36	9.54	0.8
20702	1.72	-1.15613553113553	-1.16	10.22	0.8
20717	1.72	-0.984432234432235	-1.02	12.44	-0.14
20734	-1.76	-0.812728937728938	-0.88	13.63	-0.14
20749	-1.76	-0.612408424908425	-0.66	11.92	-0.14
20764	-1.76	-0.452152014652015	-0.45	8.67	-0.14
20777	-1.76	-0.331959706959707	-0.34	5.96	-0.14
20792	-1.76	-0.246108058608059	-0.27	4.94	-0.14
20809	-1.76	-0.16025641025641	-0.18	4.27	-0.14
20824	-1.76	-0.108745421245421	-0.12	3.04	0.54
20839	-1.76	-0.0858516483516484	-0.09	1.13	0.54
20854	-1.76	-0.0915750915750916	-0.07	0	0.54
20872	-1.76	-0.120192307692308	-0.08	-2.25	0.54
20889	-1.76	-0.19459706959707	-0.15	-6.5	0.54
20904	-1.76	-0.280448717948718	-0.24	-8.18	0.54
20921	-1.76	-0.417811355311355	-0.39	-9.23	1.7
20934	-1.76	-0.555173992673993	-0.53	-9.87	1.7
20949	-1.76	-0.703983516483517	-0.68	-12.44	1.7
20964	-1.76	-0.927197802197802	-0.88	-13.01	1.7
20980	1.72	-1.0989010989011	-1.05	-14.31	1.7
20998	1.72	-1.27632783882784	-1.3	-10.22	1.7
21015	1.72	-1.43658424908425	-1.44	-6.09	1.7
21030	1.72	-1.56822344322344	-1.56	-4.54	1.03
21045	1.72	-1.64835164835165	-1.61	-5.02	1.03
21060	1.72	-1.71130952380952	-1.69	-4.47	1.03
21077	1.72	-1.74565018315018	-1.76	-1.63	1.03
21094	1.72	-1.75137362637363	-1.77	0	1.03
21107	1.72	-1.72275641025641	-1.75	2	1.03
21122	1.72	-1.68269230769231	-1.71	4.09	1.03
21139	1.72	-1.61401098901099	-1.64	6.36	-0.21
21156	1.72	-1.49954212454212	-1.54	8.18	-0.21
21169	1.72	-1.35645604395604	-1.37	9.54	-0.21
21184	1.72	-1.21909340659341	-1.23	11.01	-0.21
21199	1.72	-1.04166666666667	-1.1	13.01	-0.21
21215	1.72	-0.812728937728938	-0.85	13.63	-0.21
21232	-1.76	-0.641025641025641	-0.69	13.63	-0.21
21247	-1.76	-0.400641025641026	-0.42	12.44	0.3
21260	-1.76	-0.251831501831502	-0.28	11.45	0.3
21277	-1.76	-0.108745421245421	-0.12	8.67	0.3
21294	-1.76	0.0286172161172161	0.03	6.98	0.3
21309	-1.76	0.143086080586081	0.11	5.02	0.3
21324	-1.76	0.211767399267399	0.2	3.67	0.3
21339	-1.76	0.269001831501831	0.26	2.22	0.3
21354	-1.76	0.286172161172161	0.28	0.98	0.6
21371	-1.76	0.280448717948718	0.28	0	0.6
21388	-1.76	0.240384615384615	0.27	-2.22	0.6
21401	-1.76	0.171703296703297	0.21	-5.2	0.6
21416	-1.76	0.0972985347985348	0.14	-7.34	0.6
21430	-1.76	-0.0228937728937729	-0.01	-9.23	0.6
21443	-1.76	-0.143086080586081	-0.11	-10.6	0.6
21460	-1.76	-0.286172161172161	-0.28	-11.01	1.64
21473	1.72	-0.492216117216117	-0.45	-13.63	1.64
21486	1.72	-0.663919413919414	-0.64	-14.31	1.64
21503	1.72	-0.824175824175824	-0.84	-11.92	1.64
21520	1.72	-0.995879120879121	-1	-8.18	1.64
21537	1.72	-1.13324175824176	-1.13	-5.3	1.64
21555	1.72	-1.23626373626374	-1.22	-4.4	1.37
21568	1.72	-1.30494505494506	-1.28	-4.03	1.37
21585	1.72	-1.33356227106227	-1.33	-2.33	1.37
21602	1.72	-1.34500915750916	-1.35	0	1.37
21615	1.72	-1.32211538461538	-1.35	0	1.37
21628	1.72	-1.28205128205128	-1.32	4.21	1.37
21641	1.72	-1.22481684981685	-1.25	5.84	1.37
21656	1.72	-1.14468864468864	-1.18	7.73	-0.15
21673	1.72	-1.03021978021978	-1.05	9.54	-0.15
21690	1.72	-0.864239926739927	-0.87	10.6	-0.15
21703	1.72	-0.669642857142857	-0.72	13.01	-0.15
21718	1.72	-0.503663003663004	-0.53	13.63	-0.15
21733	-1.76	-0.314789377289377	-0.31	13.63	-0.15
21746	-1.76	-0.131639194139194	-0.15	11.92	-0.15
21759	-1.76	0	-0.04	8.67	0.83
21778	-1.76	0.137362637362637	0.14	6.81	0.83
21791	-1.76	0.246108058608059	0.22	5.5	0.83
21808	-1.76	0.320512820512821	0.31	4.54	0.83
21821	-1.76	0.37202380952381	0.37	2.98	0.83
21836	-1.76	0.394917582417582	0.4	1.14	0.83
21849	-1.76	0.394917582417582	0.41	0	0.83
21865	-1.76	0.37202380952381	0.39	-1.14	1.49
21880	-1.76	0.320512820512821	0.35	-4.27	1.49
21893	-1.76	0.251831501831502	0.3	-6.36	1.49
21906	-1.76	0.165979853479853	0.18	-7.95	1.49
21919	-1.76	0.0629578754578755	0.1	-9.54	1.49
21934	-1.76	-0.0629578754578755	-0.01	-9.87	1.49
21948	-1.76	-0.240384615384615	-0.21	-11.45	1.49
21961	-1.76	-0.412087912087912	-0.34	-13.01	1.49
21974	1.72	-0.578067765567766	-0.52	-14.31	1.91
21987	1.72	-0.749771062271062	-0.68	-14.31	1.91
22001	1.72	-0.910027472527472	-0.94	-11.92	1.91
22016	1.72	-1.05311355311355	-1.04	-8.18	1.91
22032	1.72	-1.19619963369963	-1.19	-6.5	1.91
22045	1.72	-1.30494505494506	-1.26	-6.09	1.91
22058	1.72	-1.37934981684982	-1.34	-5.72	1.91
22072	1.72	-1.43658424908425	-1.44	-4.27	1.05
22085	1.72	-1.46520146520147	-1.47	-2.27	1.05
22098	1.72	-1.47664835164835	-1.49	0	1.05
22111	1.72	-1.47092490842491	-1.48	0.97	1.05
22126	1.72	-1.44803113553114	-1.46	2.29	1.05
22139	1.72	-1.3907967032967	-1.43	4.21	1.05
22154	1.72	-1.32211538461538	-1.36	6.98	1.05
22171	1.72	-1.21909340659341	-1.23	8.94	1.05
22189	1.72	-1.06456043956044	-1.07	10.22	-0.01
22202	1.72	-0.875686813186813	-0.93	11.45	-0.01
22215	1.72	-0.70970695970696	-0.8	12.44	-0.01
22230	-1.76	-0.543727106227106	-0.58	14.31	-0.01
22246	-1.76	-0.349130036630037	-0.33	12.44	-0.01
22259	-1.76	-0.19459706959707	-0.19	8.67	-0.01
22274	-1.76	-0.0744047619047619	-0.06	5.72	-0.01
22287	-1.76	0.0286172161172161	0.01	5.2	0.45
22300	-1.76	0.0972985347985348	0.08	5.11	0.45
22313	-1.76	0.148809523809524	0.13	4.27	0.45
22328	-1.76	0.183150183150183	0.18	1.87	0.45
22341	-1.76	0.19459706959707	0.2	0.74	0.45
22354	-1.76	0.183150183150183	0.19	0	0.45
22367	-1.76	0.154532967032967	0.18	-1.91	0.45
22382	-1.76	0.103021978021978	0.15	-5.2	0.45
22395	-1.76	0.0286172161172161	0.05	-7.34	1.94
22410	-1.76	-0.0572344322344322	-0.03	-8.42	1.94
22423	-1.76	-0.188873626373626	-0.17	-9.23	1.94
22436	-1.76	-0.309065934065934	-0.27	-9.87	1.94
22449	-1.76	-0.469322344322344	-0.43	-12.44	1.94
22464	-1.76	-0.658195970695971	-0.62	-13.63	1.94
22477	1.72	-0.829899267399267	-0.78	-15.9	1.94
22491	1.72	-1.01304945054945	-1	-12.44	1.24
22504	1.72	-1.16185897435897	-1.18	-10.6	1.24
22517	1.72	-1.28777472527473	-1.28	-7.53	1.24
