0	0	0	0	0	0.69
13	0	0	0	0	0.69
26	0	0	0	0	0.69
39	0	0	0	0	0.69
52	0	0	0	0	0.69
67	0	0	0	0	0.69
80	0	0	0	0	0.69
93	0	0	0	0	0.69
106	0	0	0	0	0.69
119	0	0	0	0	0.69
134	0	0	0	0	0.69
151	0	0	0	0	0.69
165	0	0	0	0	0.69
178	0	0	0	0	0.69
191	0	0	0	0	0.69
204	0	0	0	0	0.69
217	0	0	0	0	0.69
230	0	0	0	0	0.69
243	0	0	0	0	0.69
256	0	0	0	0	0.69
269	0	0	0	0	0.69
282	0	0	0	0	0.69
297	0	0	0	0	0.69
310	0	0	0	0	0.69
325	0	0	0	0	0.69
338	0	0	0	0	0.69
351	0	0	0	0	0.69
364	0	0	0	0	0.69
379	0	0	0	0	0.69
392	0	0	0	0	0.69
407	0	0	0	0	0.69
420	0	0	0	0	0.69
433	0	0	0	0	0.69
448	0	0	0	0	0.69
461	0	0	0	0	0.69
474	0	0	0	0	0.69
489	0	0	0	0	0.69
506	0	0	0	0	0.69
521	0	0	0	0	0.69
536	0	0	0	0	0.69
549	0	0	0	0	0.69
564	0	0	0	0	0.69
577	0	0	0	0	0.69
590	0	0	0	0	0.69
603	0	0	0	0	0.69
616	0	0	0	0	0.69
631	0	0	0	0	0.69
648	0	0	0	0	0.69
663	0	0	0	0	0.69
680	0	0	0	0	0.69
693	0	0	0	0	0.69
708	0	0	0	0	0.69
723	0	0	0	0	0.69
740	0	0	0	0	0.69
757	0	0	0	0	0.69
772	0	0	0	0	0.69
785	0	0	0	0	0.69
799	0	0	0	0	0.69
811	0	0	0	0	0.69
828	0	0	0	0	0.69
843	0	0	0	0	0.69
858	0	0	0	0	0.69
873	0	0	0	0	0.69
888	0	0	0	0	0.69
905	0	0	0	0	0.69
921	0	0	0	0	0.69
934	0	0	0	0	0.69
947	0	0	0	0	0.69
960	0	0	0	0	0.69
976	0	0	0	0	0.69
989	0	0	0	0	0.69
1006	0	0	0	0	0.69
1019	0	0	0	0	0.69
1036	0	0	0	0	0.69
1049	0	0	0	0	0.69
1064	0	0	0	0	0.69
1077	0	0	0	0	0.69
1092	0	0	0	0	0.69
1107	0	0	0	0	0.69
1122	0	0	0	0	0.69
1135	0	0	0	0	0.69
1148	0	0	0	0	0.69
1163	0	0	0	0	0.69
1176	0	0	0	0	0.69
1189	0	0	0	0	0.69
1202	0	0	0	0	0.69
1215	0	0	0	0	0.69
1230	0	0	0	0	0.69
1243	0	0	0	0	0.69
1256	0	0	0	0	0.69
1269	0	0	0	0	0.69
1284	0	0	0	0	0.69
1299	0	0	0	0	0.69
1312	0	0	0	0	0.69
1325	0	0	0	0	0.69
1338	0	0	0	0	0.69
1351	0	0	0	0	0.69
1366	0	0	0	0	0.69
1379	0	0	0	0	0.69
1392	0	0	0	0	0.69
1407	0	0	0	0	0.69
1422	0	0	0	0	0.69
1437	0	0	0	0	0.69
1450	0	0	0	0	0.69
1463	0	0	0.01	0	0.69
1476	0	0	0.01	0.52	0.69
1489	0	0	0.02	0.4	1.45
1502	0	0	0.02	0	1.45
1519	0	0	0.02	0	1.45
1532	0	0	0.02	-0.04	1.45
1545	0	0	0.01	0	1.45
1558	0	0	0.01	-0.29	1.45
1571	0	0	0	-0.54	1.45
1584	0	0	0	0	2.22
1597	0	0	0	0	2.22
1612	0	0	0	0	2.22
1627	0	0	0	0	2.22
1642	0	0	0	0	2.22
1657	0	0	0	0	2.22
1670	0	0	0	0	2.22
1683	0	0	0	0	2.22
1700	0	0	0	0	2.37
1715	0	0	0	0	2.37
1730	0	0	0	0	2.37
1745	0	0	0	0	2.37
1760	0	0	0	0	2.37
1775	0	0	0	0	2.37
1792	0	0	0	0	2.37
1809	0	0	0	0	2.36
1822	0	0	0	0	2.36
1837	0	0	0	0	2.36
1850	0	0	0	0	2.36
1865	0	0	0	0	2.36
1878	0	0	0	0	2.36
1891	0	0	0	0	2.36
1908	0	0	0	0	2.36
1921	0	0	0	0	2.36
1938	0	0	0	0	2.36
1953	0	0	0	0	2.36
1970	0	0	0	0	2.36
1985	0	0	0	0	2.36
2000	0	0	0	0	2.36
2015	0	0	0	0	2.36
2028	0	0	0	0	2.36
2043	0	0	0	0	2.36
2056	0	0	0	0	2.36
2069	0	0	0	0	2.36
2084	0	0	0	0	2.36
2099	0	0	0	0	2.36
2114	0	0	0	0	2.37
2127	0	0	0	0	2.37
2142	0	0	0	0	2.37
2155	0	0	0	0	2.37
2168	0	0	0	0	2.37
2181	0	0	0	0	2.37
2196	0	0	0	0	2.37
2213	0	0	0	0	2.36
2226	0	0	0	0	2.36
2241	0	0	0	0	2.36
2254	0	0	0	0	2.36
2267	0	0	0	0	2.36
2282	0	0	0	0	2.36
2295	0	0	0	0	2.36
2308	0	0	0	0	2.36
2321	0	0	0	0	2.36
2336	0	0	0	0	2.36
2349	0	0	0	0	2.36
2365	0	0	0	0	2.36
2378	0	0	0	0	2.36
2393	0	0	0	0	2.36
2408	0	0	0	0	2.36
2421	0	0	0	0	2.36
2434	0	0	0	0	2.36
2447	0	0	0	0	2.36
2464	0	0	0	0	2.36
2477	0	0	0	0	2.36
2490	0	0	0	0	2.36
2503	0	0	0	0	2.36
2521	0	0	0	0	2.36
2534	0	0	0	0	2.36
2547	0	0	0	0	2.36
2560	0	0	0	0	2.36
2575	0	0	0	0	2.36
2588	0	0	0	0	2.36
2601	0	0	0	0	2.36
2616	0	0	0	0	2.36
2629	0	0	0	0	2.36
2646	0	0	0	0	2.36
2659	0	0	0	0	2.36
2675	0	0	0	0	2.36
2688	0	0	0	0	2.36
2701	0	0	0	0	2.36
2714	0	0	0	0	2.36
2727	0	0	0	0	2.36
2740	0	0	0	0	2.36
2753	0	0	0	0	2.36
2766	0	0	0	0	2.36
2781	0	0	0	0	2.36
2794	0	0	0	0	2.36
2807	0	0	0	0	2.36
2823	0	0	0	0	2.36
2836	0	0	0	0	2.36
2849	0	0	0	0	2.36
2862	0	0	0.01	0	2.36
2875	0	0	0.01	0	2.36
2888	0	0	0.01	0	2.36
2901	0	0	0.01	0	2.36
2914	0	0	0.01	0	2.36
2927	0	0	0.01	0	2.36
2942	0	0	0.01	0	3.01
2955	0	0	0.01	0	3.01
2970	0	0	0.01	0	3.01
2983	0	0	0.01	0	3.01
2998	0	0	0.01	0	3.01
3013	0	0	0.01	0	3.01
3028	0	0	0.01	0	3.01
3047	0	0	0	0	3.69
3062	0	0	-0.01	-1.03	3.69
3075	0	0	-0.02	0	3.69
3092	0	0	-0.02	0	3.69
3107	0	0	-0.02	0	3.69
3120	0	0	-0.02	0	3.69
3135	0	0	-0.02	0	3.69
3148	0	0	-0.02	0	1.5
3165	0	0	-0.02	0	1.5
3180	0	0	0	0.81	1.5
3195	0	0	0.01	0.46	1.5
3208	0	0	0.01	0.28	1.5
3225	0	0	0.01	0.28	1.5
3240	0	0	0.01	0.15	1.5
3253	0	0	0.01	0	2.39
3268	0	0	0.01	0	2.39
3281	0	0	0.01	0	2.39
3296	0	0	0.01	0	2.39
3309	0	0	0.01	0	2.39
3322	0	0	0.01	0	2.39
3335	0	0	0.01	0	2.39
3353	0	0	-0.01	-0.79	2.98
3368	0	0	-0.01	0	2.98
3383	0	0	-0.01	0	2.98
3400	0	0	-0.01	0	2.98
3415	0	0	-0.01	0	2.98
3430	0	0	-0.01	0	2.98
3445	0	0	-0.01	0	2.98
3460	0	0	-0.01	0	2.03
3475	0	0	-0.01	0	2.03
3488	0	0	-0.01	0	2.03
3501	0	0	-0.01	0	2.03
3518	0	0	-0.01	0	2.03
3531	0	0	-0.01	0	2.03
3546	0	0	-0.01	0	2.03
3559	0	0	-0.01	0	1.37
3574	0	0	0	0.04	1.37
3587	0	0	0.01	0.48	1.37
3603	0	0	0.01	0	1.37
3616	0	0	0.01	0	1.37
3633	0	0	0.01	0	1.37
3646	0	0	0.01	0	1.37
3660	0	0	0.01	0	2.02
3673	0	0	0.01	0	2.02
3687	0	0	0.01	0	2.02
3702	0	0	0.01	0	2.02
3717	0	0	0.01	0	2.02
3730	0	0	0.01	0	2.02
3747	0	0	0.01	0	2.02
3762	0	0	0.01	0	2.71
3775	0	0	0.01	0	2.71
3788	0	0	0.01	0	2.71
3803	0	0	0.01	0	2.71
3818	0	0	0.01	0	2.71
3834	0	0	0.01	0	2.71
3846	0	0	0.01	0	2.71
3861	0	0	0.01	0	3.39
3876	0	0	0.01	0	3.39
3892	0	0	0.01	0	3.39
3907	0	0	0.01	0	3.39
3922	0	0	0.01	0	3.39
3935	0	0	0	-0.52	3.39
3948	0	0	-0.01	-1.06	3.39
3964	0	0	-0.02	0	2.48
3977	0	0	-0.02	0	2.48
3992	0	0	-0.02	0	2.48
4007	0	0	-0.02	0	2.48
4025	0	0	-0.02	0	2.48
4038	0	0	-0.02	0	2.48
4051	0	0	-0.01	0.82	2.48
4067	0	0	0	0	1.24
4080	0	0	0	0.27	1.24
4093	0	0	0.01	0.27	1.24
4108	0	0	0.01	0.19	1.24
4125	0	0	0.01	0	1.24
4138	0	0	0.01	0	1.24
4153	0	0	0.01	0	1.24
4170	0	0	0.01	0	1.86
4185	0	0	0.01	0	1.86
4200	0	0	0.01	0	1.86
4217	0	0	0.01	0	1.86
4230	0	0	0.01	0	1.86
4245	0	0	0.01	0	1.86
4262	0	0	0.01	0	1.86
4277	0	0	0.01	0	2.56
4290	0	0	0.01	0	2.56
4305	0	0	0.01	0	2.56
4320	0	0	0.01	0	2.56
4337	0	0	0.01	0	2.56
4352	0	0	0	-0.31	2.56
4365	0	0	-0.01	-0.57	2.56
4380	0	0	-0.01	0	2.19
4393	0	0	-0.01	0	2.19
4410	0	0	-0.01	0	2.19
4423	0	0	-0.01	0	2.19
4440	0	0	-0.01	0	2.19
4455	0	0	-0.01	0	2.19
4472	0	0	-0.01	0	2.19
4485	0	0	-0.01	0	1.33
4498	0	0	-0.01	0	1.33
4513	0	0	-0.01	0	1.33
4526	0	0	-0.01	0	1.33
4539	0	0	-0.01	0	1.33
4554	0	0	-0.01	0	1.33
4569	0	0	0	0.05	1.33
4582	0	0	0	0.05	0.96
4595	0	0	0	0.05	0.96
4608	0	0	0	0.05	0.96
4621	0	0	0	0.05	0.96
4636	0	0	0	0.05	0.96
4649	0	0	0	0.05	0.96
4664	0	0	0	0.05	0.96
4679	0	0	0	0.05	0.96
4692	0	0	0	0.04	0.96
4705	0	0	0	0.04	0.96
4718	0	0	0	0.04	0.96
4733	0	0	0	0.03	0.96
4748	0	0	0	0.03	0.96
4761	0	0	0	0.03	0.96
4774	0	0	0	0.03	0.96
4787	0	0	0	0.02	0.95
4800	0	0	0	0	0.95
4813	0	0	0	0	0.95
4826	0	0	0	0	0.95
4839	0	0	0	0	0.95
4852	0	0	0	0	0.95
4865	0	0	0	0	0.95
4878	0	0	0	0	0.95
4891	0	0	0	0	0.94
4904	0	0	0	0	0.94
4917	0	0	0	0	0.94
4930	0	0	0	0	0.94
4943	0	0	0	0	0.94
4956	0	0	0	0	0.94
4973	0	0	0	0	0.94
4986	0	0	0	0	0.94
4999	0	0	0	0	0.94
5012	0	0	0	0	0.94
5025	0	0	0	0	0.94
5044	0	0	0	0	0.94
5057	0	0	0	0	0.94
5070	0	0	0	0	0.94
5089	0	0	0	0	0.94
5108	0	0	0	0	0.94
5121	0	0	0	0	0.94
5139	0	0	0	0	0.94
5152	0	0	0	0	0.94
5165	0	0	0	0	0.94
5178	0	0	0	0	0.94
5191	0	0	0	0	0.94
5204	0	0	0	0	0.94
5217	0	0	0	0	0.94
5232	0	0	0	0	0.94
5245	0	0	0	0	0.94
5258	0	0	0	0	0.94
5276	0	0	0	0	0.94
5289	0	0	0	0	0.94
5305	0	0	0	0	0.94
5321	0	0	0	0	0.94
5334	0	0	0	0	0.94
5347	0	0	0	0	0.94
5360	0	0	0	0	0.94
5373	0	0	0	0	0.94
5386	0	0	0	0	0.94
5399	0	0	0	0	0.94
5414	0	0	0	0	0.94
5427	0	0	0	0	0.94
5440	0	0	0	0	0.94
5453	0	0	0	0	0.94
5466	0	0	0	0	0.94
5479	0	0	0	0	0.94
5496	0	0	0	0	0.94
5511	0	0	0	0	0.94
5526	0	0	0	0	0.94
5539	0	0	0	0	0.94
5556	0	0	0	0	0.94
5571	0	0	0	0	0.94
5588	0	0	0	0	0.94
5603	0	0	0	0	0.94
5616	0	0	0	0	0.94
5629	0	0	0	0	0.94
5643	0	0	0	0	0.94
5657	0	0	0	0	0.94
5671	0	0	0	0	0.94
5683	0	0	0	0	0.94
5699	0	0	0	0	0.94
5712	0	0	0	0	0.94
5725	0	0	0	0	0.94
5738	0	0	0	0	0.94
5753	0	0	0	0	0.94
5768	0	0	0	0	0.94
5781	0	0	0	0	0.94
5796	0	0	0	0	0.94
5809	0	0	0	0	0.94
5822	0	0	0	0	0.94
5836	0	0	0	0	0.94
5849	0	0	0	0	0.94
5864	0	0	0	0	0.94
5879	0	0	0	0	0.94
5894	0	0	0	0	0.94
5907	0	0	0	0	0.94
5922	0	0	0	0	0.94
5937	0	0	0	0	0.94
5952	0	0	0	0	0.94
5967	0	0	0	0	0.94
5982	0	0	0	0	0.94
5997	0	0	0	0	0.94
6012	0	0	0	0	0.94
6027	0	0	0	0	0.94
6040	0	0	0	0	0.94
6055	0	0	0	0	0.94
6068	0	0	0	0	0.94
6083	0	0	0	0	0.94
6096	0	0	0	0	0.94
6109	0	0	0	0	0.94
6122	3.38	0	0	0	0.94
6135	3.38	0.0114468864468864	0	0	0.94
6148	3.38	0.0400641025641026	0	1.75	-0.25
6161	3.38	0.0858516483516484	0.05	5.11	-0.25
6178	3.38	0.171703296703297	0.15	8.42	-0.25
6191	3.38	0.280448717948718	0.25	8.94	-0.25
6206	3.38	0.394917582417582	0.4	9.54	-0.25
6221	3.38	0.549450549450549	0.51	10.22	-0.25
6234	3.38	0.732600732600733	0.69	12.44	-0.25
6247	3.38	0.904304029304029	0.88	15.06	-0.25
6262	3.38	1.07600732600733	1.07	15.06	0.02
6275	3.38	1.2706043956044	1.24	12.44	0.02
6290	-3.78	1.43658424908425	1.44	11.45	0.02
6303	-3.78	1.63118131868132	1.58	11.45	0.02
6318	-3.78	1.78571428571429	1.75	11.45	0.02
6334	-3.78	1.9459706959707	1.91	9.54	0.02
6347	-3.78	2.066163003663	2.07	6.98	0.02
6360	-3.78	2.15201465201465	2.16	5.11	0.84
6373	-3.78	2.21497252747253	2.2	3.62	0.84
6387	-3.78	2.26076007326007	2.26	2.37	0.84
6402	-3.78	2.28937728937729	2.27	1.53	0.84
6417	-3.78	2.28937728937729	2.29	0	0.84
6430	-3.78	2.26648351648352	2.29	0	0.84
6445	-3.78	2.22641941391941	2.27	-3.72	0.84
6458	-3.78	2.1577380952381	2.22	-6.5	2.11
6475	-3.78	2.06043956043956	2.09	-8.67	2.11
6489	-3.78	1.94024725274725	1.97	-9.23	2.11
6504	-3.78	1.79143772893773	1.86	-9.87	2.11
6517	-3.78	1.64262820512821	1.67	-11.01	2.11
6530	3.38	1.47664835164835	1.56	-14.31	2.11
6548	3.38	1.2706043956044	1.3	-15.06	2.11
6561	3.38	1.0989010989011	1.12	-11.45	0.99
6576	3.38	0.955815018315018	0.94	-7.34	0.99
6591	3.38	0.847069597069597	0.86	-4.85	0.99
6608	3.38	0.749771062271062	0.79	-5.11	0.99
6623	3.38	0.663919413919414	0.68	-5.11	0.99
6636	3.38	0.623855311355311	0.63	-3.41	0.99
6651	3.38	0.606684981684982	0.6	0	0.99
6666	3.38	0.606684981684982	0.59	0	0.5
6681	3.38	0.635302197802198	0.61	2.62	0.5
6697	3.38	0.698260073260073	0.67	4.94	0.5
6714	3.38	0.778388278388278	0.74	7.34	0.5
6729	3.38	0.910027472527472	0.85	8.94	0.5
6745	3.38	1.04739010989011	1.04	10.22	0.5
6762	3.38	1.21909340659341	1.17	11.45	0.5
6775	3.38	1.43658424908425	1.4	13.01	-0.13
6790	-3.78	1.60828754578755	1.56	13.63	-0.13
6807	-3.78	1.83722527472527	1.81	12.44	-0.13
6824	-3.78	2.00320512820513	1.99	10.6	-0.13
6839	-3.78	2.16918498168498	2.17	7.53	-0.13
6856	-3.78	2.28937728937729	2.26	6.09	-0.13
6871	-3.78	2.39239926739927	2.36	5.11	-0.13
6886	-3.78	2.46680402930403	2.46	3.53	0.57
6899	-3.78	2.49542124542125	2.49	2.03	0.57
6914	-3.78	2.50686813186813	2.51	0.96	0.57
6929	-3.78	2.49542124542125	2.51	0	0.57
6945	-3.78	2.45535714285714	2.49	-2.75	0.57
6962	-3.78	2.39239926739927	2.44	-6.22	0.57
6977	-3.78	2.28937728937729	2.34	-8.67	0.57
6990	-3.78	2.16918498168498	2.19	-9.23	1.76
7005	-3.78	2.04899267399267	2.08	-10.22	1.76
7021	-3.78	1.87156593406593	1.88	-11.01	1.76
7034	3.38	1.67696886446886	1.75	-13.63	1.76
7050	3.38	1.51098901098901	1.51	-13.63	1.76
7065	3.38	1.3507326007326	1.36	-8.94	1.76
7078	3.38	1.21909340659341	1.21	-5.72	1.76
7095	3.38	1.13324175824176	1.16	-3.92	1.09
7112	3.38	1.03594322344322	1.07	-4.47	1.09
7125	3.38	0.984432234432235	1.01	-4.21	1.09
7142	3.38	0.961538461538462	0.96	-1.63	1.09
7155	3.38	0.967261904761905	0.94	0	1.09
7168	3.38	0.984432234432235	0.96	2.45	1.09
7183	3.38	1.03021978021978	1.01	4.03	1.09
7196	3.38	1.10462454212454	1.06	6.36	-0.19
7212	3.38	1.19619963369963	1.16	8.42	-0.19
7225	3.38	1.31639194139194	1.28	9.23	-0.19
7240	3.38	1.45375457875458	1.43	10.6	-0.19
7255	3.38	1.61973443223443	1.57	13.01	-0.19
7273	3.38	1.82005494505495	1.81	14.31	-0.19
7288	-3.78	2.05471611721612	2	15.06	-0.19
7301	-3.78	2.24931318681319	2.24	11.92	0.46
7314	-3.78	2.40384615384615	2.36	11.45	0.46
7331	-3.78	2.54693223443223	2.55	9.23	0.46
7344	-3.78	2.7014652014652	2.68	7.15	0.46
7357	-3.78	2.79304029304029	2.78	6.09	0.46
7370	-3.78	2.86744505494505	2.85	5.2	0.46
7383	-3.78	2.92467948717949	2.92	4.03	0.46
7396	-3.78	2.95902014652015	2.95	2.34	0.46
7411	-3.78	2.98191391941392	2.98	0	0.83
7424	-3.78	2.97619047619048	2.98	0	0.83
7437	-3.78	2.94757326007326	2.98	0	0.83
7454	-3.78	2.89606227106227	2.93	-4.85	0.83
7467	-3.78	2.82165750915751	2.86	-7.53	0.83
7481	-3.78	2.72435897435897	2.74	-8.42	0.83
7494	-3.78	2.61561355311355	2.64	-9.23	0.83
7507	-3.78	2.48397435897436	2.53	-10.6	1.76
7520	-3.78	2.33516483516484	2.36	-11.45	1.76
7533	3.38	2.16918498168498	2.19	-14.31	1.76
7546	3.38	2.00320512820513	2.05	-15.06	1.76
7561	3.38	1.84867216117216	1.85	-12.44	1.76
7578	3.38	1.69986263736264	1.67	-7.73	1.76
7593	3.38	1.5625	1.57	-4.94	1.76
7612	3.38	1.45375457875458	1.49	-4.85	1.45
7628	3.38	1.37362637362637	1.39	-4.15	1.45
7641	3.38	1.34500915750916	1.35	-2.37	1.45
7654	3.38	1.33356227106227	1.32	-0.9	1.45
7669	3.38	1.34500915750916	1.33	0.79	1.45
7682	3.38	1.37362637362637	1.35	2.62	1.45
7695	3.38	1.43658424908425	1.4	4.85	1.45
7708	3.38	1.50526556776557	1.48	6.98	1.45
7721	3.38	1.59684065934066	1.57	8.67	-0.21
7734	3.38	1.70558608058608	1.7	9.54	-0.21
7747	3.38	1.84294871794872	1.8	10.6	-0.21
7760	3.38	1.99748168498169	1.96	12.44	-0.21
7773	3.38	2.16918498168498	2.15	13.63	-0.21
7788	-3.78	2.33516483516484	2.29	14.31	-0.21
7801	-3.78	2.5297619047619	2.52	13.01	-0.21
7821	-3.78	2.71291208791209	2.71	10.22	-0.21
7834	-3.78	2.88461538461538	2.87	7.15	0.81
7847	-3.78	2.98763736263736	2.98	6.5	0.81
7860	-3.78	3.07348901098901	3.04	5.5	0.81
7873	-3.78	3.13644688644689	3.12	4.54	0.81
7888	-3.78	3.18223443223443	3.17	2.92	0.81
7902	-3.78	3.21085164835165	3.22	1.22	0.81
7915	-3.78	3.21657509157509	3.22	0	0.81
7933	-3.78	3.19368131868132	3.22	0	1.59
7950	-3.78	3.13644688644689	3.18	-5.02	1.59
7965	-3.78	3.05631868131868	3.1	-6.81	1.59
7980	-3.78	2.9532967032967	3	-8.94	1.59
7993	-3.78	2.82738095238095	2.87	-10.22	1.59
8011	-3.78	2.69001831501832	2.69	-11.45	1.59
8024	-3.78	2.48397435897436	2.54	-12.44	1.59
8041	3.38	2.31799450549451	2.36	-14.31	2.17
8056	3.38	2.09478021978022	2.16	-13.01	2.17
8073	3.38	1.88301282051282	1.91	-10.22	2.17
8091	3.38	1.7342032967033	1.75	-7.15	2.17
8108	3.38	1.57967032967033	1.6	-5.72	2.17
8125	3.38	1.48809523809524	1.52	-5.02	2.17
8140	3.38	1.41941391941392	1.45	-4.15	1.42
8156	3.38	1.37934981684982	1.37	-2.37	1.42
8169	3.38	1.37362637362637	1.36	0	1.42
8183	3.38	1.38507326007326	1.37	1.13	1.42
8196	3.38	1.41941391941392	1.39	2.86	1.42
8209	3.38	1.47664835164835	1.43	5.2	1.42
8227	3.38	1.55105311355311	1.53	7.53	1.42
8242	3.38	1.69986263736264	1.64	8.67	-0.01
8259	3.38	1.8143315018315	1.77	9.87	-0.01
8274	3.38	2.00892857142857	1.93	11.45	-0.01
8291	-3.78	2.19207875457875	2.17	13.63	-0.01
8306	-3.78	2.42101648351648	2.37	14.31	-0.01
8319	-3.78	2.59271978021978	2.62	11.01	-0.01
8332	-3.78	2.72435897435897	2.72	7.95	-0.01
8347	-3.78	2.8331043956044	2.79	5.84	0.61
8362	-3.78	2.93040293040293	2.91	5.84	0.61
8375	-3.78	3.01053113553114	2.98	4.77	0.61
8388	-3.78	3.05059523809524	3.05	3.33	0.61
8405	-3.78	3.07921245421245	3.08	1.62	0.61
8421	-3.78	3.07921245421245	3.09	0	0.61
8436	-3.78	3.05631868131868	3.08	-1.45	0.61
8451	-3.78	3.00480769230769	3.06	-4.94	2.04
8464	-3.78	2.91895604395604	2.94	-7.15	2.04
8477	-3.78	2.8331043956044	2.87	-8.67	2.04
8490	-3.78	2.72435897435897	2.72	-9.23	2.04
8503	-3.78	2.59844322344322	2.63	-9.54	2.04
8516	-3.78	2.44391025641026	2.5	-11.01	2.04
8529	-3.78	2.2779304029304	2.32	-13.63	2.04
8542	3.38	2.10622710622711	2.16	-15.06	2.04
8555	3.38	1.93452380952381	1.95	-14.31	1.61
8572	3.38	1.76282051282051	1.76	-11.01	1.61
8585	3.38	1.61401098901099	1.61	-7.53	1.61
8598	3.38	1.49954212454212	1.5	-5.84	1.61
8611	3.38	1.41369047619048	1.45	-5.61	1.61
8624	3.38	1.33928571428571	1.36	-4.94	1.61
8637	3.38	1.28777472527473	1.31	-4.15	1.61
8651	3.38	1.25915750915751	1.25	-2.11	0.79
8664	3.38	1.25343406593407	1.24	0	0.79
8677	3.38	1.26488095238095	1.25	1.15	0.79
8690	3.38	1.28777472527473	1.28	2.58	0.79
8703	3.38	1.33928571428571	1.3	4.47	0.79
8716	3.38	1.40796703296703	1.38	6.36	0.79
8729	3.38	1.49381868131868	1.45	7.95	0.79
8742	3.38	1.59684065934066	1.58	9.23	0.79
8755	3.38	1.72275641025641	1.69	10.6	-0.1
8768	3.38	1.87156593406593	1.85	11.45	-0.1
8781	-3.78	2.03182234432234	2.02	13.63	-0.1
8794	-3.78	2.20352564102564	2.15	14.31	-0.1
8807	-3.78	2.35805860805861	2.35	11.92	-0.1
8820	-3.78	2.4896978021978	2.52	8.67	-0.1
8833	-3.78	2.60416666666667	2.59	5.84	-0.1
8846	-3.78	2.69574175824176	2.68	5.11	-0.1
8861	-3.78	2.77014652014652	2.74	4.85	0.3
8876	-3.78	2.8331043956044	2.82	3.97	0.3
8889	-3.78	2.86172161172161	2.87	2.06	0.3
8902	-3.78	2.86744505494505	2.88	0	0.3
8915	-3.78	2.85599816849817	2.87	-0.67	0.3
8928	-3.78	2.82738095238095	2.84	-2.34	0.3
8941	-3.78	2.77014652014652	2.82	-4.85	0.3
8954	-3.78	2.7014652014652	2.74	-7.34	1.97
8969	-3.78	2.61561355311355	2.63	-8.67	1.97
8982	-3.78	2.4896978021978	2.52	-8.94	1.97
8995	-3.78	2.35805860805861	2.39	-10.6	1.97
9010	-3.78	2.21497252747253	2.23	-13.01	1.97
9025	-3.78	2.02037545787546	2.05	-13.63	1.97
9040	3.38	1.80288461538462	1.8	-14.31	1.97
9057	3.38	1.59684065934066	1.59	-12.44	1.19
9070	3.38	1.43658424908425	1.45	-9.87	1.19
9085	3.38	1.3106684981685	1.3	-7.53	1.19
9101	3.38	1.19047619047619	1.22	-6.36	1.19
9118	3.38	1.09317765567766	1.1	-5.2	1.19
9134	3.38	1.02449633699634	1.03	-3.33	1.19
9149	3.38	0.990155677655678	0.99	-1.65	1.19
9166	3.38	0.978708791208791	0.98	0	0.95
9181	3.38	1.00160256410256	0.98	0	0.95
9194	3.38	1.05311355311355	1.01	4.27	0.95
9207	3.38	1.11034798534799	1.09	6.36	0.95
9224	3.38	1.18475274725275	1.15	7.73	0.95
9239	3.38	1.32211538461538	1.3	9.87	0.95
9252	3.38	1.47092490842491	1.43	10.22	0.95
9267	3.38	1.61401098901099	1.6	11.92	-0.15
9282	-3.78	1.8143315018315	1.75	13.63	-0.15
9302	-3.78	2.04326923076923	2.02	15.06	-0.15
9319	-3.78	2.2378663003663	2.23	9.87	-0.15
9335	-3.78	2.42101648351648	2.42	6.09	-0.15
9352	-3.78	2.52403846153846	2.49	5.72	-0.15
9367	-3.78	2.621336996337	2.57	5.02	0.28
9382	-3.78	2.67857142857143	2.68	3.81	0.28
9397	-3.78	2.71291208791209	2.72	1.64	0.28
9411	-3.78	2.72435897435897	2.73	0	0.28
9426	-3.78	2.70718864468864	2.72	-0.74	0.28
9441	-3.78	2.66712454212454	2.7	-3.29	0.28
9454	-3.78	2.59844322344322	2.63	-5.61	0.28
9468	-3.78	2.51259157509158	2.56	-7.53	1.96
9486	-3.78	2.4095695970696	2.46	-9.23	1.96
9502	-3.78	2.2378663003663	2.24	-10.22	1.96
9517	-3.78	2.06043956043956	2.11	-11.92	1.96
9531	3.38	1.86584249084249	1.88	-13.63	1.96
9546	3.38	1.68269230769231	1.75	-13.63	1.96
9559	3.38	1.50526556776557	1.48	-11.92	1.96
9573	3.38	1.36217948717949	1.37	-8.67	0.86
9590	3.38	1.24771062271062	1.25	-6.36	0.86
9605	3.38	1.12751831501832	1.16	-5.3	0.86
9618	3.38	1.04739010989011	1.06	-5.02	0.86
9631	3.38	1.00160256410256	1.01	-3.97	0.86
9646	3.38	0.972985347985348	0.97	-1.49	0.86
9659	3.38	0.967261904761905	0.96	0	0.86
9674	3.38	0.984432234432235	0.97	1.21	0.29
9687	3.38	1.02449633699634	0.99	3.25	0.29
9701	3.38	1.08173076923077	1.05	5.5	0.29
9718	3.38	1.16185897435897	1.12	7.73	0.29
9733	3.38	1.29349816849817	1.28	8.94	0.29
9750	3.38	1.43658424908425	1.4	11.01	0.29
9765	3.38	1.65407509157509	1.62	13.01	0.29
9780	3.38	1.84294871794872	1.81	14.31	-0.23
9793	-3.78	2.00892857142857	1.97	13.63	-0.23
9808	-3.78	2.1978021978022	2.19	11.45	-0.23
9823	-3.78	2.32371794871795	2.31	9.23	-0.23
9837	-3.78	2.46108058608059	2.45	6.65	-0.23
9850	-3.78	2.55265567765568	2.52	5.84	-0.23
9864	-3.78	2.63278388278388	2.62	5.4	-0.23
9883	-3.78	2.69001831501832	2.67	3.37	0.68
9897	-3.78	2.72435897435897	2.73	1.09	0.68
9910	-3.78	2.72435897435897	2.73	0	0.68
9927	-3.78	2.7014652014652	2.72	-1.5	0.68
9940	-3.78	2.6614010989011	2.7	-3.72	0.68
9954	-3.78	2.59271978021978	2.63	-6.22	0.68
9967	-3.78	2.51259157509158	2.56	-7.73	0.68
9982	-3.78	2.39239926739927	2.48	-9.54	1.89
9997	-3.78	2.2378663003663	2.27	-10.6	1.89
10010	-3.78	2.09478021978022	2.14	-11.92	1.89
10024	-3.78	1.91735347985348	1.96	-13.63	1.89
10039	3.38	1.74565018315018	1.8	-14.31	1.89
10056	3.38	1.55677655677656	1.54	-13.01	1.89
10071	3.38	1.36217948717949	1.37	-9.87	1.89
10085	3.38	1.19619963369963	1.2	-7.73	1
10101	3.38	1.08745421245421	1.13	-6.5	1
10114	3.38	0.990155677655678	1.04	-6.09	1
10127	3.38	0.927197802197802	0.96	-4.85	1
10140	3.38	0.881410256410256	0.88	-3.41	1
10153	3.38	0.858516483516484	0.85	-1.47	1
10166	3.38	0.858516483516484	0.85	0	1
10179	3.38	0.86996336996337	0.85	1.3	1
10194	3.38	0.910027472527472	0.89	3.41	0.04
10207	3.38	0.967261904761905	0.93	5.4	0.04
10220	3.38	1.04166666666667	1.02	7.34	0.04
10233	3.38	1.1389652014652	1.13	8.67	0.04
10246	3.38	1.25343406593407	1.21	9.87	0.04
10259	3.38	1.3907967032967	1.38	11.45	0.04
10272	3.38	1.53960622710623	1.49	12.44	0.04
10290	-3.78	1.71130952380952	1.67	13.01	0.04
10305	-3.78	1.94024725274725	1.91	13.63	0.15
10318	-3.78	2.11195054945055	2.11	10.6	0.15
10335	-3.78	2.24358974358974	2.26	7.95	0.15
10348	-3.78	2.38095238095238	2.36	6.22	0.15
10361	-3.78	2.46680402930403	2.43	5.5	0.15
10374	-3.78	2.5297619047619	2.51	4.94	0.15
10387	-3.78	2.57554945054945	2.58	3.37	0.15
10402	-3.78	2.60416666666667	2.6	1.19	0.75
10417	-3.78	2.60989010989011	2.62	0	0.75
10430	-3.78	2.59271978021978	2.61	-0.5	0.75
10445	-3.78	2.54693223443223	2.59	-3.41	0.75
10464	-3.78	2.47252747252747	2.5	-7.34	0.75
10478	-3.78	2.35233516483516	2.39	-8.94	0.75
10491	-3.78	2.24931318681319	2.26	-9.54	0.75
10508	-3.78	2.11767399267399	2.12	-10.22	1.63
10526	-3.78	1.91735347985348	1.97	-13.63	1.63
10539	3.38	1.68841575091575	1.73	-14.31	1.63
10552	3.38	1.52815934065934	1.52	-13.63	1.63
10565	3.38	1.3907967032967	1.4	-11.45	1.63
10578	3.38	1.26488095238095	1.25	-7.15	1.63
10595	3.38	1.15041208791209	1.16	-4.69	1.63
10610	3.38	1.04739010989011	1.09	-4.62	1.31
10625	3.38	0.995879120879121	1.01	-4.34	1.31
10642	3.38	0.955815018315018	0.96	-2.62	1.31
10657	3.38	0.938644688644689	0.93	0	1.31
10670	3.38	0.955815018315018	0.94	1.03	1.31
10685	3.38	0.990155677655678	0.96	3.29	1.31
10700	3.38	1.05311355311355	1.02	6.09	1.31
10715	3.38	1.1389652014652	1.1	7.53	-0.15
10728	3.38	1.25915750915751	1.24	8.42	-0.15
10743	3.38	1.37934981684982	1.34	9.54	-0.15
10761	3.38	1.55105311355311	1.54	11.92	-0.15
10778	3.38	1.7742673992674	1.71	14.31	-0.15
10793	-3.78	1.99748168498169	1.99	13.63	-0.15
10808	-3.78	2.18635531135531	2.16	11.92	-0.15
10821	-3.78	2.36950549450549	2.36	9.87	0.55
10836	-3.78	2.4896978021978	2.47	8.18	0.55
10849	-3.78	2.61561355311355	2.59	6.5	0.55
10866	-3.78	2.71863553113553	2.7	5.5	0.55
10883	-3.78	2.79304029304029	2.78	4.34	0.55
10898	-3.78	2.84455128205128	2.84	1.97	0.55
10913	-3.78	2.86172161172161	2.86	0.82	0.55
10930	-3.78	2.85027472527473	2.86	0	0.87
10945	-3.78	2.81021062271062	2.84	-2.22	0.87
10958	-3.78	2.74725274725275	2.8	-5.61	0.87
10973	-3.78	2.67284798534799	2.74	-7.53	0.87
10988	-3.78	2.54120879120879	2.56	-9.54	0.87
11001	-3.78	2.42101648351648	2.46	-10.6	0.87
11016	-3.78	2.28365384615385	2.34	-11.92	0.87
11031	-3.78	2.10050366300366	2.15	-13.01	1.91
11048	3.38	1.90590659340659	1.96	-14.31	1.91
11064	3.38	1.69413919413919	1.7	-11.45	1.91
11079	3.38	1.53960622710623	1.55	-7.34	1.91
11092	3.38	1.41941391941392	1.44	-5.5	1.91
11107	3.38	1.32783882783883	1.37	-5.3	1.91
11122	3.38	1.24198717948718	1.27	-4.77	1.91
11137	3.38	1.19619963369963	1.21	-3.33	1.23
11150	3.38	1.1790293040293	1.17	-1.49	1.23
11163	3.38	1.1790293040293	1.16	0	1.23
11176	3.38	1.20192307692308	1.17	2.22	1.23
11193	3.38	1.24198717948718	1.2	4.15	1.23
11206	3.38	1.32783882783883	1.27	6.5	1.23
11221	3.38	1.41369047619048	1.39	8.42	1.23
11234	3.38	1.53388278388278	1.49	8.94	-0.12
11247	3.38	1.65407509157509	1.59	10.22	-0.12
11260	3.38	1.80860805860806	1.8	11.45	-0.12
11274	3.38	1.97458791208791	1.91	13.63	-0.12
11287	3.38	2.14629120879121	2.11	13.63	-0.12
11300	-3.78	2.31227106227106	2.28	13.01	-0.12
11313	-3.78	2.47825091575092	2.44	11.92	-0.12
11330	-3.78	2.64423076923077	2.63	9.87	-0.12
11345	-3.78	2.80448717948718	2.79	7.53	0.59
11360	-3.78	2.90750915750916	2.88	7.15	0.59
11378	-3.78	3.01625457875458	2.99	5.4	0.59
11393	-3.78	3.07921245421245	3.06	3.37	0.59
11410	-3.78	3.11927655677656	3.12	1.2	0.59
11425	-3.78	3.13072344322344	3.13	0	0.59
11438	-3.78	3.11355311355311	3.13	0	0.59
11451	-3.78	3.07921245421245	3.11	-2.78	1.75
11471	-3.78	3.00480769230769	3.06	-6.5	1.75
11486	-3.78	2.89606227106227	2.95	-9.23	1.75
11503	-3.78	2.74725274725275	2.77	-9.87	1.75
11518	-3.78	2.59844322344322	2.63	-10.22	1.75
11531	3.38	2.42101648351648	2.47	-12.44	1.75
11547	3.38	2.24358974358974	2.29	-13.01	1.75
11562	3.38	2.066163003663	2.05	-11.92	1.51
11575	3.38	1.91735347985348	1.93	-8.42	1.51
11588	3.38	1.8143315018315	1.81	-5.72	1.51
11601	3.38	1.72275641025641	1.73	-4.4	1.51
11614	3.38	1.65407509157509	1.69	-4.4	1.51
11627	3.38	1.60828754578755	1.62	-3.92	1.51
11645	3.38	1.57394688644689	1.58	-2.25	1.51
11660	3.38	1.5625	1.55	0	0.62
11677	3.38	1.59111721611722	1.56	1.93	0.62
11692	3.38	1.64835164835165	1.61	4.85	0.62
11710	3.38	1.72847985347985	1.71	7.73	0.62
11727	3.38	1.84867216117216	1.81	8.94	0.62
11744	3.38	2.00320512820513	1.99	9.87	0.62
11758	3.38	2.20352564102564	2.19	11.01	-0.29
11775	3.38	2.36950549450549	2.3	13.63	-0.29
11788	-3.78	2.58699633699634	2.56	14.31	-0.29
11801	-3.78	2.75297619047619	2.77	13.01	-0.29
11818	-3.78	2.89606227106227	2.88	9.54	-0.29
11835	-3.78	3.06204212454212	3.05	6.98	-0.29
11850	-3.78	3.18795787545788	3.17	5.96	-0.29
11867	-3.78	3.26808608058608	3.25	5.11	0.35
11884	-3.78	3.33104395604396	3.34	2.98	0.35
11901	-3.78	3.36538461538462	3.37	0.95	0.35
11916	-3.78	3.36538461538462	3.37	0	0.35
11929	-3.78	3.3367673992674	3.36	-1.66	0.35
11944	-3.78	3.29097985347985	3.33	-4.4	0.35
11961	-3.78	3.21657509157509	3.25	-6.98	0.35
11976	-3.78	3.09638278388278	3.14	-8.94	1.9
11993	-3.78	2.96474358974359	2.99	-9.87	1.9
12010	-3.78	2.78159340659341	2.79	-11.45	1.9
12025	-3.78	2.56410256410256	2.63	-13.63	1.9
12042	3.38	2.37522893772894	2.39	-14.31	1.9
12057	3.38	2.15201465201465	2.14	-12.44	1.9
12072	3.38	1.98031135531136	2	-10.6	0.87
12089	3.38	1.82577838827839	1.83	-7.95	0.87
12106	3.38	1.66552197802198	1.69	-6.09	0.87
12121	3.38	1.56822344322344	1.6	-5.84	0.87
12134	3.38	1.49954212454212	1.52	-4.62	0.87
12149	3.38	1.45947802197802	1.46	-2.86	0.87
12164	3.38	1.44230769230769	1.43	0	0.87
12179	3.38	1.44803113553114	1.44	0.76	0.44
12192	3.38	1.4823717948718	1.45	2.37	0.44
12207	3.38	1.52815934065934	1.5	4.47	0.44
12224	3.38	1.60828754578755	1.56	6.98	0.44
12243	3.38	1.75137362637363	1.73	9.23	0.44
12260	3.38	1.91735347985348	1.87	10.6	0.44
12276	3.38	2.13484432234432	2.11	13.01	0.44
12290	3.38	2.32944139194139	2.3	14.31	-0.23
12305	-3.78	2.4896978021978	2.46	13.63	-0.23
12320	-3.78	2.71863553113553	2.7	12.44	-0.23
12333	-3.78	2.86172161172161	2.83	10.6	-0.23
12348	-3.78	3.02197802197802	3	8.42	-0.23
12363	-3.78	3.125	3.1	7.15	-0.23
12378	-3.78	3.24519230769231	3.23	5.61	-0.23
12395	-3.78	3.31387362637363	3.3	3.97	0.41
12408	-3.78	3.35966117216117	3.35	2.65	0.41
12421	-3.78	3.3768315018315	3.38	1.18	0.41
12436	-3.78	3.37110805860806	3.38	0	0.41
12449	-3.78	3.35393772893773	3.38	-1.09	0.41
12462	-3.78	3.30815018315018	3.33	-4.27	0.41
12475	-3.78	3.25091575091575	3.29	-5.72	0.41
12493	-3.78	3.14789377289377	3.21	-7.95	1.75
12510	-3.78	3.00480769230769	3.03	-9.87	1.75
12525	-3.78	2.85027472527473	2.9	-10.6	1.75
12542	3.38	2.64423076923077	2.68	-13.63	1.75
12557	3.38	2.4496336996337	2.51	-13.63	1.75
12573	3.38	2.27220695970696	2.27	-11.45	1.75
12586	3.38	2.12912087912088	2.12	-7.73	1.75
12599	3.38	2.02037545787546	2.01	-4.94	0.48
12612	3.38	1.93452380952381	1.96	-4.09	0.48
12627	3.38	1.87156593406593	1.9	-4.54	0.48
12642	3.38	1.8143315018315	1.83	-3.53	0.48
12655	3.38	1.79716117216117	1.79	-1.84	0.48
12668	3.38	1.79143772893773	1.78	0	0.48
12683	3.38	1.80860805860806	1.79	1.9	0.48
12696	3.38	1.8543956043956	1.83	3.72	-0.1
12709	3.38	1.91735347985348	1.89	5.72	-0.1
12722	3.38	1.99748168498169	1.96	7.73	-0.1
12737	3.38	2.10050366300366	2.09	9.23	-0.1
12750	3.38	2.23214285714286	2.2	9.87	-0.1
12763	3.38	2.38095238095238	2.35	11.45	-0.1
12776	3.38	2.53548534798535	2.52	13.01	-0.1
12789	-3.78	2.7014652014652	2.65	15.06	-0.1
12802	-3.78	2.84455128205128	2.87	11.92	0.1
12815	-3.78	2.98191391941392	2.98	9.23	0.1
12828	-3.78	3.09638278388278	3.1	5.84	0.1
12843	-3.78	3.19368131868132	3.18	4.94	0.1
12856	-3.78	3.27380952380952	3.24	4.85	0.1
12869	-3.78	3.33104395604396	3.31	4.15	0.1
12884	-3.78	3.36538461538462	3.37	2.49	0.1
12897	-3.78	3.3768315018315	3.38	1.19	0.74
12910	-3.78	3.36538461538462	3.38	-0.73	0.74
12923	-3.78	3.3367673992674	3.37	-2.55	0.74
12938	-3.78	3.29097985347985	3.33	-4.77	0.74
12951	-3.78	3.21085164835165	3.23	-6.81	0.74
12966	-3.78	3.11927655677656	3.17	-8.94	0.74
12981	-3.78	2.98763736263736	3.01	-9.87	0.74
12999	-3.78	2.8331043956044	2.83	-11.01	0.74
13012	-3.78	2.621336996337	2.66	-13.63	1.72
13025	-3.78	2.4496336996337	2.53	-14.31	1.72
13040	3.38	2.2779304029304	2.3	-14.31	1.72
13055	3.38	2.08905677655678	2.13	-12.44	1.72
13070	3.38	1.90018315018315	1.89	-11.01	1.72
13085	3.38	1.75137362637363	1.76	-8.42	1.72
13100	3.38	1.61401098901099	1.63	-6.5	1.72
13113	3.38	1.51098901098901	1.53	-5.61	0.85
13128	3.38	1.43658424908425	1.45	-4.85	0.85
13145	3.38	1.37934981684982	1.4	-3.67	0.85
13161	3.38	1.3507326007326	1.34	-0.98	0.85
13173	3.38	1.34500915750916	1.34	0	0.85
13188	3.38	1.36790293040293	1.35	1.45	0.85
13203	3.38	1.41369047619048	1.38	3.72	0.85
13216	3.38	1.48809523809524	1.45	6.09	-0.42
13231	3.38	1.59111721611722	1.56	8.67	-0.42
13244	3.38	1.68841575091575	1.66	9.87	-0.42
13257	3.38	1.8143315018315	1.8	10.6	-0.42
13274	3.38	1.9860347985348	1.98	12.44	-0.42
13287	-3.78	2.18063186813187	2.12	13.63	-0.42
13303	-3.78	2.35805860805861	2.35	13.63	-0.42
13318	-3.78	2.53548534798535	2.52	11.01	0.39
13334	-3.78	2.68429487179487	2.71	7.95	0.39
13349	-3.78	2.80448717948718	2.78	5.4	0.39
13362	-3.78	2.90178571428571	2.87	4.94	0.39
13379	-3.78	2.96474358974359	2.96	4.54	0.39
13392	-3.78	3.00480769230769	3	2.65	0.39
13409	-3.78	3.02197802197802	3.03	0	0.39
13424	-3.78	3.01625457875458	3.03	-0.68	1.03
13437	-3.78	2.97619047619048	3	-2.58	1.03
13452	-3.78	2.92467948717949	2.95	-4.94	1.03
13465	-3.78	2.83882783882784	2.87	-7.15	1.03
13478	-3.78	2.74725274725275	2.78	-8.67	1.03
13495	-3.78	2.63850732600733	2.66	-9.54	1.03
13510	-3.78	2.45535714285714	2.48	-11.01	1.03
13523	-3.78	2.2779304029304	2.32	-12.44	1.69
13540	3.38	2.08333333333333	2.12	-15.06	1.69
13555	3.38	1.88301282051282	1.89	-13.63	1.69
13572	3.38	1.68269230769231	1.68	-9.87	1.69
13589	3.38	1.54532967032967	1.56	-6.81	1.69
13607	3.38	1.3907967032967	1.42	-5.72	1.69
13624	3.38	1.3106684981685	1.35	-5.3	1.69
13639	3.38	1.24771062271062	1.25	-3.41	0.74
13656	3.38	1.21336996336996	1.21	-1.09	0.74
13671	3.38	1.21909340659341	1.21	0.91	0.74
13687	3.38	1.24771062271062	1.24	2.29	0.74
13704	3.38	1.29922161172161	1.27	4.62	0.74
13717	3.38	1.39652014652015	1.37	6.36	0.74
13734	3.38	1.48809523809524	1.43	8.42	0.74
13747	3.38	1.63690476190476	1.6	10.22	-0.39
13760	3.38	1.77999084249084	1.75	11.45	-0.39
13775	3.38	1.97458791208791	1.93	13.63	-0.39
13790	-3.78	2.14056776556777	2.08	14.31	-0.39
13803	-3.78	2.33516483516484	2.35	13.63	-0.39
13818	-3.78	2.48397435897436	2.47	11.45	-0.39
13833	-3.78	2.63850732600733	2.63	8.18	-0.39
13846	-3.78	2.77014652014652	2.72	6.65	0.36
13859	-3.78	2.86172161172161	2.84	6.09	0.36
13874	-3.78	2.94184981684982	2.92	4.77	0.36
13891	-3.78	2.98763736263736	2.98	2.98	0.36
13904	-3.78	3.02197802197802	3.03	1.08	0.36
13920	-3.78	3.02770146520147	3.03	0	0.36
13935	-3.78	3.01053113553114	3.02	-1.01	0.36
13948	-3.78	2.96474358974359	3	-3.18	1.45
13964	-3.78	2.89033882783883	2.93	-6.09	1.45
13977	-3.78	2.80448717948718	2.85	-7.95	1.45
13992	-3.78	2.69574175824176	2.71	-9.87	1.45
14007	-3.78	2.55265567765568	2.59	-10.6	1.45
14022	-3.78	2.35233516483516	2.39	-12.44	1.45
14035	3.38	2.19207875457875	2.24	-13.63	1.45
14052	3.38	2.00320512820513	2.08	-13.63	1.2
14067	3.38	1.82005494505495	1.8	-11.01	1.2
14084	3.38	1.67696886446886	1.68	-7.73	1.2
14097	3.38	1.53388278388278	1.56	-5.72	1.2
14112	3.38	1.44803113553114	1.48	-5.5	1.2
14127	3.38	1.37934981684982	1.4	-4.54	1.2
14142	3.38	1.33356227106227	1.34	-3.04	1.2
14155	3.38	1.31639194139194	1.3	-1.25	0.29
14168	3.38	1.3106684981685	1.3	0	0.29
14183	3.38	1.33928571428571	1.32	1.66	0.29
14196	3.38	1.38507326007326	1.35	3.92	0.29
14209	3.38	1.44803113553114	1.4	5.96	0.29
14224	3.38	1.52815934065934	1.48	8.94	0.29
14237	3.38	1.65407509157509	1.64	9.23	0.29
14254	3.38	1.7742673992674	1.74	9.87	0.29
14269	3.38	1.99175824175824	1.95	11.92	-0.35
14284	-3.78	2.1577380952381	2.09	13.63	-0.35
14300	-3.78	2.36378205128205	2.36	14.31	-0.35
14317	-3.78	2.54120879120879	2.51	11.01	-0.35
14334	-3.78	2.71291208791209	2.68	7.34	-0.35
14347	-3.78	2.85027472527473	2.83	5.72	-0.35
14364	-3.78	2.92467948717949	2.9	5.5	-0.35
14383	-3.78	3.01053113553114	3	3.87	0.25
14398	-3.78	3.05059523809524	3.05	1.63	0.25
14411	-3.78	3.06204212454212	3.07	0	0.25
14424	-3.78	3.04487179487179	3.06	-0.46	0.25
14439	-3.78	3.01053113553114	3.04	-2.62	0.25
14456	-3.78	2.94757326007326	2.98	-6.22	0.25
14473	-3.78	2.84455128205128	2.9	-8.42	0.25
14490	-3.78	2.70718864468864	2.71	-9.54	1.4
14503	-3.78	2.54693223443223	2.58	-9.87	1.4
14519	-3.78	2.38667582417582	2.42	-13.01	1.4
14534	3.38	2.18635531135531	2.25	-13.63	1.4
14551	3.38	1.99748168498169	2.02	-13.63	1.4
14568	3.38	1.79716117216117	1.84	-11.01	1.4
14586	3.38	1.62545787545788	1.63	-6.5	0.35
14605	3.38	1.48809523809524	1.51	-5.2	0.35
14618	3.38	1.39652014652015	1.43	-4.94	0.35
14636	3.38	1.34500915750916	1.35	-3.37	0.35
14653	3.38	1.31639194139194	1.31	-1.34	0.35
14667	3.38	1.32211538461538	1.3	0.97	0.35
14682	3.38	1.35645604395604	1.32	2.7	0.35
14695	3.38	1.40224358974359	1.37	4.77	-0.27
14712	3.38	1.48809523809524	1.45	6.36	-0.27
14729	3.38	1.59111721611722	1.58	8.94	-0.27
14744	3.38	1.74565018315018	1.71	10.22	-0.27
14759	3.38	1.90590659340659	1.88	11.45	-0.27
14776	3.38	2.08905677655678	2.04	13.01	-0.27
14792	-3.78	2.32371794871795	2.29	14.31	-0.17
14807	-3.78	2.50686813186813	2.48	11.92	-0.17
14822	-3.78	2.66712454212454	2.67	9.23	-0.17
14837	-3.78	2.79876373626374	2.8	6.22	-0.17
14852	-3.78	2.90178571428571	2.87	5.84	-0.17
14865	-3.78	2.98763736263736	2.96	5.11	-0.17
14882	-3.78	3.03342490842491	3.02	3.62	-0.17
14895	-3.78	3.06776556776557	3.07	1.56	0.57
14912	-3.78	3.07348901098901	3.08	0	0.57
14925	-3.78	3.05059523809524	3.07	-1.33	0.57
14938	-3.78	3.01053113553114	3.04	-3.53	0.57
14952	-3.78	2.94184981684982	2.97	-5.72	0.57
14965	-3.78	2.86172161172161	2.91	-8.18	0.57
14978	-3.78	2.75869963369963	2.78	-8.94	0.57
14991	-3.78	2.63850732600733	2.68	-11.01	0.57
15004	-3.78	2.49542124542125	2.5	-10.6	1.39
15017	-3.78	2.34088827838828	2.39	-11.92	1.39
15031	-3.78	2.1577380952381	2.2	-14.31	1.39
15044	3.38	1.9860347985348	2.03	-14.31	1.39
15057	3.38	1.82577838827839	1.88	-11.92	1.39
15073	3.38	1.68269230769231	1.66	-8.94	1.39
15090	3.38	1.53960622710623	1.56	-6.09	1.39
15103	3.38	1.42513736263736	1.45	-5.02	0.84
15119	3.38	1.33928571428571	1.37	-4.77	0.84
15132	3.38	1.28777472527473	1.31	-4.03	0.84
15145	3.38	1.25915750915751	1.26	-2.58	0.84
15160	3.38	1.24771062271062	1.24	0	0.84
15173	3.38	1.25915750915751	1.25	1.11	0.84
15186	3.38	1.29349816849817	1.26	2.81	0.84
15204	3.38	1.36217948717949	1.33	5.84	-0.41
15219	3.38	1.45375457875458	1.41	7.53	-0.41
15236	3.38	1.58539377289377	1.56	9.54	-0.41
15252	3.38	1.7342032967033	1.69	10.22	-0.41
15265	3.38	1.90590659340659	1.84	11.92	-0.41
15279	3.38	2.08333333333333	2.04	13.01	-0.41
15294	-3.78	2.24931318681319	2.2	13.63	-0.41
15307	-3.78	2.43246336996337	2.41	11.92	0.14
15320	-3.78	2.56410256410256	2.55	8.67	0.14
15333	-3.78	2.68429487179487	2.66	6.5	0.14
15347	-3.78	2.78159340659341	2.76	5.61	0.14
15362	-3.78	2.85599816849817	2.83	5.4	0.14
15376	-3.78	2.91895604395604	2.91	3.97	0.14
15389	-3.78	2.9532967032967	2.95	2.07	0.14
15402	-3.78	2.97046703296703	2.97	0.88	0.14
15417	-3.78	2.95902014652015	2.97	0	0.76
15430	-3.78	2.93040293040293	2.96	-2.2	0.76
15448	-3.78	2.87889194139194	2.91	-5.4	0.76
15461	-3.78	2.78159340659341	2.83	-7.34	0.76
15474	-3.78	2.69001831501832	2.7	-9.54	0.76
15487	-3.78	2.58127289377289	2.61	-9.87	0.76
15502	-3.78	2.43818681318681	2.46	-10.6	0.76
15516	-3.78	2.25503663003663	2.3	-11.92	1.57
15529	-3.78	2.07760989010989	2.15	-15.06	1.57
15542	3.38	1.91735347985348	1.99	-15.9	1.57
15555	3.38	1.74565018315018	1.73	-13.63	1.57
15568	3.38	1.58539377289377	1.61	-11.45	1.57
15587	3.38	1.43086080586081	1.44	-8.18	1.57
15600	3.38	1.28777472527473	1.32	-6.22	1.57
15615	3.38	1.19619963369963	1.22	-5.4	0.87
15628	3.38	1.12751831501832	1.16	-4.77	0.87
15642	3.38	1.07600732600733	1.09	-3.49	0.87
15655	3.38	1.058836996337	1.05	-1.82	0.87
15670	3.38	1.05311355311355	1.05	0	0.87
15683	3.38	1.07028388278388	1.06	1.37	0.87
15696	3.38	1.11034798534799	1.08	2.83	0.87
15709	3.38	1.16185897435897	1.13	5.2	0.87
15722	3.38	1.23626373626374	1.2	7.34	-0.46
15735	3.38	1.33356227106227	1.31	8.18	-0.46
15753	3.38	1.44803113553114	1.45	9.54	-0.46
15766	3.38	1.63118131868132	1.59	11.01	-0.46
15782	3.38	1.80288461538462	1.79	13.63	-0.46
15797	-3.78	2.00320512820513	1.95	14.31	-0.46
15810	-3.78	2.20352564102564	2.19	13.63	-0.46
15823	-3.78	2.34661172161172	2.35	11.01	0.46
15838	-3.78	2.48397435897436	2.5	7.95	0.46
15851	-3.78	2.60989010989011	2.58	5.96	0.46
15864	-3.78	2.7014652014652	2.68	5.72	0.46
15879	-3.78	2.76442307692308	2.74	5.11	0.46
15894	-3.78	2.82738095238095	2.81	3.72	0.46
15911	-3.78	2.85599816849817	2.86	1.47	0.46
15926	-3.78	2.86172161172161	2.87	0	0.81
15943	-3.78	2.83882783882784	2.86	-1.88	0.81
15956	-3.78	2.77586996336996	2.8	-4.62	0.81
15969	-3.78	2.71291208791209	2.75	-6.65	0.81
15982	-3.78	2.62706043956044	2.66	-8.67	0.81
15997	-3.78	2.51831501831502	2.53	-9.54	0.81
16010	-3.78	2.38095238095238	2.42	-10.6	0.81
16023	-3.78	2.2378663003663	2.25	-11.45	1.5
16036	3.38	2.07188644688645	2.12	-13.63	1.5
16049	3.38	1.90018315018315	1.93	-13.63	1.5
16062	3.38	1.73992673992674	1.73	-13.01	1.5
16075	3.38	1.61401098901099	1.61	-9.23	1.5
16088	3.38	1.49954212454212	1.49	-6.36	1.5
16103	3.38	1.40224358974359	1.42	-5.11	1.5
16116	3.38	1.3106684981685	1.33	-4.77	1.5
16135	3.38	1.25343406593407	1.26	-4.03	0.96
16150	3.38	1.22481684981685	1.22	-1.92	0.96
16163	3.38	1.21909340659341	1.21	0	0.96
16178	3.38	1.23626373626374	1.22	1.71	0.96
16191	3.38	1.28205128205128	1.25	3.37	0.96
16206	3.38	1.34500915750916	1.31	5.61	0.96
16221	3.38	1.43658424908425	1.42	7.95	0.96
16234	3.38	1.54532967032967	1.53	8.94	-0.28
16251	3.38	1.69413919413919	1.69	10.22	-0.28
16264	3.38	1.86011904761905	1.81	12.44	-0.28
16279	3.38	2.05471611721612	1.99	13.63	-0.28
16292	-3.78	2.22641941391941	2.18	15.06	-0.28
16305	-3.78	2.39239926739927	2.39	13.63	-0.28
16318	-3.78	2.54693223443223	2.53	11.01	-0.28
16332	-3.78	2.69001831501832	2.71	8.67	0.63
16345	-3.78	2.80448717948718	2.79	6.36	0.63
16358	-3.78	2.89606227106227	2.86	6.36	0.63
16371	-3.78	2.97046703296703	2.96	5.4	0.63
16384	-3.78	3.01625457875458	3.01	4.09	0.63
16401	-3.78	3.05631868131868	3.06	1.57	0.63
16416	-3.78	3.06776556776557	3.07	0.55	0.63
16430	-3.78	3.05059523809524	3.06	-0.57	0.63
16443	-3.78	3.01625457875458	3.04	-2.7	1.37
16456	-3.78	2.96474358974359	3	-4.69	1.37
16470	-3.78	2.89033882783883	2.91	-7.73	1.37
16483	-3.78	2.79304029304029	2.84	-8.94	1.37
16496	-3.78	2.67857142857143	2.69	-9.87	1.37
16509	-3.78	2.54693223443223	2.57	-11.45	1.37
16524	-3.78	2.39812271062271	2.46	-12.44	1.37
16538	3.38	2.19207875457875	2.23	-13.63	1.63
16553	3.38	2.00892857142857	2.02	-13.63	1.63
16566	3.38	1.87156593406593	1.88	-10.22	1.63
16581	3.38	1.73992673992674	1.73	-5.96	1.63
16594	3.38	1.64262820512821	1.66	-4.69	1.63
16611	3.38	1.55105311355311	1.59	-4.27	1.63
16628	3.38	1.49381868131868	1.53	-3.97	1.63
16641	3.38	1.45947802197802	1.47	-2.51	0.6
16656	3.38	1.45375457875458	1.44	0	0.6
16670	3.38	1.47092490842491	1.46	1.8	0.6
