0	0	0	0	0	0.88
13	0	0	0	0	0.88
28	0	0	0	0	0.88
43	0	0	0	0	0.88
58	0	0	0	0	0.88
71	0	0	0	0	0.88
84	0	0	0	0	0.88
101	0	0	0	0	0.88
114	0	0	0	0	0.88
129	0	0	0	0	0.88
144	0	0	0	0	0.88
159	0	0	0	0	0.88
172	0	0	0	0	0.88
185	0	0	0	0	0.88
200	0	0	0	0	0.88
213	0	0	0	0	0.88
228	0	0	0	0	0.88
241	0	0	0	0	0.88
254	0	0	0	0	0.88
269	0	0	0	0	0.88
284	0	0	0	0	0.88
297	0	0	0	0	0.88
310	0	0	0	0	0.88
323	0	0	0	0	0.88
336	0	0	0	0	0.88
349	0	0	0	0	0.88
364	0	0	0	0	0.88
379	0	0	0	0	0.88
392	0	0	0	0	0.88
405	0	0	0	0	0.88
418	0	0	0	0	0.88
432	0	0	0	0	0.88
445	0	0	0	0	0.88
460	0	0	0	0	0.88
473	0	0	0	0	0.88
486	0	0	0	0	0.88
499	0	0	0	0	0.88
513	0	0	0	0	0.88
526	0	0	0	0	0.88
539	0	0	0	0	0.88
552	0	0	0	0	0.88
565	0	0	0	0	0.88
578	0	0	0	0	0.88
591	0	0	0	0	0.88
605	0	0	0	0	0.88
617	0	0	0	0	0.88
630	0	0	0	0	0.88
643	0	0	0	0	0.88
656	0	0	0	0	0.88
669	0	0	0	0	0.88
682	0	0	0	0	0.88
695	0	0	0	0	0.88
708	0	0	0	0	0.88
721	0	0	0	0	0.88
734	0	0	0	0	0.88
749	0	0	0	0	0.88
764	0	0	0	0	0.88
779	0	0	0	0	0.88
792	0	0	0	0	0.88
805	0	0	0	0	0.88
818	0	0	0	0	0.88
833	0	0	0	0	0.88
846	0	0	0	0	0.88
863	0	0	0	0	0.88
876	0	0	0	0	0.88
891	0	0	0	0	0.88
904	0	0	0	0	0.88
917	0	0	0	0	0.88
930	0	0	0	0	0.88
945	0	0	0	0	0.88
960	0	0	0	0	0.88
975	0	0	0	0	0.88
990	0	0	0	0	0.88
1004	0	0	0	0	0.88
1016	0	0	0	0	0.88
1029	0	0	0	0	0.88
1046	0	0	0	0	0.88
1061	0	0	0	0	0.88
1078	0	0	0	0	0.88
1093	0	0	0	0	0.88
1110	0	0	0	0	0.88
1123	0	0	0	0	0.88
1140	0	0	0	0	0.88
1153	0	0	0	0	0.88
1168	0	0	0	0	0.88
1181	0	0	0	0	0.88
1194	0	0	0	0	0.88
1209	0	0	0	0	0.88
1222	0	0	0	0	0.88
1235	0	0	0	0	0.88
1248	0	0	0	0	0.88
1263	0	0	0	0	0.88
1276	0	0	0	0	0.88
1291	0	0	0	0	0.88
1306	0	0	0	0	0.88
1319	0	0	0	0	0.88
1334	0	0	0	0	0.88
1349	0	0	0	0	0.88
1366	0	0	0	0	0.88
1381	0	0	0	0	0.88
1398	0	0	0	0	0.88
1411	0	0	0	0	0.88
1426	0	0	0	0	0.88
1439	0	0	0	0	0.88
1452	0	0	0	0	0.88
1467	0	0	0	0	0.88
1482	0	0	0	0	0.88
1497	0	0	0	0	0.88
1511	0	0	0	0	0.88
1523	0	0	0	0	0.88
1540	0	0	0	0	0.88
1554	0	0	0	0	0.88
1567	0	0	0	0	0.88
1580	0	0	0	0	0.88
1593	0	0	0	0	0.88
1608	0	0	0	0	0.88
1621	0	0	0	0	0.88
1634	0	0	0	0	0.88
1647	0	0	0	0	0.88
1660	0	0	0	0	0.88
1673	0	0	0	0	0.88
1688	0	0	0	0	0.88
1703	0	0	0	0	0.88
1718	0	0	0	0	0.88
1731	0	0	0	0	0.88
1744	0	0	0	0	0.88
1761	0	0	0	0	0.88
1774	0	0	0	0	0.88
1789	0	0	0	0	0.88
1802	0	0	0	0	0.88
1819	0	0	0	0	0.88
1832	0	0	0	0	0.88
1847	0	0	0	0	0.88
1863	0	0	0	0	0.88
1875	0	0	0	0	0.88
1890	0	0	0	0	0.88
1905	0	0	0	0	0.88
1918	0	0	0	0	0.88
1931	0	0	0	0	0.88
1946	0	0	0	0	0.88
1959	0	0	0	0	0.88
1973	0	0	0	0	0.88
1985	0	0	0	0	0.88
2000	0	0	0	0	0.88
2013	0	0	0	0	0.88
2028	0	0	0	0	0.88
2043	0	0	0	0	0.88
2058	0	0	0	0	0.88
2075	0	0	0	0	0.88
2092	0	0	0	0	0.88
2107	0	0	0	0	0.88
2122	0	0	0	0	0.88
2140	0	0	0	0	0.88
2157	0	0	0	0	0.88
2172	0	0	0	0	0.88
2189	0	0	0	0	0.88
2202	0	0	0	0	0.88
2219	0	0	0	0	0.88
2232	0	0	0	0	0.88
2245	0	0	0	0	0.88
2258	0	0	0	0	0.88
2275	0	0	0	0	0.88
2290	0	0	0	0	0.88
2307	0	0	0	0	0.88
2322	0	0	0	0	0.88
2337	0	0	0	0	0.88
2350	0	0	0	0	0.88
2367	0	0	0	0	0.88
2382	0	0	0	0	0.88
2397	0	0	0	0	0.88
2412	0	0	0	0	0.88
2425	0	0	0	0	0.88
2440	0	0	0	0	0.88
2453	0	0	0	0	0.88
2468	0	0	0	0	0.88
2481	0	0	0	0	0.88
2494	0	0	0	0	0.88
2507	0	0	0	0	0.88
2520	0	0	0	0	0.88
2533	0	0	0	0	0.88
2548	0	0	0	0	0.88
2561	0	0	0	0	0.88
2576	0	0	0	0	0.88
2589	0	0	0	0	0.88
2602	0	0	0	0	0.88
2615	0	0	0	0	0.88
2628	0	0	0	0	0.88
2641	0	0	0	0	0.88
2656	0	0	0	0	0.88
2669	0	0	0	0	0.88
2682	0	0	0	0	0.88
2695	0	0	0	0	0.88
2708	0	0	0	0	0.88
2721	0	0	0	0	0.88
2734	0	0	0	0	0.88
2747	0	0	0	0	0.88
2760	0	0	0	0	0.88
2773	0	0	0	0	0.88
2786	0	0	0	0	0.88
2803	0	0	0	0	0.88
2816	0	0	0	0	0.88
2833	0	0	0	0	0.88
2846	0	0	0	0	0.88
2859	0	0	0	0	0.88
2872	0	0	0	0	0.88
2885	0	0	0	0	0.88
2898	0	0	0	0	0.88
2911	0	0	0	0	0.88
2924	0	0	0	0	0.88
2937	0	0	0	0	0.88
2952	0	0	0	0	0.88
2965	0	0	0	0	0.88
2980	0	0	0	0	0.88
2995	0	0	0	0	0.88
3008	0	0	0	0	0.88
3023	0	0	0	0	0.88
3036	0	0	0	0	0.88
3051	0	0	0	0	0.88
3064	0	0	0	0	0.88
3079	0	0	0	0	0.88
3094	0	0	0	0	0.88
3107	0	0	0	0	0.88
3120	0	0	0	0	0.88
3135	0	0	0	0	0.88
3150	0	0	0	0	0.88
3163	0	0	0	0	0.88
3178	0	0	0	0	0.88
3193	0	0	0	0	0.88
3206	0	0	0	0	0.88
3219	0	0	0	0	0.88
3232	0	0	0	0	0.88
3245	0	0	0	0	0.88
3258	0	0	0	0	0.88
3273	0	0	0	0	0.88
3288	0	0	0	0	0.88
3305	0	0	0	0	0.88
3320	0	0	0	0	0.88
3337	0	0	0	0	0.88
3354	0	0	0	0	0.88
3369	0	0	0	0	0.88
3382	0	0	0	0	0.88
3397	0	0	0	0	0.88
3412	0	0	0	0	0.88
3427	0	0	0	0	0.88
3444	0	0	0	0	0.88
3457	0	0	0.01	0.52	0.88
3474	0	0	0.01	0.27	0.88
3487	0	0	0.01	0	1.66
3500	0	0	0.01	0	1.66
3515	0	0	0.01	0	1.66
3530	0	0	0.01	0	1.66
3545	0	0	0.01	0	1.66
3558	0	0	0.01	0	1.66
3571	0	0	0.01	0	1.66
3586	0	0	0.01	0	2.96
3599	0	0	0.01	0	2.96
3614	0	0	0.01	0	2.96
3631	0	0	0	-0.93	2.96
3644	0	0	-0.01	0	2.96
3657	0	0	-0.01	0	2.96
3670	0	0	-0.01	0	2.96
3683	0	0	-0.01	0	2.96
3696	0	0	-0.01	0	2.58
3711	0	0	-0.01	0	2.58
3724	0	0	-0.01	0	2.58
3737	0	0	-0.01	0	2.58
3752	0	0	-0.01	0	2.58
3765	0	0	-0.01	0	2.58
3780	0	0	-0.01	0	2.58
3793	0	0	-0.01	0	1.91
3806	0	0	-0.01	0	1.91
3819	0	0	-0.01	0	1.91
3836	0	0	-0.01	0	1.91
3849	0	0	-0.01	0	1.91
3864	0	0	-0.01	0	1.91
3879	0	0	-0.01	0	1.91
3897	0	0	-0.01	0	1.22
3910	0	0	-0.01	0	1.22
3923	0	0	0	0	1.22
3938	0	0	0.01	0.37	1.22
3951	0	0	0.01	0.24	1.22
3964	0	0	0.01	0	1.22
3977	0	0	0.01	0	1.22
3991	0	0	0.01	0	1.22
4006	0	0	0.01	0	1.83
4019	0	0	0.01	0	1.83
4034	0	0	0.01	0	1.83
4049	0	0	0.01	0	1.83
4062	0	0	0.01	0	1.83
4077	0	0	0.01	0	1.83
4090	0	0	0.01	0	1.83
4104	0	0	0.01	0	2.5
4117	0	0	0.01	0	2.5
4133	0	0	0.01	0	2.5
4146	0	0	0.01	0	2.5
4161	0	0	0.01	0	2.5
4174	0	0	0.01	0	2.5
4189	0	0	0.01	0	2.5
4204	0	0	0.01	0	3.18
4219	0	0	0.01	0	3.18
4234	0	0	0.01	0	3.18
4247	0	0	0.01	0	3.18
4262	0	0	0.01	0	3.18
4275	0	0	0	-0.38	3.18
4288	0	0	-0.01	-0.62	3.18
4301	0	0	-0.01	-0.31	3.18
4314	0	0	-0.01	0	2.71
4327	0	0	-0.01	0	2.71
4340	0	0	-0.01	0	2.71
4355	0	0	-0.01	0	2.71
4368	0	0	-0.01	0	2.71
4381	0	0	-0.01	0	2.71
4394	0	0	-0.01	0	2.71
4409	0	0	-0.01	0	2.71
4422	0	0	-0.01	0	1.91
4437	0	0	-0.01	0	1.91
4452	0	0	-0.01	0	1.91
4467	0	0	-0.01	0	1.91
4480	0	0	-0.01	0	1.91
4495	0	0	-0.01	0	1.91
4510	0	0	-0.01	0	1.91
4525	0	0	0	0.41	1.37
4540	0	0	0.01	0.35	1.37
4553	0	0	0.01	0	1.37
4568	0	0	0.01	0	1.37
4581	0	0	0.01	0	1.37
4594	0	0	0.01	0	1.37
4611	0	0	0.01	0	1.37
4626	0	0	0.01	0	2.18
4641	0	0	0.01	0	2.18
4656	0	0	0.01	0	2.18
4669	0	0	0.01	0	2.18
4685	0	0	0.01	0	2.18
4701	0	0	0.01	0	2.18
4714	0	0	0.01	0	2.18
4727	0	0	0.01	0	2.86
4742	0	0	0.01	0	2.86
4755	0	0	0.01	0	2.86
4768	0	0	0.01	0	2.86
4781	0	0	0.01	0	2.86
4798	0	0	0.01	0	2.86
4811	0	0	0.01	0	2.86
4824	0	0	0.01	0	2.86
4837	0	0	0.01	0	3.58
4854	0	0	0.01	0	3.58
4871	0	0	0.01	0	3.58
4887	0	0	-0.01	-0.37	3.58
4900	0	0	-0.01	-0.61	3.58
4913	0	0	-0.01	0	3.58
4926	0	0	-0.01	0	3.58
4939	0	0	-0.01	0	2.83
4954	0	0	-0.01	0	2.83
4969	0	0	-0.01	0	2.83
4986	0	0	-0.01	0	2.83
4999	0	0	-0.01	0	2.83
5012	0	0	-0.01	0	2.83
5027	0	0	-0.01	0	2.83
5040	0	0	-0.01	0	1.9
5055	0	0	-0.01	0	1.9
5070	0	0	-0.01	0	1.9
5083	0	0	-0.01	0	1.9
5096	0	0	-0.01	0	1.9
5109	0	0	0	0.05	1.9
5122	0	0	0	0.05	1.9
5140	0	0	0	0.05	1.58
5153	0	0	0	0.05	1.58
5166	0	0	0	0.05	1.58
5179	0	0	0	0.05	1.58
5192	0	0	0	0.05	1.58
5205	0	0	0	0.05	1.58
5222	0	0	0	0.05	1.58
5237	0	0	0	0.04	1.58
5251	0	0	0	0.04	1.57
5264	0	0	0	0.04	1.57
5277	0	0	0	0.03	1.57
5290	0	0	0	0.03	1.57
5303	0	0	0	0.03	1.57
5316	0	0	0	0.03	1.57
5329	0	0	0	0.03	1.57
5342	0	0	0	0	1.57
5357	0	0	0	0	1.56
5372	0	0	0	0	1.56
5387	0	0	0	0	1.56
5400	0	0	0	0	1.56
5417	0	0	0	0	1.56
5432	0	0	0	0	1.56
5447	0	0	0	0	1.56
5462	0	0	0	0	1.56
5477	0	0	0	0	1.56
5492	0	0	0	0	1.56
5507	0	0	0	0	1.56
5520	0	0	0	0	1.56
5535	0	0	0	0	1.56
5548	0	0	0	0	1.56
5561	0	0	0	0	1.56
5576	0	0	0	0	1.56
5589	0	0	0	0	1.56
5606	0	0	0	0	1.56
5623	0	0	0	0	1.56
5640	0	0	0	0	1.56
5657	0	0	0	0	1.56
5670	0	0	0	0	1.56
5683	0	0	0	0	1.56
5696	0	0	0	0	1.56
5712	0	0	0	0	1.56
5729	0	0	0	0	1.56
5746	0	0	0	0	1.56
5762	0	0	0	0	1.56
5779	0	0	0	0	1.56
5794	0	0	0	0	1.56
5813	0	0	0	0	1.56
5830	0	0	0	0	1.56
5845	0	0	0	0	1.56
5862	0	0	0	0	1.56
5880	0	0	0	0	1.56
5895	0	0	0	0	1.56
5910	0	0	0	0	1.56
5923	0	0	0	0	1.56
5938	0	0	0	0	1.56
5951	0	0	0	0	1.56
5964	0	0	0	0	1.56
5979	0	0	0	0	1.56
5996	0	0	0	0	1.56
6011	0	0	0	0	1.56
6024	0	0	0	0	1.56
6037	0	0	0	0	1.56
6050	0	0	0	0	1.56
6063	0	0	0	0	1.56
6079	0	0	0	0	1.56
6094	0	0	0	0	1.56
6109	0	0	0	0	1.56
6122	0	0	0	0	1.56
6135	0	0	0	0	1.56
6148	0	0	0	0	1.56
6161	0	0	0	0	1.56
6174	0	0	0	0	1.56
6187	0	0	0	0	1.56
6200	0	0	0	0	1.56
6213	0	0	0	0	1.56
6226	0	0	0	0	1.56
6243	0	0	0	0	1.56
6256	0	0	0	0	1.56
6271	0	0	0	0	1.56
6284	0	0	0	0	1.56
6299	0	0	0	0	1.56
6312	0	0	0	0	1.56
6325	0	0	0	0	1.56
6338	0	0	0	0	1.56
6351	0	0	0	0	1.56
6364	0	0	0	0	1.56
6377	0	0	0	0	1.56
6392	0	0	0	0	1.56
6405	0	0	0	0	1.56
6418	0	0	0	0	1.56
6431	0	0	0	0	1.56
6444	0	0	0	0	1.56
6459	0	0	0	0	1.56
6472	0	0	0	0	1.56
6487	0	0	0	0	1.56
6502	0	0	0	0	1.56
6515	0	0	0	0	1.56
6528	0	0	0	0	1.56
6541	0	0	0	0	1.56
6554	0	0	0	0	1.56
6567	0	0	0	0	1.56
6580	0	0	0	0	1.56
6593	0	0	0	0	1.56
6606	0	0	0	0	1.56
6619	0	0	0	0	1.56
6632	0	0	0	0	1.56
6645	0	0	0	0	1.56
6658	0	0	0	0	1.56
6671	0	0	0	0	1.56
6684	0	0	0	0	1.56
6699	0	0	0	0	1.56
6714	0	0	0	0	1.56
6727	0	0	0	0	1.56
6742	0	0	0	0	1.56
6755	0	0	0	0	1.56
6770	0	0	0	0	1.56
6783	0	0	0	0	1.56
6800	0	0	0	0	1.56
6815	0	0	0	0	1.56
6830	0	0	0	0	1.56
6843	0	0	0	0	1.56
6860	0	0	0	0	1.56
6873	0	0	0	0	1.56
6886	0	0	0	0	1.56
6903	0	0	0	0	1.56
6920	0	0	0	0	1.56
6933	0	0	0	0	1.56
6948	0	0	0	0	1.56
6961	0	0	0	0	1.56
6974	0	0	0	0	1.56
6991	0	0	0	0	1.56
7006	0	0	0	0	1.56
7019	0	0	0	0	1.56
7032	0	0	0	0	1.56
7045	0	0	0	0	1.56
7062	0	0	0	0	1.56
7075	0	0	0	0	1.56
7094	0	0	0	0	1.56
7109	0	0	0	0	1.56
7122	0	0	0	0	1.56
7135	0	0	0	0	1.56
7149	0	0	0	0	1.56
7164	0	0	0	0	1.56
7177	0	0	0	0	1.56
7194	0	0	0	0	1.56
7207	0	0	0	0	1.56
7222	0	0	0	0	1.56
7235	0	0	0	0	1.56
7248	0	0	0	0	1.56
7261	0	0	0	0	1.56
7274	0	0	0	0	1.56
7289	0	0	0	0	1.56
7305	0	0	0	0	1.56
7317	0	0	0	0	1.56
7330	0	0	0	0	1.56
7345	0	0	0	0	1.56
7362	0	0	0	0	1.56
7375	0	0	0	0	1.56
7390	0	0	0	0	1.56
7403	0	0	0	0	1.56
7418	0	0	0	0	1.56
7431	0	0	0	0	1.56
7444	0	0	0	0	1.56
7459	0	0	0	0	1.56
7471	0	0	0	0	1.56
7484	0	0	0	0	1.56
7497	0	0	0	0	1.56
7513	0	0	0	0	1.56
7526	0	0	0	0	1.56
7539	0	0	0	0	1.56
7552	0	0	0	0	1.56
7565	0	0	0	0	1.56
7578	0	0	0	0	1.56
7591	0	0	0	0	1.56
7604	0	0	0	0	1.56
7617	0	0	0	0	1.56
7630	0	0	0	0	1.56
7643	0	0	0	0	1.56
7658	0	0	0	0	1.56
7671	0	0	0	0	1.56
7688	0	0	0	0	1.56
7701	0	0	0	0	1.56
7720	0	0	0	0	1.56
7733	0	0	0	0	1.56
7749	0	0	0	0	1.56
7762	0	0	0	0	1.56
7775	0	0	0	0	1.56
7791	0	0	0	0	1.56
7804	0	0	0	0	1.56
7818	0	0	0	0	1.56
7831	0	0	0	0	1.56
7844	0	0	0	0	1.56
7857	0	0	0	0	1.56
7870	0	0	0	0	1.56
7883	0	0	0	0	1.56
7896	0	0	0	0	1.56
7909	0	0	0	0	1.56
7924	0	0	0	0	1.56
7937	0	0	0	0	1.56
7950	0	0	0	0	1.56
7963	0	0	0	0	1.56
7978	0	0	0	0	1.56
7991	0	0	0	0	1.56
8006	0	0	0	0	1.56
8020	0	0	0	0	1.56
8035	0	0	0	0	1.56
8052	0	0	0	0	1.56
8067	-1.76	0	0	0	1.56
8080	-1.76	0	0	0	1.56
8098	-1.76	-0.0171703296703297	-0.01	0	1.56
8111	1.72	-0.0629578754578755	-0.02	-3.67	1.56
8126	1.72	-0.114468864468864	-0.1	-6.09	2.62
8143	1.72	-0.131639194139194	-0.16	-2.07	2.62
8156	1.72	-0.125915750915751	-0.18	1.64	2.62
8169	1.72	-0.0972985347985348	-0.13	4.27	2.62
8184	1.72	-0.0400641025641026	-0.09	5.72	2.62
8201	1.72	0.0286172161172161	-0.01	7.15	2.62
8214	1.72	0.148809523809524	0.14	8.42	2.62
8229	1.72	0.263278388278388	0.23	9.87	0.11
8246	1.72	0.463598901098901	0.4	11.92	0.11
8261	1.72	0.629578754578755	0.58	13.63	0.11
8276	1.72	0.85279304029304	0.81	14.31	0.11
8293	1.72	1.01877289377289	1.03	12.44	0.11
8308	1.72	1.21909340659341	1.2	9.87	0.11
8321	1.72	1.36790293040293	1.36	7.95	0.11
8336	1.72	1.47664835164835	1.45	6.5	0.8
8351	1.72	1.57394688644689	1.56	5.61	0.8
8370	1.72	1.65407509157509	1.64	3.67	0.8
8385	1.72	1.70558608058608	1.69	2.49	0.8
8400	1.72	1.71703296703297	1.72	0.67	0.8
8413	1.72	1.71703296703297	1.72	0	0.8
8428	1.72	1.71703296703297	1.72	0	0.8
8443	1.72	1.71703296703297	1.72	0	1.37
8458	1.72	1.71703296703297	1.72	0	1.37
8475	1.72	1.71703296703297	1.72	0	1.37
8488	1.72	1.71703296703297	1.72	0	1.37
8503	1.72	1.71703296703297	1.72	0	1.37
8516	1.72	1.71703296703297	1.72	0	1.37
8531	1.72	1.71703296703297	1.72	0	1.37
8546	1.72	1.71703296703297	1.72	0	1.67
8561	1.72	1.71703296703297	1.72	0	1.67
8576	1.72	1.71703296703297	1.72	0	1.67
8589	-1.76	1.71703296703297	1.72	0	1.67
8604	-1.76	1.70558608058608	1.72	0	1.67
8621	-1.76	1.67124542124542	1.71	-3.92	1.67
8637	-1.76	1.59684065934066	1.61	-6.22	1.67
8652	-1.76	1.49381868131868	1.51	-7.95	2.09
8665	-1.76	1.38507326007326	1.41	-8.67	2.09
8682	-1.76	1.25915750915751	1.32	-9.87	2.09
8695	-1.76	1.058836996337	1.08	-12.44	2.09
8711	-1.76	0.887133699633699	0.95	-14.31	2.09
8726	-1.76	0.69253663003663	0.76	-13.63	2.09
8741	-1.76	0.49793956043956	0.5	-12.44	2.09
8756	-1.76	0.303342490842491	0.34	-11.92	1.6
8769	-1.76	0.103021978021978	0.17	-12.44	1.6
8783	-1.76	-0.0744047619047619	-0.05	-13.01	1.6
8800	-1.76	-0.246108058608059	-0.18	-13.63	1.6
8815	-1.76	-0.49793956043956	-0.47	-13.01	1.6
8831	-1.76	-0.6753663003663	-0.62	-12.44	1.6
8846	-1.76	-0.86996336996337	-0.86	-12.44	1.6
8859	-1.76	-1.06456043956044	-1.02	-13.01	1.79
8874	-1.76	-1.21909340659341	-1.17	-11.92	1.79
8889	-1.76	-1.37362637362637	-1.34	-9.54	1.79
8905	-1.76	-1.51671245421245	-1.51	-6.36	1.79
8918	-1.76	-1.61401098901099	-1.6	-5.11	1.79
8932	-1.76	-1.68841575091575	-1.68	-4.27	1.79
8947	-1.76	-1.7342032967033	-1.71	-3.15	1.79
8960	-1.76	-1.76282051282051	-1.76	-1.92	1.03
8973	-1.76	-1.76854395604396	-1.77	0	1.03
8988	-1.76	-1.76282051282051	-1.77	0	1.03
9001	-1.76	-1.76282051282051	-1.77	0	1.03
9014	-1.76	-1.76282051282051	-1.76	0.64	1.03
9029	-1.76	-1.76282051282051	-1.76	0	1.03
9045	-1.76	-1.76282051282051	-1.76	0.21	1.03
9060	-1.76	-1.76282051282051	-1.76	0.21	0.87
9077	-1.76	-1.76282051282051	-1.76	0.14	0.87
9092	1.72	-1.76282051282051	-1.76	0	0.87
9109	1.72	-1.76282051282051	-1.76	0	0.87
9122	1.72	-1.73992673992674	-1.76	0	0.87
9137	1.72	-1.68841575091575	-1.74	4.09	0.87
9152	1.72	-1.62545787545788	-1.68	6.98	0.87
9167	1.72	-1.52815934065934	-1.6	8.42	-0.13
9183	1.72	-1.40224358974359	-1.4	9.54	-0.13
9198	1.72	-1.24198717948718	-1.29	10.22	-0.13
9217	1.72	-1.03594322344322	-1.08	13.63	-0.13
9232	1.72	-0.818452380952381	-0.87	13.01	-0.13
9247	1.72	-0.623855311355311	-0.64	13.63	-0.13
9260	1.72	-0.423534798534799	-0.49	13.01	-0.13
9273	1.72	-0.251831501831502	-0.3	12.44	0.34
9288	1.72	-0.0801282051282051	-0.1	13.01	0.34
9303	1.72	0.108745421245421	0.05	13.63	0.34
9319	1.72	0.309065934065934	0.27	13.01	0.34
9334	1.72	0.509386446886447	0.46	13.63	0.34
9351	1.72	0.70970695970696	0.68	12.44	0.34
9368	1.72	0.927197802197802	0.88	12.44	0.34
9385	1.72	1.16758241758242	1.13	11.92	0.18
9402	1.72	1.32211538461538	1.3	9.87	0.18
9417	1.72	1.47092490842491	1.48	6.36	0.18
9430	1.72	1.56822344322344	1.55	4.94	0.18
9443	1.72	1.63690476190476	1.61	4.27	0.18
9462	1.72	1.68841575091575	1.68	3.21	0.18
9479	1.72	1.71703296703297	1.72	1.03	0.93
9494	1.72	1.71703296703297	1.72	0	0.93
9508	1.72	1.71703296703297	1.72	-0.35	0.93
9523	1.72	1.71703296703297	1.72	-0.32	0.93
9536	1.72	1.71703296703297	1.72	0	0.93
9553	1.72	1.71703296703297	1.72	0	0.93
9566	1.72	1.71703296703297	1.72	0	0.93
9583	1.72	1.71703296703297	1.72	0	1.02
9596	-1.76	1.71703296703297	1.72	0	1.02
9611	-1.76	1.70558608058608	1.72	0	1.02
9624	-1.76	1.67124542124542	1.71	-2.34	1.02
9639	-1.76	1.62545787545788	1.66	-5.5	1.02
9654	-1.76	1.53388278388278	1.55	-8.18	1.02
9669	-1.76	1.42513736263736	1.46	-8.18	1.02
9684	-1.76	1.29349816849817	1.3	-9.54	1.68
9697	-1.76	1.13324175824176	1.18	-11.01	1.68
9711	-1.76	0.961538461538462	0.98	-13.01	1.68
9726	-1.76	0.789835164835165	0.85	-14.31	1.68
9739	-1.76	0.589514652014652	0.58	-13.63	1.68
9753	-1.76	0.412087912087912	0.45	-11.92	1.68
9770	-1.76	0.234661172161172	0.26	-11.92	1.68
9788	-1.76	0	0.07	-14.31	1.76
9802	-1.76	-0.228937728937729	-0.21	-14.31	1.76
9815	-1.76	-0.400641025641026	-0.35	-13.63	1.76
9829	-1.76	-0.583791208791209	-0.55	-13.01	1.76
9842	-1.76	-0.755494505494506	-0.7	-12.44	1.76
9855	-1.76	-0.927197802197802	-0.9	-11.92	1.76
9868	-1.76	-1.09317765567766	-1.08	-13.01	1.76
9881	-1.76	-1.24771062271062	-1.21	-12.44	1.76
9896	-1.76	-1.37934981684982	-1.39	-10.22	1.01
9909	-1.76	-1.51098901098901	-1.49	-7.15	1.01
9922	-1.76	-1.59684065934066	-1.56	-5.3	1.01
9937	-1.76	-1.66552197802198	-1.65	-3.97	1.01
9950	-1.76	-1.72275641025641	-1.7	-3.41	1.01
9963	-1.76	-1.75137362637363	-1.74	-2.03	1.01
9982	-1.76	-1.76282051282051	-1.77	-0.66	1.01
9998	-1.76	-1.76282051282051	-1.76	0	0.47
10011	-1.76	-1.76282051282051	-1.76	0	0.47
10024	-1.76	-1.76282051282051	-1.76	0	0.47
10037	-1.76	-1.76282051282051	-1.76	0	0.47
10054	-1.76	-1.76282051282051	-1.76	0	0.47
10067	-1.76	-1.76282051282051	-1.76	0	0.47
10086	-1.76	-1.76282051282051	-1.76	0	0.47
10099	1.72	-1.76282051282051	-1.76	0	0.72
10112	1.72	-1.75137362637363	-1.76	0	0.72
10125	1.72	-1.72275641025641	-1.76	2.65	0.72
10138	1.72	-1.67696886446886	-1.72	5.2	0.72
10157	1.72	-1.59684065934066	-1.62	7.34	0.72
10170	1.72	-1.4823717948718	-1.51	7.95	0.72
10183	1.72	-1.36790293040293	-1.41	8.94	0.72
10197	1.72	-1.22481684981685	-1.3	10.22	-0.15
10210	1.72	-1.06456043956044	-1.14	13.01	-0.15
10228	1.72	-0.864239926739927	-0.9	14.31	-0.15
10241	1.72	-0.663919413919414	-0.7	13.63	-0.15
10256	1.72	-0.469322344322344	-0.49	11.92	-0.15
10269	1.72	-0.303342490842491	-0.35	12.44	-0.15
10286	1.72	-0.103021978021978	-0.15	13.63	-0.15
10302	1.72	0.0972985347985348	0.02	13.63	0
10317	1.72	0.291895604395604	0.22	13.01	0
10330	1.72	0.486492673992674	0.42	12.44	0
10348	1.72	0.663919413919414	0.65	11.92	0
10360	1.72	0.881410256410256	0.83	12.44	0
10376	1.72	1.05311355311355	1.04	13.63	0
10391	1.72	1.23054029304029	1.19	11.45	0
10406	1.72	1.38507326007326	1.39	8.42	0.9
10421	1.72	1.49381868131868	1.48	6.5	0.9
10434	1.72	1.59111721611722	1.58	4.62	0.9
10447	1.72	1.65407509157509	1.64	3.81	0.9
10462	1.72	1.69413919413919	1.68	2.81	0.9
10479	1.72	1.71703296703297	1.71	1.54	0.9
10492	1.72	1.71703296703297	1.72	0	0.9
10508	1.72	1.71703296703297	1.72	0	1.12
10523	1.72	1.71703296703297	1.72	0	1.12
10536	1.72	1.71703296703297	1.72	0	1.12
10554	1.72	1.71703296703297	1.72	0	1.12
10569	1.72	1.71703296703297	1.72	0	1.12
10584	1.72	1.71703296703297	1.72	0	1.12
10601	-1.76	1.71703296703297	1.72	0	1.12
10616	-1.76	1.71703296703297	1.72	0	1.03
10629	-1.76	1.69413919413919	1.72	-0.05	1.03
10642	-1.76	1.64835164835165	1.69	-4.34	1.03
10659	-1.76	1.58539377289377	1.63	-6.98	1.03
10672	-1.76	1.47664835164835	1.5	-8.18	1.03
10689	-1.76	1.37362637362637	1.4	-9.87	1.03
10704	-1.76	1.20764652014652	1.23	-10.22	1.03
10719	-1.76	1.04166666666667	1.09	-12.44	1.96
10736	-1.76	0.812728937728938	0.88	-14.31	1.96
10753	-1.76	0.618131868131868	0.62	-14.31	1.96
10770	-1.76	0.394917582417582	0.43	-12.44	1.96
10787	-1.76	0.171703296703297	0.2	-11.45	1.96
10800	-1.76	-0.0629578754578755	-0.03	-13.63	1.96
10814	-1.76	-0.234661172161172	-0.16	-14.31	1.79
10831	-1.76	-0.406364468864469	-0.38	-13.63	1.79
10844	-1.76	-0.641025641025641	-0.63	-13.01	1.79
10858	-1.76	-0.812728937728938	-0.76	-12.44	1.79
10873	-1.76	-0.984432234432235	-0.95	-11.92	1.79
10890	-1.76	-1.17330586080586	-1.16	-12.44	1.79
10903	-1.76	-1.3507326007326	-1.33	-10.6	1.79
10916	-1.76	-1.47092490842491	-1.48	-7.95	0.77
10929	-1.76	-1.56822344322344	-1.57	-5.2	0.77
10944	-1.76	-1.64835164835165	-1.62	-4.62	0.77
10959	-1.76	-1.71703296703297	-1.69	-4.15	0.77
10976	-1.76	-1.75137362637363	-1.76	-2.58	0.77
10989	-1.76	-1.76282051282051	-1.78	-0.82	0.77
11006	-1.76	-1.76282051282051	-1.77	0.79	0.77
11020	-1.76	-1.76282051282051	-1.76	0	0.62
11033	-1.76	-1.76282051282051	-1.76	0	0.62
11046	-1.76	-1.76282051282051	-1.76	0	0.62
11060	-1.76	-1.76282051282051	-1.76	0	0.62
11077	-1.76	-1.76282051282051	-1.76	0	0.62
11092	1.72	-1.76282051282051	-1.76	0	0.62
11106	1.72	-1.76282051282051	-1.76	0	0.62
11119	1.72	-1.74565018315018	-1.76	0.05	0.38
11134	1.72	-1.69986263736264	-1.73	3.72	0.38
11149	1.72	-1.63690476190476	-1.67	6.5	0.38
11166	1.72	-1.53388278388278	-1.55	8.18	0.38
11179	1.72	-1.41369047619048	-1.44	9.87	0.38
11193	1.72	-1.27632783882784	-1.28	10.22	0.38
11206	1.72	-1.12179487179487	-1.18	11.01	0.38
11220	1.72	-0.944368131868132	-0.96	14.31	-0.27
11233	1.72	-0.772664835164835	-0.83	15.06	-0.27
11248	1.72	-0.606684981684982	-0.62	12.44	-0.27
11261	1.72	-0.406364468864469	-0.4	11.45	-0.27
11274	1.72	-0.234661172161172	-0.26	12.44	-0.27
11289	1.72	-0.0744047619047619	-0.13	13.01	-0.27
11307	1.72	0.120192307692308	0.1	14.31	-0.27
11322	1.72	0.383470695970696	0.3	13.63	0.2
11339	1.72	0.555173992673993	0.56	13.63	0.2
11352	1.72	0.772664835164835	0.73	13.01	0.2
11366	1.72	0.955815018315018	0.94	12.44	0.2
11379	1.72	1.12179487179487	1.06	13.01	0.2
11396	1.72	1.28777472527473	1.28	10.22	0.2
11409	1.72	1.42513736263736	1.41	7.15	0.2
11427	1.72	1.54532967032967	1.53	5.4	0.65
11440	1.72	1.62545787545788	1.6	5.02	0.65
11453	1.72	1.67696886446886	1.67	3.72	0.65
11466	1.72	1.70558608058608	1.7	2.29	0.65
11483	1.72	1.71703296703297	1.72	0.68	0.65
11496	1.72	1.71703296703297	1.72	0	0.65
11511	1.72	1.71703296703297	1.72	0	0.65
11528	1.72	1.71703296703297	1.72	-0.15	1.24
11541	1.72	1.71703296703297	1.72	-0.35	1.24
11556	1.72	1.71703296703297	1.71	-0.35	1.24
11570	1.72	1.71703296703297	1.71	-0.18	1.24
11583	1.72	1.71703296703297	1.71	0	1.24
11598	-1.76	1.71703296703297	1.72	0	1.24
11611	-1.76	1.71703296703297	1.72	0	1.24
11626	-1.76	1.69413919413919	1.71	0	1.24
11641	-1.76	1.64262820512821	1.69	-4.69	2.23
11654	-1.76	1.56822344322344	1.61	-6.98	2.23
11667	-1.76	1.4823717948718	1.49	-8.94	2.23
11680	-1.76	1.37362637362637	1.41	-9.54	2.23
11695	-1.76	1.24771062271062	1.27	-9.87	2.23
11710	-1.76	1.08745421245421	1.13	-11.45	2.23
11724	-1.76	0.881410256410256	0.93	-13.63	2.23
11737	-1.76	0.70970695970696	0.77	-15.06	1.82
11750	-1.76	0.53228021978022	0.54	-14.31	1.82
11763	-1.76	0.366300366300366	0.39	-12.44	1.82
11776	-1.76	0.200320512820513	0.22	-11.45	1.82
11789	-1.76	0.0228937728937729	0.05	-12.44	1.82
11802	-1.76	-0.137362637362637	-0.07	-14.31	1.82
11815	-1.76	-0.309065934065934	-0.25	-14.31	1.82
11829	-1.76	-0.486492673992674	-0.46	-13.63	1.82
11842	-1.76	-0.658195970695971	-0.64	-13.63	1.28
11855	-1.76	-0.835622710622711	-0.82	-12.44	1.28
11868	-1.76	-1.00160256410256	-0.95	-12.44	1.28
11881	-1.76	-1.16758241758242	-1.14	-12.44	1.28
11898	-1.76	-1.32783882783883	-1.32	-9.87	1.28
11911	-1.76	-1.46520146520147	-1.45	-7.15	1.28
11926	-1.76	-1.5625	-1.54	-5.5	1.28
11939	-1.76	-1.64835164835165	-1.61	-4.85	1.29
11954	-1.76	-1.71130952380952	-1.7	-3.72	1.29
11967	-1.76	-1.74565018315018	-1.74	-2.72	1.29
11982	-1.76	-1.76854395604396	-1.77	-1.23	1.29
11997	-1.76	-1.76854395604396	-1.77	0	1.29
12012	-1.76	-1.76282051282051	-1.77	0	1.29
12025	-1.76	-1.76282051282051	-1.77	0	1.29
12038	-1.76	-1.76282051282051	-1.76	0.45	0.52
12051	-1.76	-1.76282051282051	-1.76	0	0.52
12066	-1.76	-1.76282051282051	-1.76	0.18	0.52
12080	-1.76	-1.76282051282051	-1.76	0.18	0.52
12097	1.72	-1.76282051282051	-1.76	0.14	0.52
12112	1.72	-1.76282051282051	-1.76	0.11	0.52
12127	1.72	-1.72847985347985	-1.76	0	0.52
12142	1.72	-1.68841575091575	-1.74	5.11	-0.62
12156	1.72	-1.6025641025641	-1.65	7.53	-0.62
12169	1.72	-1.51671245421245	-1.56	8.67	-0.62
12184	1.72	-1.40796703296703	-1.41	9.87	-0.62
12199	1.72	-1.25915750915751	-1.29	10.22	-0.62
12216	1.72	-1.07600732600733	-1.11	12.44	-0.62
12231	1.72	-0.858516483516484	-0.91	15.06	-0.62
12244	1.72	-0.663919413919414	-0.75	14.31	0.06
12257	1.72	-0.49793956043956	-0.49	12.44	0.06
12272	1.72	-0.320512820512821	-0.37	11.92	0.06
12285	1.72	-0.125915750915751	-0.16	11.45	0.06
12301	1.72	0.051510989010989	0.03	13.01	0.06
12314	1.72	0.251831501831502	0.19	13.63	0.06
12327	1.72	0.417811355311355	0.39	13.63	0.06
12340	1.72	0.589514652014652	0.58	13.01	0.06
12355	1.72	0.761217948717949	0.73	13.63	0.21
12370	1.72	0.955815018315018	0.94	13.01	0.21
12383	1.72	1.14468864468864	1.09	12.44	0.21
12396	1.72	1.28205128205128	1.28	10.22	0.21
12411	1.72	1.40796703296703	1.39	7.53	0.21
12424	1.72	1.5224358974359	1.51	5.61	0.21
12441	1.72	1.59684065934066	1.59	4.4	0.21
12456	1.72	1.67124542124542	1.65	3.67	0.34
12471	1.72	1.70558608058608	1.71	2.31	0.34
12486	1.72	1.71703296703297	1.72	0.81	0.34
12503	1.72	1.71703296703297	1.72	-0.38	0.34
12518	1.72	1.71703296703297	1.72	-0.38	0.34
12531	1.72	1.71703296703297	1.72	0	0.34
12546	1.72	1.71703296703297	1.72	0	0.34
12563	1.72	1.71703296703297	1.72	0	0.87
12578	1.72	1.71703296703297	1.72	-0.08	0.87
12593	-1.76	1.71703296703297	1.71	-0.08	0.87
12606	-1.76	1.70558608058608	1.71	-0.08	0.87
12619	-1.76	1.67124542124542	1.7	-2.31	0.87
12632	-1.76	1.61401098901099	1.65	-5.3	0.87
12650	-1.76	1.53960622710623	1.59	-7.73	0.87
12665	-1.76	1.41369047619048	1.42	-9.23	1.51
12682	-1.76	1.27632783882784	1.31	-9.23	1.51
12697	-1.76	1.09317765567766	1.12	-11.45	1.51
12710	-1.76	0.904304029304029	0.92	-13.63	1.51
12725	-1.76	0.732600732600733	0.79	-14.31	1.51
12738	-1.76	0.526556776556777	0.53	-13.01	1.51
12754	-1.76	0.35485347985348	0.4	-13.01	1.51
12769	-1.76	0.16025641025641	0.17	-12.44	1.29
12784	-1.76	-0.0400641025641026	0.02	-13.63	1.29
12799	-1.76	-0.240384615384615	-0.2	-14.31	1.29
12814	-1.76	-0.463598901098901	-0.43	-13.63	1.29
12829	-1.76	-0.629578754578755	-0.58	-13.01	1.29
12842	-1.76	-0.829899267399267	-0.79	-11.92	1.29
12858	-1.76	-1.00160256410256	-0.94	-12.44	1.29
12873	-1.76	-1.19047619047619	-1.13	-13.01	1.53
12889	-1.76	-1.3507326007326	-1.36	-10.6	1.53
12906	-1.76	-1.48809523809524	-1.48	-6.81	1.53
12923	-1.76	-1.60828754578755	-1.6	-4.54	1.53
12938	-1.76	-1.68841575091575	-1.65	-3.76	1.53
12956	-1.76	-1.74565018315018	-1.73	-2.86	1.53
12971	-1.76	-1.76282051282051	-1.76	-1.06	0.83
12985	-1.76	-1.76282051282051	-1.77	0	0.83
12998	-1.76	-1.76282051282051	-1.77	0	0.83
13015	-1.76	-1.76282051282051	-1.77	0	0.83
13033	-1.76	-1.76282051282051	-1.77	0	0.83
13046	-1.76	-1.76282051282051	-1.76	0	0.83
13061	-1.76	-1.76282051282051	-1.76	0	0.83
13078	-1.76	-1.76282051282051	-1.76	0	0.49
13095	1.72	-1.76282051282051	-1.76	0	0.49
13111	1.72	-1.76282051282051	-1.76	0	0.49
13126	1.72	-1.74565018315018	-1.76	0.06	0.49
13141	1.72	-1.69413919413919	-1.72	4.54	0.49
13156	1.72	-1.63118131868132	-1.67	6.36	0.49
13171	1.72	-1.53388278388278	-1.57	7.73	0.49
13186	1.72	-1.41369047619048	-1.45	9.87	0
13200	1.72	-1.24771062271062	-1.26	10.6	0
13213	1.72	-1.10462454212454	-1.16	11.92	0
13226	1.72	-0.932921245421245	-1.01	13.63	0
13239	1.72	-0.755494505494506	-0.76	14.31	0
13255	1.72	-0.578067765567766	-0.62	13.01	0
13268	1.72	-0.377747252747253	-0.38	11.92	0
13287	1.72	-0.183150183150183	-0.22	12.44	0.19
13304	1.72	0.0457875457875458	-0.03	13.63	0.19
13323	1.72	0.291895604395604	0.25	13.01	0.19
13340	1.72	0.51510989010989	0.47	13.01	0.19
13359	1.72	0.761217948717949	0.73	13.01	0.19
13374	1.72	0.990155677655678	0.92	13.01	0.19
13387	1.72	1.16758241758242	1.13	13.01	0.07
13400	1.72	1.30494505494506	1.28	10.22	0.07
13413	1.72	1.41941391941392	1.43	7.34	0.07
13426	1.72	1.51671245421245	1.49	5.2	0.07
13443	1.72	1.60828754578755	1.59	4.54	0.07
13456	1.72	1.67124542124542	1.65	3.76	0.07
13469	1.72	1.70558608058608	1.7	2.34	0.07
13484	1.72	1.71703296703297	1.72	0.96	0.07
13497	1.72	1.71703296703297	1.72	0	1.23
13514	1.72	1.71703296703297	1.72	-0.34	1.23
13527	1.72	1.71703296703297	1.72	-0.27	1.23
13542	1.72	1.71703296703297	1.72	0	1.23
13556	1.72	1.71703296703297	1.72	0	1.23
13573	1.72	1.71703296703297	1.72	0	1.23
13586	-1.76	1.71703296703297	1.72	0	1.23
13599	-1.76	1.71703296703297	1.72	0	1.01
13612	-1.76	1.70558608058608	1.72	0	1.01
13625	-1.76	1.67696886446886	1.72	-1.8	1.01
13642	-1.76	1.63118131868132	1.66	-5.4	1.01
13655	-1.76	1.54532967032967	1.57	-7.53	1.01
13668	-1.76	1.44803113553114	1.47	-8.67	1.01
13685	-1.76	1.32211538461538	1.34	-8.94	1.01
13698	-1.76	1.15613553113553	1.2	-11.45	1.86
13715	-1.76	0.995879120879121	1.02	-12.44	1.86
13728	-1.76	0.772664835164835	0.83	-15.9	1.86
13741	-1.76	0.606684981684982	0.62	-14.31	1.86
13754	-1.76	0.434981684981685	0.49	-12.44	1.86
13767	-1.76	0.263278388278388	0.28	-12.44	1.86
13780	-1.76	0.0915750915750916	0.11	-11.45	1.86
13793	-1.76	-0.0744047619047619	-0.01	-13.63	1.86
13806	-1.76	-0.246108058608059	-0.18	-14.31	1.82
13819	-1.76	-0.412087912087912	-0.39	-13.01	1.82
13832	-1.76	-0.589514652014652	-0.54	-13.01	1.82
13845	-1.76	-0.755494505494506	-0.73	-13.01	1.82
13858	-1.76	-0.932921245421245	-0.91	-12.44	1.82
13871	-1.76	-1.0989010989011	-1.03	-13.63	1.82
13885	-1.76	-1.25343406593407	-1.25	-11.92	1.82
13898	-1.76	-1.38507326007326	-1.37	-9.23	1.82
13911	-1.76	-1.49954212454212	-1.52	-6.65	0.74
13924	-1.76	-1.59111721611722	-1.57	-5.02	0.74
13937	-1.76	-1.66552197802198	-1.64	-4.47	0.74
13950	-1.76	-1.71703296703297	-1.71	-4.03	0.74
13965	-1.76	-1.75137362637363	-1.75	-2.27	0.74
13980	-1.76	-1.76282051282051	-1.77	0	0.74
13993	-1.76	-1.76282051282051	-1.77	0	0.74
14006	-1.76	-1.76282051282051	-1.77	0.83	0.46
14019	-1.76	-1.76282051282051	-1.76	0.53	0.46
14033	-1.76	-1.76282051282051	-1.76	0.36	0.46
14046	-1.76	-1.76282051282051	-1.76	0	0.46
14059	-1.76	-1.76282051282051	-1.76	0	0.46
14072	-1.76	-1.76282051282051	-1.76	0	0.46
14085	-1.76	-1.76282051282051	-1.76	0	0.46
14100	1.72	-1.76282051282051	-1.76	0	0.46
14113	1.72	-1.76282051282051	-1.76	0	1.27
14126	1.72	-1.74565018315018	-1.76	0	1.27
14139	1.72	-1.71130952380952	-1.76	1.95	1.27
14154	1.72	-1.64262820512821	-1.71	7.15	1.27
14171	1.72	-1.55105311355311	-1.59	8.94	1.27
14184	1.72	-1.43086080586081	-1.46	9.54	1.27
14197	1.72	-1.3106684981685	-1.3	9.87	1.27
14210	1.72	-1.15613553113553	-1.21	10.6	-0.03
14225	1.72	-1.00160256410256	-1.06	13.63	-0.03
14241	1.72	-0.789835164835165	-0.84	15.06	-0.03
14258	1.72	-0.595238095238095	-0.64	13.01	-0.03
14273	1.72	-0.343406593406593	-0.34	11.92	-0.03
14288	1.72	-0.183150183150183	-0.22	11.92	-0.03
14301	1.72	0.0171703296703297	-0.06	12.44	-0.03
14315	1.72	0.200320512820513	0.1	13.01	-0.06
14328	1.72	0.360576923076923	0.29	13.63	-0.06
14343	1.72	0.555173992673993	0.53	13.01	-0.06
14358	1.72	0.726877289377289	0.68	12.44	-0.06
14375	1.72	0.950091575091575	0.91	13.01	-0.06
14388	1.72	1.13324175824176	1.08	13.01	-0.06
14401	1.72	1.2706043956044	1.24	10.6	-0.06
14416	1.72	1.40224358974359	1.36	7.95	-0.06
14429	1.72	1.51098901098901	1.5	5.72	0.73
14442	1.72	1.59111721611722	1.57	4.62	0.73
14455	1.72	1.64835164835165	1.64	3.67	0.73
14468	1.72	1.69413919413919	1.68	2.95	0.73
14483	1.72	1.71703296703297	1.71	1.32	0.73
14498	1.72	1.72275641025641	1.72	0	0.73
14512	1.72	1.71703296703297	1.72	-0.04	0.73
14525	1.72	1.71703296703297	1.72	0	0.73
14538	1.72	1.71703296703297	1.72	0	1.04
14551	1.72	1.71703296703297	1.72	0	1.04
14564	1.72	1.71703296703297	1.72	0	1.04
14577	1.72	1.71703296703297	1.72	0	1.04
14590	-1.76	1.71703296703297	1.72	0	1.04
14603	-1.76	1.71703296703297	1.72	0	1.04
14616	-1.76	1.69986263736264	1.72	0	1.04
14629	-1.76	1.65407509157509	1.7	-3.97	1.04
14644	-1.76	1.59111721611722	1.62	-6.65	2
14657	-1.76	1.50526556776557	1.54	-7.95	2
14670	-1.76	1.40224358974359	1.42	-8.94	2
14685	-1.76	1.28205128205128	1.28	-10.22	2
14698	-1.76	1.12179487179487	1.17	-11.45	2
14712	-1.76	0.944368131868132	0.97	-13.63	2
14725	-1.76	0.772664835164835	0.84	-15.06	2
14739	-1.76	0.595238095238095	0.67	-13.63	1.35
14754	-1.76	0.389194139194139	0.41	-12.44	1.35
14767	-1.76	0.223214285714286	0.27	-12.44	1.35
14784	-1.76	0.0457875457875458	0.1	-13.01	1.35
14798	-1.76	-0.183150183150183	-0.1	-13.63	1.35
14813	-1.76	-0.37202380952381	-0.34	-13.01	1.35
14826	-1.76	-0.549450549450549	-0.49	-13.63	1.35
14840	-1.76	-0.732600732600733	-0.73	-13.01	1.41
14853	-1.76	-0.904304029304029	-0.85	-12.44	1.41
14866	-1.76	-1.07028388278388	-1.03	-13.01	1.41
14879	-1.76	-1.23054029304029	-1.22	-12.44	1.41
14894	-1.76	-1.36217948717949	-1.33	-10.22	1.41
14907	-1.76	-1.49954212454212	-1.5	-6.98	1.41
14920	-1.76	-1.58539377289377	-1.59	-5.4	1.41
14933	-1.76	-1.66552197802198	-1.64	-4.27	1.41
14948	-1.76	-1.71703296703297	-1.7	-3.67	1.26
14962	-1.76	-1.75709706959707	-1.76	-2.49	1.26
14975	-1.76	-1.76282051282051	-1.77	-1.03	1.26
14988	-1.76	-1.76282051282051	-1.77	0.62	1.26
15003	-1.76	-1.76282051282051	-1.76	0.79	1.26
15016	-1.76	-1.76282051282051	-1.76	0	1.26
15029	-1.76	-1.76282051282051	-1.76	0	1.26
15042	-1.76	-1.76282051282051	-1.76	0	0.62
15055	-1.76	-1.76282051282051	-1.76	0	0.62
15070	-1.76	-1.76282051282051	-1.76	0	0.62
15085	-1.76	-1.76282051282051	-1.76	0	0.62
15098	1.72	-1.76282051282051	-1.76	0	0.62
15111	1.72	-1.75137362637363	-1.76	0	0.62
15124	1.72	-1.71703296703297	-1.74	3.41	0.62
15137	1.72	-1.65979853479854	-1.7	5.4	0.62
15152	1.72	-1.59111721611722	-1.61	7.34	-0.17
15165	1.72	-1.4823717948718	-1.52	8.42	-0.17
15180	1.72	-1.34500915750916	-1.39	9.54	-0.17
15195	1.72	-1.20764652014652	-1.28	11.01	-0.17
15213	1.72	-0.995879120879121	-1.04	13.01	-0.17
15226	1.72	-0.795558608058608	-0.85	13.63	-0.17
15243	1.72	-0.629578754578755	-0.65	13.63	-0.17
15256	1.72	-0.406364468864469	-0.43	12.44	0.35
15273	1.72	-0.234661172161172	-0.25	11.92	0.35
15290	1.72	-0.0114468864468864	-0.05	13.01	0.35
15307	1.72	0.206043956043956	0.19	13.63	0.35
15324	1.72	0.429258241758242	0.4	13.01	0.35
15339	1.72	0.6753663003663	0.67	12.44	0.35
15354	1.72	0.86996336996337	0.81	12.44	0.13
15369	1.72	1.06456043956044	1.02	14.31	0.13
15384	1.72	1.21336996336996	1.17	12.44	0.13
15397	1.72	1.36217948717949	1.37	8.42	0.13
15412	1.72	1.47092490842491	1.45	6.81	0.13
15427	1.72	1.56822344322344	1.56	5.2	0.13
15442	1.72	1.65407509157509	1.64	3.92	0.13
15460	1.72	1.69986263736264	1.7	2.6	0.54
15475	1.72	1.71703296703297	1.72	0.88	0.54
15492	1.72	1.71703296703297	1.72	0	0.54
15505	1.72	1.71703296703297	1.72	0	0.54
15520	1.72	1.71703296703297	1.72	0	0.54
15534	1.72	1.71703296703297	1.72	0	0.54
15547	1.72	1.71703296703297	1.72	0	0.54
15564	1.72	1.71703296703297	1.72	0	0.86
15579	1.72	1.71703296703297	1.72	0	0.86
15596	-1.76	1.71703296703297	1.72	0	0.86
15609	-1.76	1.71130952380952	1.72	0	0.86
15626	-1.76	1.68269230769231	1.71	-1.46	0.86
15639	-1.76	1.63118131868132	1.68	-4.54	0.86
15652	-1.76	1.5625	1.6	-6.81	0.86
15665	-1.76	1.4823717948718	1.5	-7.95	1.66
15678	-1.76	1.37362637362637	1.38	-8.94	1.66
15691	-1.76	1.25343406593407	1.29	-10.22	1.66
15708	-1.76	1.08745421245421	1.12	-11.45	1.66
15721	-1.76	0.892857142857143	0.96	-13.01	1.66
15738	-1.76	0.698260073260073	0.73	-14.31	1.66
15755	-1.76	0.49793956043956	0.54	-13.01	1.66
15770	-1.76	0.280448717948718	0.31	-11.92	1.19
15786	-1.76	0.051510989010989	0.09	-12.44	1.19
15799	-1.76	-0.125915750915751	-0.05	-11.92	1.19
15816	-1.76	-0.297619047619048	-0.21	-13.63	1.19
15830	-1.76	-0.526556776556777	-0.52	-13.63	1.19
15843	-1.76	-0.703983516483517	-0.64	-13.63	1.19
15856	-1.76	-0.875686813186813	-0.86	-13.01	1.19
15869	-1.76	-1.04739010989011	-1	-13.63	1.54
15882	-1.76	-1.20192307692308	-1.16	-13.01	1.54
15895	-1.76	-1.34500915750916	-1.33	-10.6	1.54
15908	-1.76	-1.45947802197802	-1.48	-7.53	1.54
15923	-1.76	-1.5625	-1.54	-5.61	1.54
15938	-1.76	-1.64835164835165	-1.64	-4.15	1.54
15955	-1.76	-1.71130952380952	-1.68	-3.37	1.54
15971	-1.76	-1.75137362637363	-1.73	-2.12	1.01
15987	-1.76	-1.76282051282051	-1.76	0	1.01
16000	-1.76	-1.76282051282051	-1.76	0	1.01
16015	-1.76	-1.76282051282051	-1.76	0	1.01
16028	-1.76	-1.76282051282051	-1.76	0	1.01
16041	-1.76	-1.76282051282051	-1.76	0	1.01
16054	-1.76	-1.76282051282051	-1.76	0	1.01
16067	-1.76	-1.76282051282051	-1.76	0	1.01
16080	-1.76	-1.76282051282051	-1.76	0	1.25
16095	1.72	-1.76282051282051	-1.76	0	1.25
16108	1.72	-1.76282051282051	-1.76	0	1.25
16121	1.72	-1.76282051282051	-1.76	0	1.25
16134	1.72	-1.73992673992674	-1.76	0	1.25
16147	1.72	-1.69986263736264	-1.75	2.7	1.25
16160	1.72	-1.64262820512821	-1.71	6.98	1.25
16173	1.72	-1.57394688644689	-1.62	8.18	1.25
16186	1.72	-1.47092490842491	-1.51	9.23	-0.01
16199	1.72	-1.3507326007326	-1.39	9.54	-0.01
16214	1.72	-1.21909340659341	-1.23	10.6	-0.01
16227	1.72	-1.04166666666667	-1.09	11.92	-0.01
16242	1.72	-0.864239926739927	-0.88	13.63	-0.01
16255	1.72	-0.6753663003663	-0.71	14.31	-0.01
16271	1.72	-0.492216117216117	-0.51	12.44	-0.01
16286	1.72	-0.291895604395604	-0.34	11.92	0.3
16299	1.72	-0.0972985347985348	-0.19	13.63	0.3
16315	1.72	0.0858516483516484	0.03	13.01	0.3
16328	1.72	0.286172161172161	0.22	13.63	0.3
16343	1.72	0.480769230769231	0.45	13.01	0.3
16358	1.72	0.652472527472527	0.6	13.01	0.3
16377	1.72	0.86996336996337	0.84	13.01	0.3
16390	1.72	1.08173076923077	1.05	13.01	0.04
16403	1.72	1.23054029304029	1.19	12.44	0.04
16420	1.72	1.36217948717949	1.32	8.42	0.04
16440	1.72	1.51671245421245	1.51	5.72	0.04
16455	1.72	1.61401098901099	1.59	4.27	0.04
16468	1.72	1.67124542124542	1.65	3.21	0.04
16486	1.72	1.69986263736264	1.7	1.47	0.04
16503	1.72	1.71703296703297	1.72	0	0.69
16518	1.72	1.71703296703297	1.71	0	0.69
16537	1.72	1.71703296703297	1.71	0	0.69
16550	1.72	1.71703296703297	1.72	0	0.69
16563	1.72	1.71703296703297	1.72	0	0.69
16576	1.72	1.71703296703297	1.72	0	0.69
16589	-1.76	1.71703296703297	1.72	0	0.69
16602	-1.76	1.71703296703297	1.72	0	0.56
16617	-1.76	1.70558608058608	1.71	0	0.56
16630	-1.76	1.65979853479854	1.7	-2.86	0.56
16645	-1.76	1.60828754578755	1.66	-5.72	0.56
16658	-1.76	1.51671245421245	1.55	-8.94	0.56
16673	-1.76	1.41941391941392	1.43	-9.54	0.56
16688	-1.76	1.28205128205128	1.32	-9.54	0.56
16703	-1.76	1.11607142857143	1.2	-11.01	1.79
16719	-1.76	0.915750915750916	0.93	-14.31	1.79
16734	-1.76	0.715430402930403	0.77	-13.01	1.79
16747	-1.76	0.520833333333333	0.53	-12.44	1.79
16760	-1.76	0.35485347985348	0.35	-12.44	1.79
16773	-1.76	0.17742673992674	0.23	-11.92	1.79
16786	-1.76	0.00572344322344322	0.05	-13.01	1.79
16804	-1.76	-0.206043956043956	-0.19	-14.31	1.55
16817	-1.76	-0.400641025641026	-0.35	-13.63	1.55
16833	-1.76	-0.578067765567766	-0.57	-13.01	1.55
16846	-1.76	-0.778388278388278	-0.72	-12.44	1.55
16864	-1.76	-0.955815018315018	-0.94	-11.92	1.55
16879	-1.76	-1.17330586080586	-1.12	-12.44	1.55
16895	-1.76	-1.36217948717949	-1.37	-9.87	1.55
16908	-1.76	-1.47664835164835	-1.47	-6.81	0.81
16923	-1.76	-1.57394688644689	-1.57	-5.72	0.81
16936	-1.76	-1.66552197802198	-1.64	-4.85	0.81
16950	-1.76	-1.72275641025641	-1.71	-3.72	0.81
16965	-1.76	-1.75709706959707	-1.75	-2.37	0.81
16978	-1.76	-1.7742673992674	-1.78	-1.1	0.81
16991	-1.76	-1.76854395604396	-1.78	0	0.81
17005	-1.76	-1.76282051282051	-1.77	0.99	0.51
17018	-1.76	-1.76282051282051	-1.76	0	0.51
17031	-1.76	-1.76282051282051	-1.76	0	0.51
17044	-1.76	-1.76282051282051	-1.76	0	0.51
17057	-1.76	-1.76282051282051	-1.76	0	0.51
17073	-1.76	-1.76282051282051	-1.76	0	0.51
17086	-1.76	-1.76282051282051	-1.76	0	0.51
17102	1.72	-1.76282051282051	-1.76	0	0.51
17115	1.72	-1.76282051282051	-1.76	0	0.76
17128	1.72	-1.74565018315018	-1.76	0	0.76
17141	1.72	-1.71130952380952	-1.75	3.58	0.76
17154	1.72	-1.65407509157509	-1.71	5.96	0.76
17167	1.72	-1.57967032967033	-1.63	7.53	0.76
17184	1.72	-1.46520146520147	-1.48	8.42	0.76
17197	1.72	-1.33356227106227	-1.36	10.22	0.76
17210	1.72	-1.18475274725275	-1.24	11.45	-0.2
17227	1.72	-0.995879120879121	-1.04	14.31	-0.2
17240	1.72	-0.801282051282051	-0.85	15.06	-0.2
17253	1.72	-0.629578754578755	-0.67	13.01	-0.2
17266	1.72	-0.463598901098901	-0.52	12.44	-0.2
17281	1.72	-0.291895604395604	-0.35	11.92	-0.2
17297	1.72	-0.0858516483516484	-0.13	12.44	-0.2
17311	1.72	0.120192307692308	0.04	13.01	-0.03
17324	1.72	0.291895604395604	0.21	13.63	-0.03
17340	1.72	0.492216117216117	0.46	13.63	-0.03
17355	1.72	0.669642857142857	0.61	13.63	-0.03
17368	1.72	0.864239926739927	0.79	13.01	-0.03
17384	1.72	1.06456043956044	1.02	14.31	-0.03
17398	1.72	1.20192307692308	1.17	12.44	-0.03
17416	1.72	1.37934981684982	1.33	7.73	0.81
17431	1.72	1.51671245421245	1.51	5.5	0.81
17444	1.72	1.59111721611722	1.57	4.54	0.81
17457	1.72	1.64835164835165	1.62	3.76	0.81
17476	1.72	1.69413919413919	1.69	2.33	0.81
17494	1.72	1.71703296703297	1.72	0	0.81
17507	1.72	1.71703296703297	1.72	0	0.81
17520	1.72	1.71703296703297	1.72	0	0.74
17535	1.72	1.71703296703297	1.72	0	0.74
17548	1.72	1.71703296703297	1.72	0	0.74
17563	1.72	1.71703296703297	1.72	0	0.74
17580	1.72	1.71703296703297	1.72	0	0.74
17593	-1.76	1.71703296703297	1.72	0	0.74
17608	-1.76	1.70558608058608	1.72	0	0.74
17624	-1.76	1.67124542124542	1.71	-2.86	1.66
17637	-1.76	1.60828754578755	1.65	-5.61	1.66
17650	-1.76	1.52815934065934	1.56	-7.34	1.66
17664	-1.76	1.43086080586081	1.47	-8.94	1.66
17677	-1.76	1.3106684981685	1.33	-9.23	1.66
17692	-1.76	1.1790293040293	1.22	-10.22	1.66
17707	-1.76	1.00160256410256	1.1	-12.44	1.66
17721	-1.76	0.795558608058608	0.92	-14.31	1.88
17738	-1.76	0.629578754578755	0.71	-13.63	1.88
17751	-1.76	0.400641025641026	0.42	-11.92	1.88
17766	-1.76	0.228937728937729	0.27	-11.92	1.88
17783	-1.76	0.0457875457875458	0.07	-13.01	1.88
17796	-1.76	-0.183150183150183	-0.11	-13.63	1.88
17809	-1.76	-0.35485347985348	-0.35	-13.63	1.88
