0	0	0	0	0	0.44
17	0	0	0	0	0.44
32	0	0	0	0	0.44
45	0	0	0	0	0.44
58	0	0	0	0	0.44
73	0	0	0	0	0.44
86	0	0	0	0	0.44
99	0	0	0	0	0.44
113	0	0	0	0	0.44
129	0	0	0	0	0.44
142	0	0	0	0	0.44
155	0	0	0	0	0.44
170	0	0	0	0	0.44
183	0	0	0	0	0.44
196	0	0	0	0	0.44
211	0	0	0	0	0.44
224	0	0	0	0	0.44
237	0	0	0	0	0.44
252	0	0	0	0	0.44
267	0	0	0	0	0.44
282	0	0	0	0	0.44
297	0	0	0	0	0.44
312	0	0	0	0	0.44
325	0	0	0	0	0.44
338	0	0	0	0	0.44
351	0	0	0	0	0.44
368	0	0	0	0	0.44
381	0	0	0	0	0.44
394	0	0	0	0	0.44
407	0	0	0	0	0.44
420	0	0	0	0	0.44
435	0	0	0	0	0.44
448	0	0	0	0	0.44
461	0	0	0	0	0.44
474	0	0	0	0	0.44
489	0	0	0	0	0.44
502	0	0	0	0	0.44
515	0	0	0	0	0.44
529	0	0	0	0	0.44
545	0	0	0	0	0.44
558	0	0	0	0	0.44
573	0	0	0	0	0.44
588	0	0	0	0	0.44
606	0	0	0	0	0.44
621	0	0	0	0	0.44
638	0	0	0	0	0.44
651	0	0	0	0	0.44
668	0	0	0	0	0.44
683	0	0	0	0	0.44
697	0	0	0	0	0.44
712	0	0	0	0	0.44
729	0	0	0	0	0.44
745	0	0	0	0	0.44
759	0	0	0	0	0.44
774	0	0	0	0	0.44
791	0	0	0	0	0.44
808	0	0	0	0	0.44
821	0	0	0	0	0.44
834	0	0	0	0	0.44
847	0	0	0	0	0.44
863	0	0	0	0	0.44
878	0	0	0	0	0.44
893	0	0	0	0	0.44
906	0	0	0	0	0.44
919	0	0	0	0	0.44
936	0	0	0	0	0.44
949	0	0	0	0	0.44
962	0	0	0	0	0.44
977	0	0	0	0	0.44
994	0	0	0	0	0.44
1009	0	0	0	0	0.44
1022	0	0	0	0	0.44
1037	0	0	0	0	0.44
1050	0	0	0	0	0.44
1065	0	0	0	0	0.44
1078	0	0	0	0	0.44
1091	0	0	0	0	0.44
1104	0	0	0	0	0.44
1119	0	0	0	0	0.44
1132	0	0	0	0	0.44
1147	0	0	0	0	0.44
1162	0	0	0	0	0.44
1175	0	0	0	0	0.44
1188	0	0	0	0	0.44
1201	0	0	0	0	0.44
1214	0	0	0	0	0.44
1227	0	0	0	0	0.44
1240	0	0	0.01	0.96	0.44
1255	0	0	0.02	0.58	0.44
1268	0	0	0.02	0	1.37
1281	0	0	0.02	0	1.37
1296	0	0	0.02	0	1.37
1309	0	0	0.02	0	1.37
1323	0	0	0.02	0	1.37
1336	0	0	0.02	0	1.37
1349	0	0	0.02	0	1.37
1363	0	0	0.02	0	3.27
1376	0	0	0.02	0	3.27
1389	0	0	0.01	-0.59	3.27
1402	0	0	-0.01	-1.86	3.27
1415	0	0	-0.02	-0.67	3.27
1430	0	0	-0.03	-0.38	3.27
1447	0	0	-0.02	0	3.27
1460	0	0	-0.02	0	3.27
1473	0	0	-0.02	0	1.06
1488	0	0	-0.01	1.27	1.06
1501	0	0	0	0	1.06
1516	0	0	0	0	1.06
1531	0	0	0	0	1.06
1546	0	0	0	0	1.06
1559	0	0	0	0	1.06
1574	0	0	0	0	1.12
1587	0	0	0	0.06	1.12
1600	0	0	0.01	0.06	1.12
1615	0	0	0.01	0.06	1.12
1630	0	0	0.01	0.06	1.12
1645	0	0	0.01	0.06	1.12
1664	0	0	0.01	0.06	1.12
1679	0	0	0.01	0.06	1.82
1692	0	0	0.01	0.05	1.82
1709	0	0	0.01	0.05	1.82
1724	0	0	0.01	0.04	1.82
1737	0	0	0.01	0.04	1.82
1752	0	0	0.01	0.04	1.82
1767	0	0	0.01	0.03	1.82
1780	0	0	0.01	0.03	2.5
1793	0	0	0.01	0	2.5
1810	0	0	0.01	0	2.5
1825	0	0	0.01	0	2.5
1840	0	0	0.01	0	2.5
1857	0	0	0.01	0	2.5
1872	0	0	0.01	0	2.5
1885	0	0	0.01	0	3.19
1898	0	0	0.01	0	3.19
1911	0	0	0.01	0	3.19
1926	0	0	0	0	3.19
1943	0	0	0	-0.27	3.19
1957	0	0	-0.01	-0.27	3.19
1970	0	0	-0.01	-0.18	3.19
1986	0	0	-0.01	0	2.86
1999	0	0	-0.01	0	2.86
2014	0	0	-0.01	0	2.86
2027	0	0	-0.01	0	2.86
2042	0	0	-0.01	0	2.86
2055	0	0	-0.01	0	2.86
2070	0	0	-0.01	0	2.86
2083	0	0	-0.01	0	2.86
2098	0	0	-0.01	0	2.2
2115	0	0	-0.01	0	2.2
2130	0	0	-0.01	0	2.2
2143	0	0	-0.01	0	2.2
2158	0	0	-0.01	0	2.2
2175	0	0	-0.01	0	2.2
2188	0	0	-0.01	0	2.2
2201	0	0	-0.01	0	1.5
2216	0	0	-0.01	0	1.5
2231	0	0	0	0	1.5
2246	0	0	0	0	1.5
2259	0	0	0	0	1.5
2276	0	0	0	0	1.5
2291	0	0	0	0	1.5
2306	0	0	0	0	1.46
2321	0	0	0	0	1.46
2335	0	0	0	0	1.46
2348	0	0	0	0	1.46
2364	0	0	0	0	1.46
2381	0	0	0	0	1.46
2394	0	0	0	0	1.46
2409	0	0	0	0	1.46
2422	0	0	0	0	1.46
2435	0	0	0	0	1.46
2452	0	0	0	0	1.46
2465	0	0	0	0	1.46
2478	0	0	0	0	1.46
2491	0	0	0	0	1.46
2504	0	0	0	0	1.46
2517	0	0	0	0	1.46
2530	0	0	0	0	1.46
2543	0	0	0	0	1.46
2556	0	0	0	0	1.46
2569	0	0	0	0	1.46
2582	0	0	0	0	1.46
2597	0	0	0	0	1.46
2612	0	0	0	0	1.46
2625	0	0	0	0	1.46
2638	0	0	0	0	1.46
2651	0	0	0	0	1.46
2664	0	0	0	0	1.46
2677	0	0	0	0	1.46
2692	0	0	0	0	1.46
2705	0	0	0	0	1.46
2718	0	0	0	0	1.46
2731	0	0	0	0	1.46
2744	0	0	0	0	1.46
2757	0	0	0	0	1.46
2770	0	0	0	0	1.46
2783	0	0	0	0	1.46
2796	0	0	0	0	1.46
2811	0	0	0	0	1.46
2824	0	0	0	0	1.46
2837	0	0	0	0	1.46
2850	0	0	0	0	1.46
2863	0	0	0	0	1.46
2878	0	0	0	0	1.46
2891	0	0	0	0	1.46
2904	0	0	0	0	1.46
2917	0	0	0	0	1.46
2931	0	0	0	0	1.46
2944	0	0	0	0	1.46
2959	0	0	0	0	1.46
2974	0	0	0	0	1.46
2987	0	0	0	0	1.46
3000	0	0	0	0	1.46
3013	0	0	0	0	1.46
3028	0	0	0	0	1.46
3041	0	0	0	0	1.46
3056	0	0	0	0	1.46
3069	0	0	0	0	1.46
3082	0	0	0	0	1.46
3095	0	0	0	0	1.46
3108	0	0	0	0	1.46
3121	0	0	0	0	1.46
3134	0	0	0	0	1.46
3149	0	0	0	0	1.46
3162	0	0	0	0	1.46
3175	0	0	0	0	1.46
3188	0	0	0	0	1.46
3203	0	0	0	0	1.46
3217	0	0	0	0	1.46
3231	0	0	0	0	1.46
3248	0	0	0	0	1.46
3261	0	0	0	0	1.46
3276	0	0	0	0	1.46
3289	0	0	0	0	1.46
3304	0	0	0	0	1.46
3317	0	0	0	0	1.46
3330	0	0	0	0	1.46
3343	0	0	0	0	1.46
3356	0	0	0	0	1.46
3371	0	0	0	0	1.46
3384	0	0	0	0	1.46
3399	0	0	0	0	1.46
3414	0	0	0	0	1.46
3429	0	0	0	0	1.46
3446	0	0	0	0	1.46
3461	0	0	0	0	1.46
3474	0	0	0	0	1.46
3490	0	0	0	0	1.46
3503	0	0	0	0	1.46
3516	0	0	0	0	1.46
3529	0	0	0	0	1.46
3542	0	0	0	0	1.46
3555	0	0	0	0	1.46
3568	0	0	0	0	1.46
3581	0	0	0	0	1.46
3594	0	0	0	0	1.46
3611	0	0	0	0	1.46
3624	0	0	0	0	1.46
3639	0	0	0	0	1.46
3655	0	0	0	0	1.46
3670	0	0	0	0	1.46
3683	0	0	0	0	1.46
3696	0	0	0	0	1.46
3711	0	0	0	0	1.46
3724	0	0	0	0	1.46
3737	0	0	0	0	1.46
3750	0	0	0	0	1.46
3765	0	0	0	0	1.46
3780	0	0	0	0	1.46
3795	0	0	0	0	1.46
3810	0	0	0	0	1.46
3825	0	0	0	0	1.46
3838	0	0	0	0	1.46
3853	0	0	0	0	1.46
3866	0	0	0	0	1.46
3881	0	0	0	0	1.46
3894	0	0	0	0	1.46
3909	0	0	0	0	1.46
3924	0	0	0	0	1.46
3937	0	0	0	0	1.46
3954	0	0	0	0	1.46
3967	0	0	0	0	1.46
3982	0	0	0	0	1.46
3995	0	0	0	0	1.46
4010	0	0	0	0	1.46
4025	0	0	0	0	1.46
4040	0	0	0	0	1.46
4055	0	0	0	0	1.46
4068	0	0	0	0	1.46
4085	0	0	0	0	1.46
4100	0	0	0	0	1.46
4115	0	0	0	0	1.46
4132	0	0	0	0	1.46
4149	0	0	0	0	1.46
4164	0	0	0	0	1.46
4179	0	0	0	0	1.46
4192	0	0	0	0	1.46
4207	0	0	0	0	1.46
4224	0	0	0	0	1.46
4241	0	0	0	0	1.46
4256	0	0	0	0	1.46
4271	0	0	0	0	1.46
4286	0	0	0	0	1.46
4301	0	0	0	0	1.46
4316	0	0	0	0	1.46
4329	0	0	0	0	1.46
4344	0	0	0	0	1.46
4359	0	0	0	0	1.46
4376	0	0	0	0	1.46
4389	0	0	0	0	1.46
4402	0	0	0	0	1.46
4415	0	0	0	0	1.46
4428	0	0	0	0	1.46
4441	0	0	0	0	1.46
4454	0	0	0	0	1.46
4467	0	0	0	0	1.46
4486	0	0	0	0	1.46
4501	0	0	0	0	1.46
4516	0	0	0	0	1.46
4529	0	0	0	0	1.46
4546	0	0	0	0	1.46
4559	0	0	0	0	1.46
4572	0	0	0	0	1.46
4585	0	0	0	0	1.46
4604	0	0	0	0	1.46
4617	0	0	0	0	1.46
4630	0	0	0	0	1.46
4643	0	0	0	0	1.46
4662	0	0	0	0	1.46
4676	0	0	0	0	1.46
4689	0	0	0	0	1.46
4702	0	0	0	0	1.46
4715	0	0	0	0	1.46
4728	0	0	0	0	1.46
4745	0	0	0	0	1.46
4759	0	0	0	0	1.46
4774	0	0	0	0	1.46
4789	0	0	0	0	1.46
4802	0	0	0	0	1.46
4815	0	0	0	0	1.46
4832	0	0	0	0	1.46
4847	0	0	0	0	1.46
4863	0	0	0	0	1.46
4876	0	0	0	0	1.46
4892	0	0	0	0	1.46
4905	0	0	0	0	1.46
4918	0	0	0	0	1.46
4932	0	0	0	0	1.46
4947	0	0	0	0	1.46
4965	0	0	0	0	1.46
4977	0	0	0	0	1.46
4990	0	0	0	0	1.46
5003	0	0	0	0	1.46
5016	0	0	0	0	1.46
5031	0	0	0	0	1.46
5044	0	0	0	0	1.46
5062	0	0	0	0	1.46
5076	0	0	0	0	1.46
5089	0	0	0	0	1.46
5105	0	0	0	0	1.46
5118	0	0	0	0	1.46
5131	0	0	0	0	1.46
5144	0	0	0	0	1.46
5157	0	0	0	0	1.46
5170	0	0	0	0	1.46
5185	0	0	0	0	1.46
5198	0	0	0	0	1.46
5211	0	0	0	0	1.46
5224	0	0	0	0	1.46
5239	0	0	0	0	1.46
5252	0	0	0	0	1.46
5265	0	0	0	0	1.46
5280	0	0	0	0	1.46
5295	0	0	0	0	1.46
5312	0	0	0	0	1.46
5327	0	0	0	0	1.46
5342	0	0	0	0	1.46
5357	0	0	0	0	1.46
5370	0	0	0	0	1.46
5388	0	0	0	0	1.46
5401	0	0	0	0	1.46
5415	0	0	0	0	1.46
5432	0	0	0	0	1.46
5447	0	0	0	0	1.46
5462	0	0	0	0	1.46
5477	0	0	0	0	1.46
5492	0	0	0	0	1.46
5505	0	0	0	0	1.46
5520	0	0	0	0	1.46
5535	0	0	0	0	1.46
5548	0	0	0	0	1.46
5561	0	0	0	0	1.46
5574	0	0	0	0	1.46
5589	0	0	0	0	1.46
5602	0	0	0	0	1.46
5617	0	0	0	0	1.46
5632	0	0	0	0	1.46
5645	0	0	0	0	1.46
5658	0	0	0	0	1.46
5671	0	0	0	0	1.46
5684	0	0	0	0	1.46
5697	0	0	0	0	1.46
5710	0	0	0	0	1.46
5725	0	0	0	0	1.46
5738	0	0	0	0	1.46
5751	0	0	0	0	1.46
5764	0	0	0	0	1.46
5777	0	0	0	0	1.46
5791	0	0	0	0	1.46
5804	0	0	0	0	1.46
5817	0	0	0	0	1.46
5832	0	0	0	0	1.46
5845	0	0	0	0	1.46
5858	0	0	0	0	1.46
5871	0	0	0	0	1.46
5884	0	0	0	0	1.46
5897	0	0	0	0	1.46
5910	0	0	0	0	1.46
5923	0	0	0	0	1.46
5936	0	0	0	0	1.46
5949	0	0	0	0	1.46
5962	0	0	0	0	1.46
5975	0	0	0	0	1.46
5988	0	0	0	0	1.46
6001	0	0	0	0	1.46
6017	0	0	0	0	1.46
6029	0	0	0	0	1.46
6042	0	0	0	0	1.46
6055	0	0	0	0	1.46
6070	0	0	0	0	1.46
6083	0	0	0	0	1.46
6098	0	0	0	0	1.46
6111	0	0	0	0	1.46
6124	0	0	0	0	1.46
6137	0	0	0	0	1.46
6150	0	0	0	0	1.46
6165	0	0	0	0	1.46
6180	0	0	0	0	1.46
6195	0	0	0	0	1.46
6211	0	0	0	0	1.46
6225	0	0	0	0	1.46
6240	0	0	0	0	1.46
6255	-1.76	0	0	0	1.46
6268	-1.76	0	0	0	1.46
6283	-1.76	-0.0286172161172161	-0.01	0	1.46
6298	1.72	-0.0629578754578755	-0.02	-4.4	1.46
6311	1.72	-0.137362637362637	-0.1	-6.36	2.27
6324	1.72	-0.206043956043956	-0.21	-7.53	2.27
6341	1.72	-0.246108058608059	-0.27	-3.29	2.27
6355	1.72	-0.274725274725275	-0.31	0	2.27
6372	1.72	-0.274725274725275	-0.3	2.49	2.27
6385	1.72	-0.240384615384615	-0.25	2.86	2.27
6401	1.72	-0.17742673992674	-0.22	4.62	2.27
6418	1.72	-0.108745421245421	-0.16	6.81	-0.04
6431	1.72	0.0114468864468864	0	8.18	-0.04
6446	1.72	0.131639194139194	0.08	9.54	-0.04
6459	1.72	0.297619047619048	0.29	11.92	-0.04
6476	1.72	0.446428571428571	0.4	13.63	-0.04
6493	1.72	0.703983516483517	0.68	13.63	-0.04
6507	1.72	0.910027472527472	0.86	12.44	-0.04
6522	1.72	1.07028388278388	1.06	11.92	0.48
6539	1.72	1.24198717948718	1.21	10.6	0.48
6554	1.72	1.40796703296703	1.39	7.53	0.48
6569	1.72	1.51671245421245	1.49	6.81	0.48
6584	1.72	1.60828754578755	1.58	5.11	0.48
6599	1.72	1.67124542124542	1.67	3.41	0.48
6614	1.72	1.70558608058608	1.71	2.03	0.48
6627	1.72	1.71703296703297	1.72	0	0.93
6642	1.72	1.71703296703297	1.72	0	0.93
6657	1.72	1.71703296703297	1.72	0	0.93
6670	1.72	1.71703296703297	1.72	0	0.93
6683	1.72	1.71703296703297	1.72	0	0.93
6696	1.72	1.71703296703297	1.72	0	0.93
6709	1.72	1.71703296703297	1.72	0	0.93
6724	1.72	1.71703296703297	1.72	0	1.28
6737	1.72	1.71703296703297	1.72	0	1.28
6752	1.72	1.71703296703297	1.72	0	1.28
6765	1.72	1.71703296703297	1.72	0	1.28
6780	1.72	1.71703296703297	1.72	0	1.28
6797	1.72	1.71703296703297	1.72	0	1.28
6810	1.72	1.71703296703297	1.72	0	1.28
6823	1.72	1.71703296703297	1.72	0	1.28
6836	1.72	1.71703296703297	1.72	0	1.28
6850	1.72	1.71703296703297	1.72	0	1.28
6863	1.72	1.71703296703297	1.72	0	1.28
6878	1.72	1.71703296703297	1.72	0	1.28
6891	1.72	1.71703296703297	1.72	0	1.28
6904	1.72	1.71703296703297	1.72	0	1.28
6917	1.72	1.71703296703297	1.72	0	1.28
6930	1.72	1.71703296703297	1.72	0	1.28
6943	1.72	1.71703296703297	1.72	0	1.28
6956	1.72	1.71703296703297	1.72	0	1.28
6969	1.72	1.71703296703297	1.72	0	1.28
6984	1.72	1.71703296703297	1.72	0	1.28
6997	1.72	1.71703296703297	1.72	0	1.28
7010	1.72	1.71703296703297	1.72	0	1.28
7023	1.72	1.71703296703297	1.72	0	1.28
7036	1.72	1.71703296703297	1.72	0	1.28
7049	1.72	1.71703296703297	1.72	0	1.28
7062	1.72	1.71703296703297	1.72	0	1.28
7075	1.72	1.71703296703297	1.72	0	1.28
7088	1.72	1.71703296703297	1.72	0	1.28
7101	1.72	1.71703296703297	1.72	0	1.28
7116	1.72	1.71703296703297	1.72	0	1.28
7129	1.72	1.71703296703297	1.72	0	1.28
7144	1.72	1.71703296703297	1.72	0	1.28
7159	1.72	1.71703296703297	1.72	0	1.28
7172	1.72	1.71703296703297	1.72	0	1.28
7187	1.72	1.71703296703297	1.72	0	1.28
7206	1.72	1.71703296703297	1.72	0	1.28
7219	1.72	1.71703296703297	1.72	0	1.28
7234	1.72	1.71703296703297	1.72	0	1.28
7247	1.72	1.71703296703297	1.72	0	1.28
7260	1.72	1.71703296703297	1.72	0	1.28
7273	1.72	1.71703296703297	1.72	0	1.28
7288	1.72	1.71703296703297	1.72	0	1.28
7301	-1.76	1.71703296703297	1.72	0	1.28
7316	-1.76	1.71703296703297	1.72	0	1.28
7331	-1.76	1.68841575091575	1.72	-1.87	1.28
7344	-1.76	1.63690476190476	1.68	-5.02	2.07
7359	-1.76	1.57394688644689	1.6	-6.5	2.07
7376	-1.76	1.47664835164835	1.5	-7.95	2.07
7391	-1.76	1.33356227106227	1.38	-8.94	2.07
7404	-1.76	1.1790293040293	1.21	-10.6	2.07
7419	-1.76	1.03021978021978	1.1	-13.01	2.07
7432	-1.76	0.829899267399267	0.92	-15.06	2.07
7445	-1.76	0.658195970695971	0.66	-15.06	1.64
7462	-1.76	0.486492673992674	0.53	-13.01	1.64
7475	-1.76	0.257554945054945	0.26	-11.45	1.64
7493	-1.76	0.0858516483516484	0.14	-11.45	1.64
7506	-1.76	-0.143086080586081	-0.09	-13.01	1.64
7521	-1.76	-0.309065934065934	-0.25	-14.31	1.64
7536	-1.76	-0.538003663003663	-0.5	-13.63	1.64
7549	-1.76	-0.703983516483517	-0.66	-12.44	1.54
7562	-1.76	-0.875686813186813	-0.82	-13.01	1.54
7577	-1.76	-1.04739010989011	-0.97	-12.44	1.54
7595	-1.76	-1.25343406593407	-1.22	-11.45	1.54
7612	-1.76	-1.40796703296703	-1.39	-8.67	1.54
7627	-1.76	-1.5625	-1.56	-5.96	1.54
7642	-1.76	-1.64262820512821	-1.63	-4.69	1.54
7655	-1.76	-1.70558608058608	-1.69	-3.45	1.12
7672	-1.76	-1.74565018315018	-1.73	-2.29	1.12
7685	-1.76	-1.76854395604396	-1.77	-1.11	1.12
7698	-1.76	-1.76854395604396	-1.77	0	1.12
7711	-1.76	-1.76282051282051	-1.77	0	1.12
7724	-1.76	-1.76282051282051	-1.77	0	1.12
7737	-1.76	-1.76282051282051	-1.77	0	1.12
7750	-1.76	-1.76282051282051	-1.76	0	0.66
7763	-1.76	-1.76282051282051	-1.76	0	0.66
7780	-1.76	-1.76282051282051	-1.76	0	0.66
7794	-1.76	-1.76282051282051	-1.76	0	0.66
7809	-1.76	-1.76282051282051	-1.76	0	0.66
7822	-1.76	-1.76282051282051	-1.76	0	0.66
7835	-1.76	-1.76282051282051	-1.76	0	0.66
7848	-1.76	-1.76282051282051	-1.76	0	0.66
7861	-1.76	-1.76282051282051	-1.76	0	0.68
7874	-1.76	-1.76282051282051	-1.76	0	0.68
7887	-1.76	-1.76282051282051	-1.76	0	0.68
7900	-1.76	-1.76282051282051	-1.76	0	0.68
7915	-1.76	-1.76282051282051	-1.76	0	0.68
7928	-1.76	-1.76282051282051	-1.76	0	0.68
7943	-1.76	-1.76282051282051	-1.76	0	0.68
7956	-1.76	-1.76282051282051	-1.76	0	0.68
7969	-1.76	-1.76282051282051	-1.76	0	0.68
7982	-1.76	-1.76282051282051	-1.76	0	0.68
7995	-1.76	-1.76282051282051	-1.76	0	0.68
8008	-1.76	-1.76282051282051	-1.76	0	0.68
8023	-1.76	-1.76282051282051	-1.76	0	0.68
8037	-1.76	-1.76282051282051	-1.76	0	0.68
8050	-1.76	-1.76282051282051	-1.76	0	0.68
8065	-1.76	-1.76282051282051	-1.76	0	0.68
8078	-1.76	-1.76282051282051	-1.76	0	0.68
8091	-1.76	-1.76282051282051	-1.76	0	0.68
8104	-1.76	-1.76282051282051	-1.76	0	0.68
8117	-1.76	-1.76282051282051	-1.76	0	0.68
8130	-1.76	-1.76282051282051	-1.76	0	0.68
8143	-1.76	-1.76282051282051	-1.76	0	0.68
8156	-1.76	-1.76282051282051	-1.76	0	0.68
8172	-1.76	-1.76282051282051	-1.76	0	0.68
8187	-1.76	-1.76282051282051	-1.76	0	0.68
8204	-1.76	-1.76282051282051	-1.76	0	0.68
8217	-1.76	-1.76282051282051	-1.76	0	0.68
8230	-1.76	-1.76282051282051	-1.76	0	0.68
8243	-1.76	-1.76282051282051	-1.76	0	0.68
8258	-1.76	-1.76282051282051	-1.76	0	0.68
8271	-1.76	-1.76282051282051	-1.76	0	0.68
8288	-1.76	-1.76282051282051	-1.76	0	0.68
8301	1.72	-1.76282051282051	-1.76	0	0.68
8316	1.72	-1.75137362637363	-1.76	0	0.68
8329	1.72	-1.71130952380952	-1.75	3.29	0.68
8346	1.72	-1.64835164835165	-1.69	6.5	0.68
8363	1.72	-1.56822344322344	-1.59	7.73	0.68
8378	1.72	-1.43086080586081	-1.48	8.18	0.09
8392	1.72	-1.28205128205128	-1.29	9.87	0.09
8405	1.72	-1.14468864468864	-1.2	11.45	0.09
8418	1.72	-0.967261904761905	-0.99	13.63	0.09
8435	1.72	-0.801282051282051	-0.86	14.31	0.09
8448	1.72	-0.578067765567766	-0.65	13.63	0.09
8461	1.72	-0.412087912087912	-0.42	11.92	0.09
8478	1.72	-0.206043956043956	-0.22	11.92	0.24
8495	1.72	-0.0171703296703297	-0.08	13.63	0.24
8508	1.72	0.206043956043956	0.17	13.63	0.24
8523	1.72	0.37202380952381	0.37	13.63	0.24
8540	1.72	0.572344322344322	0.53	13.01	0.24
8555	1.72	0.789835164835165	0.76	12.44	0.24
8570	1.72	0.990155677655678	0.97	13.01	0.24
8585	1.72	1.16758241758242	1.14	13.01	0.11
8598	1.72	1.32783882783883	1.34	10.22	0.11
8613	1.72	1.44230769230769	1.43	6.36	0.11
8626	1.72	1.55105311355311	1.55	5.2	0.11
8639	1.72	1.61973443223443	1.59	4.47	0.11
8656	1.72	1.66552197802198	1.65	3.41	0.11
8673	1.72	1.70558608058608	1.71	1.52	0.11
8686	1.72	1.71703296703297	1.72	0	0.78
8701	1.72	1.71703296703297	1.72	0	0.78
8718	1.72	1.71703296703297	1.72	0	0.78
8731	1.72	1.71703296703297	1.72	0	0.78
8746	1.72	1.71703296703297	1.72	0	0.78
8761	1.72	1.71703296703297	1.72	0	0.78
8776	1.72	1.71703296703297	1.72	0	0.78
8791	1.72	1.71703296703297	1.72	0	0.75
8806	1.72	1.71703296703297	1.72	0	0.75
8821	1.72	1.71703296703297	1.72	0	0.75
8834	1.72	1.71703296703297	1.72	0	0.75
8849	1.72	1.71703296703297	1.72	0	0.75
8867	1.72	1.71703296703297	1.72	0	0.75
8880	1.72	1.71703296703297	1.72	0	0.75
8895	1.72	1.71703296703297	1.72	0	0.75
8910	1.72	1.71703296703297	1.72	0	0.75
8925	1.72	1.71703296703297	1.72	0	0.75
8940	1.72	1.71703296703297	1.72	0	0.75
8955	1.72	1.71703296703297	1.72	0	0.75
8972	1.72	1.71703296703297	1.72	0	0.75
8989	1.72	1.71703296703297	1.72	0	0.75
9004	1.72	1.71703296703297	1.72	0	0.75
9017	1.72	1.71703296703297	1.72	0	0.75
9032	1.72	1.71703296703297	1.72	0	0.75
9050	1.72	1.71703296703297	1.72	0	0.75
9063	1.72	1.71703296703297	1.72	0	0.75
9080	1.72	1.71703296703297	1.72	0	0.75
9093	1.72	1.71703296703297	1.72	0	0.75
9108	1.72	1.71703296703297	1.72	0	0.75
9121	1.72	1.71703296703297	1.72	0	0.75
9136	1.72	1.71703296703297	1.72	0	0.75
9150	1.72	1.71703296703297	1.72	0	0.75
9163	1.72	1.71703296703297	1.72	0	0.75
9178	1.72	1.71703296703297	1.72	0	0.75
9192	1.72	1.71703296703297	1.72	0	0.75
9207	1.72	1.71703296703297	1.72	0	0.75
9222	1.72	1.71703296703297	1.72	0	0.75
9237	1.72	1.71703296703297	1.72	0	0.75
9250	1.72	1.71703296703297	1.72	0	0.75
9263	1.72	1.71703296703297	1.72	0	0.75
9276	1.72	1.71703296703297	1.72	0	0.75
9289	1.72	1.71703296703297	1.72	0	0.75
9308	-1.76	1.71703296703297	1.72	0	0.75
9321	-1.76	1.71703296703297	1.72	0	0.75
9336	-1.76	1.70558608058608	1.72	0	0.75
9350	-1.76	1.66552197802198	1.71	-2.49	0.75
9365	-1.76	1.61401098901099	1.67	-5.61	0.75
9378	-1.76	1.52815934065934	1.6	-7.73	0.75
9392	-1.76	1.42513736263736	1.43	-8.67	0.75
9407	-1.76	1.3106684981685	1.35	-10.6	0.75
9425	-1.76	1.13324175824176	1.14	-11.45	1.84
9438	-1.76	0.921474358974359	0.98	-13.01	1.84
9452	-1.76	0.738324175824176	0.78	-14.31	1.84
9465	-1.76	0.566620879120879	0.62	-13.63	1.84
9482	-1.76	0.377747252747253	0.39	-13.01	1.84
9497	-1.76	0.183150183150183	0.23	-11.45	1.84
9512	-1.76	-0.0171703296703297	0.02	-12.44	1.84
9525	-1.76	-0.206043956043956	-0.15	-13.63	1.73
9538	-1.76	-0.377747252747253	-0.31	-13.01	1.73
9557	-1.76	-0.572344322344322	-0.54	-13.01	1.73
9570	-1.76	-0.795558608058608	-0.74	-13.01	1.73
9583	-1.76	-0.967261904761905	-0.93	-13.01	1.73
9598	-1.76	-1.13324175824176	-1.12	-13.01	1.73
9611	-1.76	-1.29922161172161	-1.27	-10.6	1.73
9624	-1.76	-1.42513736263736	-1.38	-8.67	0.93
9637	-1.76	-1.52815934065934	-1.53	-6.09	0.93
9652	-1.76	-1.62545787545788	-1.61	-4.62	0.93
9665	-1.76	-1.68269230769231	-1.66	-4.27	0.93
9683	-1.76	-1.72847985347985	-1.72	-2.86	0.93
9696	-1.76	-1.75709706959707	-1.76	-1.19	0.93
9710	-1.76	-1.76282051282051	-1.76	0	0.93
9727	-1.76	-1.76282051282051	-1.76	0	0.94
9740	-1.76	-1.76282051282051	-1.76	0	0.94
9753	-1.76	-1.76282051282051	-1.76	0	0.94
9768	-1.76	-1.76282051282051	-1.76	0	0.94
9781	-1.76	-1.76282051282051	-1.76	0	0.94
9797	-1.76	-1.76282051282051	-1.76	0	0.94
9810	-1.76	-1.76282051282051	-1.76	0	0.94
9823	-1.76	-1.76282051282051	-1.76	0	0.94
9838	-1.76	-1.76282051282051	-1.76	0	0.94
9852	-1.76	-1.76282051282051	-1.76	0	0.94
9865	-1.76	-1.76282051282051	-1.76	0	0.94
9878	-1.76	-1.76282051282051	-1.76	0	0.94
9891	-1.76	-1.76282051282051	-1.76	0	0.94
9906	-1.76	-1.76282051282051	-1.76	0	0.94
9919	-1.76	-1.76282051282051	-1.76	0	0.94
9935	-1.76	-1.76282051282051	-1.76	0	0.94
9950	-1.76	-1.76282051282051	-1.76	0	0.94
9965	-1.76	-1.76282051282051	-1.76	0	0.94
9978	-1.76	-1.76282051282051	-1.76	0	0.94
9991	-1.76	-1.76282051282051	-1.76	0	0.94
10005	-1.76	-1.76282051282051	-1.76	0	0.94
10018	-1.76	-1.76282051282051	-1.76	0	0.94
10032	-1.76	-1.76282051282051	-1.76	0	0.94
10045	-1.76	-1.76282051282051	-1.76	0	0.94
10058	-1.76	-1.76282051282051	-1.76	0	0.94
10073	-1.76	-1.76282051282051	-1.76	0	0.94
10088	-1.76	-1.76282051282051	-1.76	0	0.94
10101	-1.76	-1.76282051282051	-1.76	0	0.94
10116	-1.76	-1.76282051282051	-1.76	0	0.94
10130	-1.76	-1.76282051282051	-1.76	0	0.94
10147	-1.76	-1.76282051282051	-1.76	0	0.94
10164	-1.76	-1.76282051282051	-1.76	0	0.94
10179	-1.76	-1.76282051282051	-1.76	0	0.94
10194	-1.76	-1.76282051282051	-1.76	0	0.94
10207	-1.76	-1.76282051282051	-1.76	0	0.94
10220	-1.76	-1.76282051282051	-1.76	0	0.94
10233	-1.76	-1.76282051282051	-1.76	0	0.94
10249	-1.76	-1.76282051282051	-1.76	0	0.94
10266	-1.76	-1.76282051282051	-1.76	0	0.94
10279	-1.76	-1.76282051282051	-1.76	0	0.94
10292	1.72	-1.76282051282051	-1.76	0	0.94
10305	1.72	-1.76282051282051	-1.76	0	0.94
10320	1.72	-1.75137362637363	-1.76	0	0.94
10333	1.72	-1.71703296703297	-1.75	2.45	0.94
10349	1.72	-1.64835164835165	-1.69	6.09	-0.29
10364	1.72	-1.56822344322344	-1.62	7.95	-0.29
10377	1.72	-1.44803113553114	-1.46	9.54	-0.29
10392	1.72	-1.31639194139194	-1.37	10.22	-0.29
10405	1.72	-1.17330586080586	-1.23	11.45	-0.29
10418	1.72	-1.01877289377289	-1.1	11.92	-0.29
10431	1.72	-0.847069597069597	-0.89	13.63	-0.29
10444	1.72	-0.681089743589744	-0.75	13.63	0.23
10457	1.72	-0.51510989010989	-0.57	13.01	0.23
10470	1.72	-0.33768315018315	-0.36	11.92	0.23
10483	1.72	-0.171703296703297	-0.22	11.92	0.23
10498	1.72	0.0286172161172161	-0.02	13.63	0.23
10515	1.72	0.19459706959707	0.13	13.63	0.23
10530	1.72	0.446428571428571	0.42	13.01	0.23
10545	1.72	0.612408424908425	0.57	11.92	0.23
10558	1.72	0.812728937728938	0.73	13.01	0.22
10571	1.72	0.990155677655678	0.94	13.01	0.22
10584	1.72	1.14468864468864	1.09	12.44	0.22
10603	1.72	1.32783882783883	1.3	9.87	0.22
10618	1.72	1.45947802197802	1.45	6.22	0.22
10633	1.72	1.55105311355311	1.55	4.69	0.22
10646	1.72	1.63118131868132	1.6	3.72	0.22
10659	1.72	1.68269230769231	1.65	3.18	0.48
10672	1.72	1.70558608058608	1.7	2.07	0.48
10685	1.72	1.71130952380952	1.72	1.12	0.48
10698	1.72	1.71703296703297	1.72	0	0.48
10713	1.72	1.71703296703297	1.72	0	0.48
10726	1.72	1.71703296703297	1.72	0	0.48
10740	1.72	1.71703296703297	1.72	0	0.48
10756	1.72	1.71703296703297	1.72	0	0.91
10769	1.72	1.71703296703297	1.72	0	0.91
10782	1.72	1.71703296703297	1.72	0	0.91
10795	1.72	1.71703296703297	1.72	0	0.91
10810	1.72	1.71703296703297	1.72	0	0.91
10823	1.72	1.71703296703297	1.72	0	0.91
10836	1.72	1.71703296703297	1.72	0	0.91
10849	1.72	1.71703296703297	1.72	0	0.91
10862	1.72	1.71703296703297	1.72	0	0.91
10877	1.72	1.71703296703297	1.72	0	0.91
10892	1.72	1.71703296703297	1.72	0	0.91
10905	1.72	1.71703296703297	1.72	0	0.91
10918	1.72	1.71703296703297	1.72	0	0.91
10931	1.72	1.71703296703297	1.72	0	0.91
10944	1.72	1.71703296703297	1.72	0	0.91
10957	1.72	1.71703296703297	1.72	0	0.91
10970	1.72	1.71703296703297	1.72	0	0.91
10983	1.72	1.71703296703297	1.72	0	0.91
10999	1.72	1.71703296703297	1.72	0	0.91
11012	1.72	1.71703296703297	1.72	0	0.91
11027	1.72	1.71703296703297	1.72	0	0.91
11040	1.72	1.71703296703297	1.72	0	0.91
11053	1.72	1.71703296703297	1.72	0	0.91
11068	1.72	1.71703296703297	1.72	0	0.91
11081	1.72	1.71703296703297	1.72	0	0.91
11094	1.72	1.71703296703297	1.72	0	0.91
11107	1.72	1.71703296703297	1.72	0	0.91
11120	1.72	1.71703296703297	1.72	0	0.91
11133	1.72	1.71703296703297	1.72	0	0.91
11146	1.72	1.71703296703297	1.72	0	0.91
11159	1.72	1.71703296703297	1.72	0	0.91
11176	1.72	1.71703296703297	1.72	0	0.91
11189	1.72	1.71703296703297	1.72	0	0.91
11206	1.72	1.71703296703297	1.72	0	0.91
11219	1.72	1.71703296703297	1.72	0	0.91
11234	1.72	1.71703296703297	1.72	0	0.91
11247	1.72	1.71703296703297	1.72	0	0.91
11262	1.72	1.71703296703297	1.72	0	0.91
11275	1.72	1.71703296703297	1.72	0	0.91
11288	1.72	1.71703296703297	1.72	0	0.91
11303	-1.76	1.71703296703297	1.72	0	0.91
11316	-1.76	1.71703296703297	1.72	0	0.91
11331	-1.76	1.69986263736264	1.72	0	0.91
11346	-1.76	1.65407509157509	1.69	-4.54	0.91
11363	-1.76	1.57394688644689	1.6	-6.98	0.91
11376	-1.76	1.47664835164835	1.5	-8.94	1.79
11394	-1.76	1.36217948717949	1.36	-8.94	1.79
11409	-1.76	1.19047619047619	1.24	-10.6	1.79
11424	-1.76	1.01304945054945	1.05	-12.44	1.79
11441	-1.76	0.812728937728938	0.84	-14.31	1.79
11454	-1.76	0.595238095238095	0.64	-13.63	1.79
11468	-1.76	0.423534798534799	0.41	-11.92	1.79
11481	-1.76	0.240384615384615	0.28	-11.92	1.25
11494	-1.76	0.0744047619047619	0.1	-12.44	1.25
11509	-1.76	-0.0972985347985348	-0.03	-13.63	1.25
11522	-1.76	-0.297619047619048	-0.29	-13.63	1.25
11537	-1.76	-0.469322344322344	-0.42	-13.01	1.25
11553	-1.76	-0.698260073260073	-0.69	-13.01	1.25
11566	-1.76	-0.86996336996337	-0.81	-11.92	1.25
11583	-1.76	-1.04166666666667	-0.97	-12.44	1.65
11596	-1.76	-1.24771062271062	-1.2	-12.44	1.65
11612	-1.76	-1.38507326007326	-1.4	-9.87	1.65
11627	-1.76	-1.51671245421245	-1.5	-6.98	1.65
11642	-1.76	-1.61973443223443	-1.61	-4.85	1.65
11659	-1.76	-1.70558608058608	-1.68	-3.92	1.65
11676	-1.76	-1.75137362637363	-1.74	-2.78	1.65
11693	-1.76	-1.76854395604396	-1.77	-0.96	0.89
11706	-1.76	-1.76282051282051	-1.77	0	0.89
11721	-1.76	-1.76282051282051	-1.76	0.64	0.89
11740	-1.76	-1.76282051282051	-1.76	0	0.89
11753	-1.76	-1.76282051282051	-1.76	0	0.89
11767	-1.76	-1.76282051282051	-1.76	0	0.89
11782	-1.76	-1.76282051282051	-1.76	0	0.89
11795	-1.76	-1.76282051282051	-1.76	0	0.66
11811	-1.76	-1.76282051282051	-1.76	0	0.66
11824	-1.76	-1.76282051282051	-1.76	0	0.66
11837	-1.76	-1.76282051282051	-1.76	0	0.66
11852	-1.76	-1.76282051282051	-1.76	0	0.66
11865	-1.76	-1.76282051282051	-1.76	0	0.66
11878	-1.76	-1.76282051282051	-1.76	0	0.66
11893	-1.76	-1.76282051282051	-1.76	0	0.66
11906	-1.76	-1.76282051282051	-1.76	0	0.66
11919	-1.76	-1.76282051282051	-1.76	0	0.66
11934	-1.76	-1.76282051282051	-1.76	0	0.66
11949	-1.76	-1.76282051282051	-1.76	0	0.66
11964	-1.76	-1.76282051282051	-1.76	0	0.66
11979	-1.76	-1.76282051282051	-1.76	0	0.66
11995	-1.76	-1.76282051282051	-1.76	0	0.66
12008	-1.76	-1.76282051282051	-1.76	0	0.66
12021	-1.76	-1.76282051282051	-1.76	0	0.66
12034	-1.76	-1.76282051282051	-1.76	0	0.66
12047	-1.76	-1.76282051282051	-1.76	0	0.66
12060	-1.76	-1.76282051282051	-1.76	0	0.66
12073	-1.76	-1.76282051282051	-1.76	0	0.66
12089	-1.76	-1.76282051282051	-1.76	0	0.66
12102	-1.76	-1.76282051282051	-1.76	0	0.66
12117	-1.76	-1.76282051282051	-1.76	0	0.66
12130	-1.76	-1.76282051282051	-1.76	0	0.66
12143	-1.76	-1.76282051282051	-1.76	0	0.66
12162	-1.76	-1.76282051282051	-1.76	0	0.66
12177	-1.76	-1.76282051282051	-1.76	0	0.66
12192	-1.76	-1.76282051282051	-1.76	0	0.66
12208	-1.76	-1.76282051282051	-1.76	0	0.66
12223	-1.76	-1.76282051282051	-1.76	0	0.66
12236	-1.76	-1.76282051282051	-1.76	0	0.66
12251	-1.76	-1.76282051282051	-1.76	0	0.66
12264	-1.76	-1.76282051282051	-1.76	0	0.66
12277	-1.76	-1.76282051282051	-1.76	0	0.66
12292	-1.76	-1.76282051282051	-1.76	0	0.66
12305	1.72	-1.76282051282051	-1.76	0	0.66
12320	1.72	-1.75137362637363	-1.76	0	0.33
12336	1.72	-1.71130952380952	-1.74	3.72	0.33
12351	1.72	-1.64835164835165	-1.69	6.5	0.33
12364	1.72	-1.55677655677656	-1.6	7.73	0.33
12377	1.72	-1.45375457875458	-1.47	8.42	0.33
12390	1.72	-1.33928571428571	-1.39	9.23	0.33
12403	1.72	-1.19047619047619	-1.23	11.01	0.33
12416	1.72	-1.04166666666667	-1.09	13.01	0.33
12435	1.72	-0.847069597069597	-0.89	14.31	-0.25
12450	1.72	-0.618131868131868	-0.67	13.63	-0.25
12467	1.72	-0.423534798534799	-0.48	12.44	-0.25
12483	1.72	-0.188873626373626	-0.23	11.92	-0.25
12496	1.72	0.0171703296703297	-0.06	12.44	-0.25
12513	1.72	0.206043956043956	0.17	13.01	-0.25
12529	1.72	0.406364468864469	0.35	12.44	0.2
12546	1.72	0.600961538461538	0.6	11.92	0.2
12563	1.72	0.824175824175824	0.77	12.44	0.2
12578	1.72	1.04739010989011	0.98	12.44	0.2
12591	1.72	1.22481684981685	1.22	12.44	0.2
12606	1.72	1.3507326007326	1.33	8.94	0.2
12621	1.72	1.4823717948718	1.49	5.96	0.2
12636	1.72	1.57967032967033	1.56	5.02	0.63
12653	1.72	1.65979853479854	1.64	3.62	0.63
12666	1.72	1.69986263736264	1.69	2.67	0.63
12683	1.72	1.72275641025641	1.72	0.88	0.63
12698	1.72	1.72275641025641	1.72	0	0.63
12713	1.72	1.71703296703297	1.72	0	0.63
12730	1.72	1.71703296703297	1.72	0	0.63
12743	1.72	1.71703296703297	1.72	0	1.19
12756	1.72	1.71703296703297	1.72	0	1.19
12773	1.72	1.71703296703297	1.72	-0.08	1.19
12786	1.72	1.71703296703297	1.71	-0.42	1.19
12801	1.72	1.71703296703297	1.71	0	1.19
12816	1.72	1.71703296703297	1.71	0	1.19
12829	1.72	1.71703296703297	1.71	0	1.19
12844	1.72	1.71703296703297	1.71	0	0.66
12859	1.72	1.71703296703297	1.71	0	0.66
12872	1.72	1.71703296703297	1.72	0	0.66
12889	1.72	1.71703296703297	1.72	0	0.66
12902	1.72	1.71703296703297	1.72	0	0.66
12915	1.72	1.71703296703297	1.72	0	0.66
12928	1.72	1.71703296703297	1.72	0	0.66
12941	1.72	1.71703296703297	1.72	0	0.68
12954	1.72	1.71703296703297	1.72	0	0.68
12969	1.72	1.71703296703297	1.72	0	0.68
12982	1.72	1.71703296703297	1.72	0	0.68
12999	1.72	1.71703296703297	1.72	0	0.68
13016	1.72	1.71703296703297	1.72	0	0.68
13031	1.72	1.71703296703297	1.72	0	0.68
13044	1.72	1.71703296703297	1.72	0	0.68
13057	1.72	1.71703296703297	1.72	0	0.68
13070	1.72	1.71703296703297	1.72	0	0.68
13083	1.72	1.71703296703297	1.72	0	0.68
13098	1.72	1.71703296703297	1.72	0	0.68
13113	1.72	1.71703296703297	1.72	0	0.68
13128	1.72	1.71703296703297	1.72	0	0.68
13145	1.72	1.71703296703297	1.72	0	0.68
13158	1.72	1.71703296703297	1.72	0	0.68
13171	1.72	1.71703296703297	1.72	0	0.68
13188	1.72	1.71703296703297	1.72	0	0.68
13205	1.72	1.71703296703297	1.72	0	0.68
13218	1.72	1.71703296703297	1.72	0	0.68
13231	1.72	1.71703296703297	1.72	0	0.68
13246	1.72	1.71703296703297	1.72	0	0.68
13264	1.72	1.71703296703297	1.72	0	0.68
13277	1.72	1.71703296703297	1.72	0	0.68
13290	1.72	1.71703296703297	1.72	0	0.68
13305	-1.76	1.71703296703297	1.72	0	0.68
13318	-1.76	1.71130952380952	1.72	0	0.68
13333	-1.76	1.69413919413919	1.71	0	0.68
13349	-1.76	1.64262820512821	1.68	-3.97	0.68
13364	-1.76	1.5625	1.61	-7.34	2.07
13378	-1.76	1.45375457875458	1.49	-9.23	2.07
13391	-1.76	1.33928571428571	1.38	-9.54	2.07
13406	-1.76	1.21909340659341	1.21	-10.22	2.07
13421	-1.76	1.03594322344322	1.09	-12.44	2.07
13435	-1.76	0.847069597069597	0.86	-13.01	2.07
13448	-1.76	0.669642857142857	0.73	-13.63	2.07
13462	-1.76	0.492216117216117	0.58	-13.01	1.32
13480	-1.76	0.286172161172161	0.31	-11.45	1.32
13493	-1.76	0.0801282051282051	0.14	-11.92	1.32
13508	-1.76	-0.0801282051282051	-0.01	-12.44	1.32
13525	-1.76	-0.280448717948718	-0.24	-12.44	1.32
13538	-1.76	-0.503663003663004	-0.43	-14.31	1.32
13553	-1.76	-0.669642857142857	-0.6	-13.01	1.32
13566	-1.76	-0.864239926739927	-0.78	-12.44	1.43
13581	-1.76	-1.04166666666667	-1.03	-12.44	1.43
13594	-1.76	-1.21909340659341	-1.17	-13.01	1.43
13614	-1.76	-1.37934981684982	-1.37	-9.87	1.43
13629	-1.76	-1.52815934065934	-1.51	-6.5	1.43
13642	-1.76	-1.62545787545788	-1.62	-4.94	1.43
13655	-1.76	-1.68841575091575	-1.67	-4.03	1.43
13669	-1.76	-1.73992673992674	-1.71	-2.89	1.23
13686	-1.76	-1.76282051282051	-1.76	-1.4	1.23
13699	-1.76	-1.76282051282051	-1.77	0	1.23
13714	-1.76	-1.76282051282051	-1.77	0	1.23
13727	-1.76	-1.76282051282051	-1.77	0	1.23
13743	-1.76	-1.76282051282051	-1.77	0	1.23
13756	-1.76	-1.76282051282051	-1.76	0	1.23
13770	-1.76	-1.76282051282051	-1.76	0	0.56
13783	-1.76	-1.76282051282051	-1.76	0	0.56
13799	-1.76	-1.76282051282051	-1.76	0	0.56
13814	-1.76	-1.76282051282051	-1.76	0	0.56
13827	-1.76	-1.76282051282051	-1.76	0	0.56
13843	-1.76	-1.76282051282051	-1.76	0	0.56
13860	-1.76	-1.76282051282051	-1.76	0	0.56
13873	-1.76	-1.76282051282051	-1.76	0	0.56
13890	-1.76	-1.76282051282051	-1.76	0	0.56
13905	-1.76	-1.76282051282051	-1.76	0	0.56
13920	-1.76	-1.76282051282051	-1.76	0	0.56
13935	-1.76	-1.76282051282051	-1.76	0	0.56
13948	-1.76	-1.76282051282051	-1.76	0	0.56
13961	-1.76	-1.76282051282051	-1.76	0	0.56
13976	-1.76	-1.76282051282051	-1.76	0	0.56
13989	-1.76	-1.76282051282051	-1.76	0	0.56
14002	-1.76	-1.76282051282051	-1.76	0	0.56
14019	-1.76	-1.76282051282051	-1.76	0	0.56
14034	-1.76	-1.76282051282051	-1.76	0	0.56
14049	-1.76	-1.76282051282051	-1.76	0	0.56
14062	-1.76	-1.76282051282051	-1.76	0	0.56
14075	-1.76	-1.76282051282051	-1.76	0	0.56
14088	-1.76	-1.76282051282051	-1.76	0	0.56
14103	-1.76	-1.76282051282051	-1.76	0	0.56
14116	-1.76	-1.76282051282051	-1.76	0	0.56
14130	-1.76	-1.76282051282051	-1.76	0	0.56
14143	-1.76	-1.76282051282051	-1.76	0	0.56
14158	-1.76	-1.76282051282051	-1.76	0	0.56
14171	-1.76	-1.76282051282051	-1.76	0	0.56
14184	-1.76	-1.76282051282051	-1.76	0	0.56
14197	-1.76	-1.76282051282051	-1.76	0	0.56
14210	-1.76	-1.76282051282051	-1.76	0	0.56
14223	-1.76	-1.76282051282051	-1.76	0	0.56
14238	-1.76	-1.76282051282051	-1.76	0	0.56
14251	-1.76	-1.76282051282051	-1.76	0	0.56
14264	-1.76	-1.76282051282051	-1.76	0	0.56
14279	-1.76	-1.76282051282051	-1.76	0	0.56
14292	1.72	-1.76282051282051	-1.76	0	0.56
14305	1.72	-1.76282051282051	-1.76	0	0.56
14320	1.72	-1.75137362637363	-1.76	0	0.56
14335	1.72	-1.70558608058608	-1.74	4.09	0.56
14350	1.72	-1.64262820512821	-1.65	6.36	0.56
14363	1.72	-1.55105311355311	-1.58	7.34	0.56
14378	1.72	-1.44803113553114	-1.47	8.67	0.56
14391	1.72	-1.3106684981685	-1.33	10.22	0
14408	1.72	-1.1389652014652	-1.17	11.45	0
14421	1.72	-0.950091575091575	-0.98	13.01	0
14434	1.72	-0.778388278388278	-0.84	15.06	0
14447	1.72	-0.606684981684982	-0.62	12.44	0
14466	1.72	-0.377747252747253	-0.41	11.92	0
14479	1.72	-0.188873626373626	-0.24	12.44	0
14492	1.72	-0.0114468864468864	-0.05	13.63	-0.06
14505	1.72	0.154532967032967	0.09	14.31	-0.06
14519	1.72	0.331959706959707	0.33	13.63	-0.06
14532	1.72	0.509386446886447	0.45	13.63	-0.06
14545	1.72	0.681089743589744	0.67	13.01	-0.06
14559	1.72	0.85279304029304	0.79	12.44	-0.06
14576	1.72	1.02449633699634	1.01	13.63	-0.06
14592	1.72	1.25343406593407	1.19	11.45	0.61
14607	1.72	1.37362637362637	1.35	8.42	0.61
14622	1.72	1.49954212454212	1.47	6.09	0.61
14637	1.72	1.6025641025641	1.58	4.85	0.61
14652	1.72	1.65979853479854	1.64	4.27	0.61
14667	1.72	1.69986263736264	1.69	2.47	0.61
14682	1.72	1.71703296703297	1.72	1.27	0.61
14695	1.72	1.71703296703297	1.72	0	1.27
14708	1.72	1.71703296703297	1.72	-0.3	1.27
14723	1.72	1.71703296703297	1.72	-0.3	1.27
14736	1.72	1.71703296703297	1.72	-0.19	1.27
14749	1.72	1.71703296703297	1.72	0	1.27
14762	1.72	1.71703296703297	1.72	0	1.27
14777	1.72	1.71703296703297	1.72	0	1.27
14792	1.72	1.71703296703297	1.72	0	1.27
14805	1.72	1.71703296703297	1.72	0	1.03
14823	1.72	1.71703296703297	1.72	0	1.03
14838	1.72	1.71703296703297	1.72	0	1.03
14853	1.72	1.71703296703297	1.72	0	1.03
14866	1.72	1.71703296703297	1.72	0	1.03
14879	1.72	1.71703296703297	1.72	0	1.03
14894	1.72	1.71703296703297	1.72	0	1.03
14909	1.72	1.71703296703297	1.72	0	1.03
14925	1.72	1.71703296703297	1.72	0	1.03
14938	1.72	1.71703296703297	1.72	0	1.03
14951	1.72	1.71703296703297	1.72	0	1.03
14966	1.72	1.71703296703297	1.72	0	1.03
14979	1.72	1.71703296703297	1.72	0	1.03
14992	1.72	1.71703296703297	1.72	0	1.03
15005	1.72	1.71703296703297	1.72	0	1.03
15018	1.72	1.71703296703297	1.72	0	1.03
15033	1.72	1.71703296703297	1.72	0	1.03
15046	1.72	1.71703296703297	1.72	0	1.03
15061	1.72	1.71703296703297	1.72	0	1.03
15076	1.72	1.71703296703297	1.72	0	1.03
15091	1.72	1.71703296703297	1.72	0	1.03
15105	1.72	1.71703296703297	1.72	0	1.03
15118	1.72	1.71703296703297	1.72	0	1.03
15131	1.72	1.71703296703297	1.72	0	1.03
15146	1.72	1.71703296703297	1.72	0	1.03
15163	1.72	1.71703296703297	1.72	0	1.03
15178	1.72	1.71703296703297	1.72	0	1.03
15194	1.72	1.71703296703297	1.72	0	1.03
15207	1.72	1.71703296703297	1.72	0	1.03
15222	1.72	1.71703296703297	1.72	0	1.03
15237	1.72	1.71703296703297	1.72	0	1.03
15254	1.72	1.71703296703297	1.72	0	1.03
15271	1.72	1.71703296703297	1.72	0	1.03
15288	1.72	1.71703296703297	1.72	0	1.03
15301	-1.76	1.71703296703297	1.72	0	1.03
15316	-1.76	1.71703296703297	1.72	0	1.03
15333	-1.76	1.69986263736264	1.72	0	1.03
15348	-1.76	1.65407509157509	1.68	-4.62	1.03
15361	-1.76	1.58539377289377	1.62	-6.65	1.03
15376	-1.76	1.49954212454212	1.52	-8.18	1.03
15393	-1.76	1.37934981684982	1.38	-10.22	1.03
15408	-1.76	1.21336996336996	1.25	-10.22	1.03
15425	-1.76	1.03594322344322	1.05	-12.44	1.94
15442	-1.76	0.812728937728938	0.88	-15.06	1.94
15455	-1.76	0.595238095238095	0.58	-13.01	1.94
15470	-1.76	0.423534798534799	0.46	-12.44	1.94
15487	-1.76	0.228937728937729	0.23	-11.45	1.94
15500	-1.76	0.00572344322344322	0.07	-13.01	1.94
15513	-1.76	-0.171703296703297	-0.15	-13.63	1.94
15529	-1.76	-0.349130036630037	-0.3	-14.31	1.68
15547	-1.76	-0.555173992673993	-0.52	-13.01	1.68
15560	-1.76	-0.772664835164835	-0.73	-13.01	1.68
15577	-1.76	-0.944368131868132	-0.91	-13.01	1.68
15594	-1.76	-1.16185897435897	-1.15	-13.01	1.68
15609	-1.76	-1.33928571428571	-1.32	-11.01	1.68
15622	-1.76	-1.4823717948718	-1.44	-7.53	0.64
15635	-1.76	-1.57967032967033	-1.57	-5.11	0.64
15650	-1.76	-1.65407509157509	-1.64	-4.21	0.64
15663	-1.76	-1.71703296703297	-1.69	-4.03	0.64
15676	-1.76	-1.75137362637363	-1.73	-2.86	0.64
15689	-1.76	-1.76282051282051	-1.77	-1.25	0.64
15706	-1.76	-1.76282051282051	-1.77	0	0.64
15719	-1.76	-1.76282051282051	-1.76	0.41	0.64
15732	-1.76	-1.76282051282051	-1.76	0	0.81
15745	-1.76	-1.76282051282051	-1.76	0	0.81
15762	-1.76	-1.76282051282051	-1.76	0	0.81
15775	-1.76	-1.76282051282051	-1.76	0	0.81
15791	-1.76	-1.76282051282051	-1.76	0	0.81
15804	-1.76	-1.76282051282051	-1.76	0	0.81
15820	-1.76	-1.76282051282051	-1.76	0	0.81
15833	-1.76	-1.76282051282051	-1.76	0	0.79
15846	-1.76	-1.76282051282051	-1.76	0	0.79
15859	-1.76	-1.76282051282051	-1.76	0	0.79
15872	-1.76	-1.76282051282051	-1.76	0	0.79
15885	-1.76	-1.76282051282051	-1.76	0	0.79
15898	-1.76	-1.76282051282051	-1.76	0	0.79
15912	-1.76	-1.76282051282051	-1.76	0	0.79
15925	-1.76	-1.76282051282051	-1.76	0	0.79
15938	-1.76	-1.76282051282051	-1.76	0	0.79
15953	-1.76	-1.76282051282051	-1.76	0	0.79
15966	-1.76	-1.76282051282051	-1.76	0	0.79
15979	-1.76	-1.76282051282051	-1.76	0	0.79
15992	-1.76	-1.76282051282051	-1.76	0	0.79
16005	-1.76	-1.76282051282051	-1.76	0	0.79
16018	-1.76	-1.76282051282051	-1.76	0	0.79
16031	-1.76	-1.76282051282051	-1.76	0	0.79
16044	-1.76	-1.76282051282051	-1.76	0	0.79
16057	-1.76	-1.76282051282051	-1.76	0	0.79
16070	-1.76	-1.76282051282051	-1.76	0	0.79
16085	-1.76	-1.76282051282051	-1.76	0	0.79
16098	-1.76	-1.76282051282051	-1.76	0	0.79
16112	-1.76	-1.76282051282051	-1.76	0	0.79
16125	-1.76	-1.76282051282051	-1.76	0	0.79
16141	-1.76	-1.76282051282051	-1.76	0	0.79
16154	-1.76	-1.76282051282051	-1.76	0	0.79
16167	-1.76	-1.76282051282051	-1.76	0	0.79
16183	-1.76	-1.76282051282051	-1.76	0	0.79
16200	-1.76	-1.76282051282051	-1.76	0	0.79
16213	-1.76	-1.76282051282051	-1.76	0	0.79
16229	-1.76	-1.76282051282051	-1.76	0	0.79
16246	-1.76	-1.76282051282051	-1.76	0	0.79
16259	-1.76	-1.76282051282051	-1.76	0	0.79
16272	-1.76	-1.76282051282051	-1.76	0	0.79
16288	-1.76	-1.76282051282051	-1.76	0	0.79
16301	1.72	-1.76282051282051	-1.76	0	0.79
16318	1.72	-1.76282051282051	-1.76	0	0.79
16331	1.72	-1.74565018315018	-1.76	0	0.79
16346	1.72	-1.69986263736264	-1.74	4.15	0.79
16359	1.72	-1.64262820512821	-1.68	6.5	-0.33
16376	1.72	-1.56822344322344	-1.6	7.73	-0.33
16389	1.72	-1.43658424908425	-1.47	8.94	-0.33
16402	1.72	-1.30494505494506	-1.36	9.87	-0.33
16416	1.72	-1.15041208791209	-1.2	11.45	-0.33
16429	1.72	-0.990155677655678	-1.05	13.63	-0.33
16444	1.72	-0.784111721611722	-0.82	13.63	-0.33
16460	1.72	-0.612408424908425	-0.64	13.01	0.46
16473	1.72	-0.417811355311355	-0.46	11.01	0.46
16488	1.72	-0.217490842490842	-0.26	12.44	0.46
16501	1.72	-0.051510989010989	-0.11	13.01	0.46
16516	1.72	0.148809523809524	0.1	15.06	0.46
16529	1.72	0.320512820512821	0.26	13.01	0.46
16542	1.72	0.480769230769231	0.42	13.01	0.46
16562	1.72	0.715430402930403	0.69	12.44	0.31
16575	1.72	0.910027472527472	0.85	13.01	0.31
16590	1.72	1.08173076923077	1.07	13.01	0.31
16603	1.72	1.24198717948718	1.22	11.45	0.31
16616	1.72	1.37362637362637	1.36	8.42	0.31
16634	1.72	1.48809523809524	1.49	6.09	0.31
16649	1.72	1.59684065934066	1.57	4.85	0.31
