7	0	0	0	0	0.86
18	0	-0.07	-0.08	0.38	4.76
29	0	-0.07	-0.08	0.38	4.76
38	0	-0.07	-0.08	0.38	4.76
49	0	-0.07	-0.08	0.38	4.76
60	0	-0.07	-0.08	0.38	4.76
71	0	-0.07	-0.08	0.38	4.76
80	0	-0.07	-0.08	0.38	4.76
89	0	-0.07	-0.08	0.38	4.76
99	0	-0.07	-0.08	0.38	4.76
108	0	-0.07	-0.08	0.38	4.76
117	0	-0.07	-0.08	0.38	4.76
126	0	-0.07	-0.08	0.38	4.76
135	0	-0.07	-0.08	0.38	4.76
145	0	-0.07	-0.08	0.38	4.76
154	0	-0.07	-0.08	0.38	4.76
163	0	-0.07	-0.08	0.38	4.76
174	0	-0.07	-0.08	0.38	4.76
185	0	-0.07	-0.08	0.38	4.76
195	0	-0.07	-0.08	0.38	4.76
206	0	-0.07	-0.08	0.38	4.76
217	0	-0.07	-0.08	0.38	4.76
228	0	-0.07	-0.08	0.38	4.76
239	0	-0.07	-0.08	0.38	4.76
251	0	-0.07	-0.08	0.38	4.76
260	0	-0.07	-0.08	0.38	4.76
271	0	-0.07	-0.08	0.38	4.76
282	0	-0.07	-0.08	0.38	4.76
291	0	-0.07	-0.08	0.38	4.76
302	0	-0.07	-0.08	0.38	4.76
311	0	-0.07	-0.08	0.38	4.76
320	0	-0.07	-0.08	0.38	4.76
331	0	-0.07	-0.08	0.38	4.76
342	0	-0.07	-0.08	0.38	4.76
351	0	-0.07	-0.08	0.38	4.76
362	0	-0.07	-0.08	0.38	4.76
371	0	-0.07	-0.08	0.38	4.76
382	0	-0.07	-0.08	0.38	4.76
391	0	-0.07	-0.08	0.38	4.76
402	0	-0.07	-0.08	0.38	4.76
413	0	-0.07	-0.08	0.38	4.76
422	0	-0.07	-0.08	0.38	4.76
435	0	-0.07	-0.08	0.38	4.76
444	0	-0.07	-0.08	0.38	4.76
453	0	-0.07	-0.08	0.38	4.76
464	0	-0.07	-0.08	0.38	4.76
476	0	-0.07	-0.08	0.38	4.76
485	0	-0.07	-0.08	0.38	4.76
496	0	-0.07	-0.08	0.38	4.76
507	0	-0.07	-0.08	0.38	4.76
516	0	-0.07	-0.08	0.38	4.76
525	0	-0.07	-0.08	0.38	4.76
534	0	-0.07	-0.08	0.38	4.76
546	0	-0.07	-0.08	0.38	4.76
555	0	-0.07	-0.08	0.38	4.76
564	0	-0.07	-0.08	0.38	4.76
573	0	-0.07	-0.08	0.38	4.76
582	0	-0.07	-0.08	0.38	4.76
592	0	-0.07	-0.08	0.38	4.76
601	0	-0.07	-0.08	0.38	4.76
610	0	-0.07	-0.08	0.38	4.76
621	0	-0.07	-0.08	0.38	4.76
630	0	-0.07	-0.08	0.38	4.76
639	0	-0.07	-0.08	0.38	4.76
649	0	-0.07	-0.08	0.38	4.76
658	0	-0.07	-0.08	0.38	4.76
667	0	-0.07	-0.08	0.38	4.76
676	0	-0.07	-0.08	0.38	4.76
687	0	-0.07	-0.08	0.38	4.76
697	0	-0.07	-0.08	0.38	4.76
708	0	-0.07	-0.08	0.38	4.76
717	0	-0.07	-0.08	0.38	4.76
726	0	-0.07	-0.08	0.38	4.76
735	0	-0.07	-0.08	0.38	4.76
745	0	-0.07	-0.08	0.38	4.76
754	0	-0.07	-0.08	0.38	4.76
763	0	-0.07	-0.08	0.38	4.76
772	0	-0.07	-0.08	0.38	4.76
781	0	-0.07	-0.08	0.38	4.76
791	0	-0.07	-0.08	0.38	4.76
802	0	-0.07	-0.08	0.38	4.76
815	0	-0.07	-0.08	0.38	4.76
828	0	-0.07	-0.08	0.38	4.76
839	0	-0.07	-0.08	0.38	4.76
850	0	-0.07	-0.08	0.38	4.76
859	0	-0.07	-0.08	0.38	4.76
870	0	-0.07	-0.08	0.38	4.76
884	0	-0.07	-0.08	0.38	4.76
897	0	-0.07	-0.08	0.38	4.76
910	0	-0.07	-0.08	0.38	4.76
921	0	-0.07	-0.08	0.38	4.76
934	0	-0.07	-0.08	0.38	4.76
946	0	-0.07	-0.08	0.38	4.76
957	0	-0.07	-0.08	0.38	4.76
966	0	-0.07	-0.08	0.38	4.76
975	0	-0.07	-0.08	0.38	4.76
986	0	-0.07	-0.08	0.38	4.76
995	0	-0.07	-0.08	0.38	4.76
1006	0	-0.07	-0.08	0.38	4.76
1015	0	-0.07	-0.08	0.38	4.76
1024	0	-0.07	-0.08	0.38	4.76
1033	0	-0.07	-0.08	0.38	4.76
1042	0	-0.07	-0.08	0.38	4.76
1053	0	-0.07	-0.08	0.38	4.76
1062	0	-0.07	-0.08	0.38	4.76
1071	0	-0.07	-0.08	0.38	4.76
1080	0	-0.07	-0.08	0.38	4.76
1089	0	-0.07	-0.08	0.38	4.76
1098	0	-0.07	-0.08	0.38	4.76
1107	0	-0.07	-0.08	0.38	4.76
1116	0	-0.07	-0.08	0.38	4.76
1125	0	-0.07	-0.08	0.38	4.76
1136	0	-0.07	-0.08	0.38	4.76
1147	0	-0.07	-0.08	0.38	4.76
1157	0	-0.07	-0.08	0.38	4.76
1166	0	-0.07	-0.08	0.38	4.76
1175	0	-0.07	-0.08	0.38	4.76
1184	0	-0.07	-0.08	0.38	4.76
1193	0	-0.07	-0.08	0.38	4.76
1202	0	-0.07	-0.08	0.38	4.76
1211	0	-0.07	-0.08	0.38	4.76
1220	0	-0.07	-0.08	0.38	4.76
1232	0	-0.07	-0.08	0.38	4.76
1243	0	-0.07	-0.08	0.38	4.76
1254	0	-0.07	-0.08	0.38	4.76
1265	0	-0.07	-0.08	0.38	4.76
1276	0	-0.07	-0.08	0.38	4.76
1286	0	-0.07	-0.08	0.38	4.76
1297	0	-0.07	-0.08	0.38	4.76
1306	0	-0.07	-0.08	0.38	4.76
1317	0	-0.07	-0.08	0.38	4.76
1328	0	-0.07	-0.08	0.38	4.76
1337	0	-0.07	-0.08	0.38	4.76
1346	0	-0.07	-0.08	0.38	4.76
1355	0	-0.07	-0.08	0.38	4.76
1364	0	-0.07	-0.08	0.38	4.76
1373	0	-0.07	-0.08	0.38	4.76
1383	0	-0.07	-0.08	0.38	4.76
1392	0	-0.07	-0.08	0.38	4.76
1401	0	-0.07	-0.08	0.38	4.76
1412	0	-0.07	-0.08	0.38	4.76
1421	0	-0.07	-0.08	0.38	4.76
1432	0	-0.07	-0.08	0.38	4.76
1441	0	-0.07	-0.08	0.38	4.76
1452	0	-0.07	-0.08	0.38	4.76
1461	0	-0.07	-0.08	0.38	4.76
1470	0	-0.07	-0.08	0.38	4.76
1479	0	-0.07	-0.08	0.38	4.76
1488	0	-0.07	-0.08	0.38	4.76
1497	0	-0.07	-0.08	0.38	4.76
1508	0	-0.07	-0.08	0.38	4.76
1517	0	-0.07	-0.08	0.38	4.76
1528	0	-0.07	-0.08	0.38	4.76
1537	0	-0.07	-0.08	0.38	4.76
1548	0	-0.07	-0.08	0.38	4.76
1558	0	-0.07	-0.08	0.38	4.76
1567	0	-0.07	-0.08	0.38	4.76
1576	0	-0.07	-0.08	0.38	4.76
1585	0	-0.07	-0.08	0.38	4.76
1594	0	-0.07	-0.08	0.38	4.76
1603	0	-0.07	-0.08	0.38	4.76
1613	0	-0.07	-0.08	0.38	4.76
1622	0	-0.07	-0.08	0.38	4.76
1631	0	-0.07	-0.08	0.38	4.76
1640	0	-0.07	-0.08	0.38	4.76
1649	0	-0.07	-0.08	0.38	4.76
1659	0	-0.07	-0.08	0.38	4.76
1668	0	-0.07	-0.08	0.38	4.76
1677	0	-0.07	-0.08	0.38	4.76
1686	0	-0.07	-0.08	0.38	4.76
1695	0	-0.07	-0.08	0.38	4.76
1704	0	-0.07	-0.08	0.38	4.76
1714	0	-0.07	-0.08	0.38	4.76
1723	0	-0.07	-0.08	0.38	4.76
1732	0	-0.07	-0.08	0.38	4.76
1743	0	-0.07	-0.08	0.38	4.76
1754	0	-0.07	-0.08	0.38	4.76
1765	0	-0.07	-0.08	0.38	4.76
1777	0	-0.07	-0.08	0.38	4.76
1788	0	-0.07	-0.08	0.38	4.76
1801	0	-0.07	-0.08	0.38	4.76
1814	0	-0.07	-0.08	0.38	4.76
1823	0	-0.07	-0.08	0.38	4.76
1832	0	-0.07	-0.08	0.38	4.76
1844	0	-0.07	-0.08	0.38	4.76
1855	0	-0.07	-0.08	0.38	4.76
1866	0	-0.07	-0.08	0.38	4.76
1877	0	-0.07	-0.08	0.38	4.76
1888	0	-0.07	-0.08	0.38	4.76
1896	0	-0.07	-0.08	0.38	4.76
1908	0	-0.07	-0.08	0.38	4.76
1919	0	-0.07	-0.08	0.38	4.76
1930	0	-0.07	-0.08	0.38	4.76
1939	0	-0.07	-0.08	0.38	4.76
1948	0	-0.07	-0.08	0.38	4.76
1957	0	-0.07	-0.08	0.38	4.76
1966	0	-0.07	-0.08	0.38	4.76
1975	0	-0.07	-0.08	0.38	4.76
1984	0	-0.07	-0.08	0.38	4.76
1993	0	-0.07	-0.08	0.38	4.76
2004	75	0.42	-0.08	16.53	8.61
2016	75	0.98	0	32.67	8.61
2025	75	1.55	0.08	48.81	8.61
2036	75	2.43	0.48	64.95	8.61
2045	75	3.4	0.97	81.09	8.61
2054	75	4.53	1.61	97.24	8.61
2063	75	5.74	2.34	113.38	8.61
2072	75	7.12	3.23	129.52	8.61
2082	75	8.65	4.28	145.66	8.61
2091	75	10.26	5.41	161.81	8.61
2100	75	12.04	6.7	177.95	8.61
2109	75	13.77	8.16	187.2	8.61
2118	75	15.39	9.77	187.2	8.61
2128	75	17.08	11.47	187.2	8.61
2137	75	18.86	13.24	187.2	8.61
2146	75	20.71	15.1	187.2	8.61
2155	75	22.57	16.96	187.2	8.61
2165	75	24.51	18.89	187.2	8.61
2174	75	26.45	20.83	187.2	8.61
2183	75	28.47	22.85	187.2	8.61
2192	75	30.48	24.87	187.2	8.61
2202	75	32.5	26.89	187.2	8.61
2211	75	34.6	28.99	187.2	8.61
2222	75	36.62	31.01	187.2	8.61
2232	75	39.12	33.51	187.2	8.61
2241	75	40.98	35.37	187.2	8.61
2251	75	42.92	37.3	187.2	8.61
2260	75	44.94	39.32	187.2	8.61
2269	75	46.88	41.26	187.2	8.6
2278	75	48.81	43.2	187.2	8.6
2290	75	50.75	45.14	187.2	8.6
2301	75	53.09	47.48	187.2	8.6
2314	75	55.35	49.74	187.2	8.6
2323	75	57.86	52.24	187.2	8.6
2333	75	59.43	54.02	180.32	8.59
2342	75	60.74	55.79	165	8.59
2351	75	62.12	57.65	148.99	8.59
2360	75	63.5	59.51	132.97	8.58
2369	75	64.81	61.28	117.66	8.58
2379	75	66.07	62.98	103.04	8.57
2392	75	67.27	64.59	89.11	8.56
2405	75	68.8	66.61	72.97	8.55
2414	75	70.02	68.31	57.09	8.53
2424	75	70.86	69.44	47.34	8.51
2433	75	71.58	70.41	38.99	8.49
2442	75	72.3	71.38	30.64	8.46
2451	75	72.89	72.18	23.68	8.41
2461	75	73.37	72.83	18.11	8.35
2470	75	73.73	73.31	13.94	8.27
2479	75	74.09	73.8	9.77	8.14
2488	75	74.33	74.12	7	7.97
2498	75	74.45	74.28	5.62	7.84
2507	75	74.57	74.44	4.24	7.65
2516	75	74.63	74.53	3.56	7.5
2525	75	74.69	74.61	2.88	7.31
2534	75	74.63	74.53	3.56	7.5
2544	75	74.63	74.53	3.56	7.5
2553	75	74.63	74.53	3.56	7.5
2562	75	74.63	74.53	3.56	7.5
2572	75	74.63	74.53	3.56	7.5
2581	75	74.63	74.53	3.56	7.5
2590	75	74.63	74.53	3.56	7.5
2599	75	74.63	74.53	3.56	7.5
2609	75	74.63	74.53	3.56	7.5
2618	75	74.63	74.53	3.56	7.5
2629	75	74.63	74.53	3.56	7.5
2638	75	74.63	74.53	3.56	7.5
2647	75	74.63	74.53	3.56	7.5
2658	75	74.63	74.53	3.56	7.5
2670	75	74.69	74.61	2.88	7.31
2681	75	74.63	74.53	3.56	7.5
2690	75	74.63	74.53	3.56	7.5
2701	75	74.63	74.53	3.56	7.5
2712	75	74.63	74.53	3.56	7.5
2724	75	74.63	74.53	3.56	7.5
2735	75	74.63	74.53	3.56	7.5
2748	75	74.63	74.53	3.56	7.5
2757	75	74.63	74.53	3.56	7.5
2769	75	74.63	74.53	3.56	7.5
2782	75	74.63	74.53	3.56	7.5
2792	75	74.63	74.53	3.56	7.5
2801	75	74.63	74.53	3.56	7.5
2814	75	74.63	74.53	3.56	7.5
2825	75	74.63	74.53	3.56	7.5
2835	75	74.63	74.53	3.56	7.5
2846	75	74.63	74.53	3.56	7.5
2855	75	74.63	74.53	3.56	7.5
2867	75	74.63	74.53	3.56	7.5
2876	75	74.63	74.53	3.56	7.5
2885	75	74.63	74.53	3.56	7.5
2894	75	74.63	74.53	3.56	7.5
2903	75	74.63	74.53	3.56	7.5
2913	75	74.63	74.53	3.56	7.5
2922	75	74.63	74.53	3.56	7.5
2931	75	74.63	74.53	3.56	7.5
2940	75	74.63	74.53	3.56	7.5
2949	75	74.63	74.53	3.56	7.5
2959	75	74.63	74.53	3.56	7.5
2968	75	74.63	74.53	3.56	7.5
2977	75	74.63	74.53	3.56	7.5
2986	75	74.63	74.53	3.56	7.5
2995	75	74.63	74.53	3.56	7.5
3005	75	74.63	74.53	3.56	7.5
3014	75	74.63	74.53	3.56	7.5
3023	75	74.63	74.53	3.56	7.5
3032	75	74.63	74.53	3.56	7.5
3041	75	74.63	74.53	3.56	7.5
3051	75	74.63	74.53	3.56	7.5
3060	75	74.63	74.53	3.56	7.5
3069	75	74.63	74.53	3.56	7.5
3078	75	74.63	74.53	3.56	7.5
3087	75	74.63	74.53	3.56	7.5
3097	75	74.63	74.53	3.56	7.5
3106	75	74.63	74.53	3.56	7.5
3115	75	74.63	74.53	3.56	7.5
3124	75	74.63	74.53	3.56	7.5
3134	75	74.63	74.53	3.56	7.5
3143	75	74.63	74.53	3.56	7.5
3152	75	74.63	74.53	3.56	7.5
3161	75	74.63	74.53	3.56	7.5
3170	75	74.63	74.53	3.56	7.5
3180	75	74.63	74.53	3.56	7.5
3189	75	74.63	74.53	3.56	7.5
3200	75	74.63	74.53	3.56	7.5
3209	75	74.63	74.53	3.56	7.5
3222	75	74.63	74.53	3.56	7.5
3232	75	74.63	74.53	3.56	7.5
3243	75	74.63	74.53	3.56	7.5
3252	75	74.63	74.53	3.56	7.5
3262	75	74.63	74.53	3.56	7.5
3273	75	74.63	74.53	3.56	7.5
3285	75	74.63	74.53	3.56	7.5
3294	75	74.63	74.53	3.56	7.5
3303	75	74.63	74.53	3.56	7.5
3312	75	74.63	74.53	3.56	7.5
3322	75	74.63	74.53	3.56	7.5
3333	75	74.63	74.53	3.56	7.5
3346	75	74.63	74.53	3.56	7.5
3355	75	74.63	74.53	3.56	7.5
3364	75	74.63	74.53	3.56	7.5
3374	75	74.63	74.53	3.56	7.5
3385	75	74.63	74.53	3.56	7.5
3396	75	74.63	74.53	3.56	7.5
3406	75	74.63	74.53	3.56	7.5
3417	75	74.63	74.53	3.56	7.5
3428	75	74.63	74.53	3.56	7.5
3437	75	74.63	74.53	3.56	7.5
3446	75	74.63	74.53	3.56	7.5
3456	75	74.63	74.53	3.56	7.5
3465	75	74.63	74.53	3.56	7.5
3474	75	74.63	74.53	3.56	7.5
3483	75	74.63	74.53	3.56	7.5
3492	75	74.63	74.53	3.56	7.5
3502	75	74.63	74.53	3.56	7.5
3511	75	74.63	74.53	3.56	7.5
3520	75	74.63	74.53	3.56	7.5
3529	75	74.63	74.53	3.56	7.5
3538	75	74.63	74.53	3.56	7.5
3548	75	74.63	74.53	3.56	7.5
3557	75	74.63	74.53	3.56	7.5
3566	75	74.63	74.53	3.56	7.5
3575	75	74.63	74.53	3.56	7.5
3584	75	74.63	74.53	3.56	7.5
3594	75	74.63	74.53	3.56	7.5
3603	75	74.63	74.53	3.56	7.5
3614	75	74.63	74.53	3.56	7.5
3623	75	74.63	74.53	3.56	7.5
3633	75	74.63	74.53	3.56	7.5
3642	75	74.63	74.53	3.56	7.5
3653	75	74.63	74.53	3.56	7.5
3666	75	74.63	74.53	3.56	7.5
3677	75	74.63	74.53	3.56	7.5
3687	75	74.63	74.53	3.56	7.5
3698	75	74.63	74.53	3.56	7.5
3707	75	74.63	74.53	3.56	7.5
3716	75	74.63	74.53	3.56	7.5
3726	75	74.63	74.53	3.56	7.5
3735	75	74.63	74.53	3.56	7.5
3746	75	74.63	74.53	3.56	7.5
3757	75	74.63	74.53	3.56	7.5
3767	75	74.63	74.53	3.56	7.5
3776	75	74.63	74.53	3.56	7.5
3785	75	74.63	74.53	3.56	7.5
3795	75	74.63	74.53	3.56	7.5
3804	75	74.63	74.53	3.56	7.5
3815	75	74.63	74.53	3.56	7.5
3824	75	74.63	74.53	3.56	7.5
3834	75	74.63	74.53	3.56	7.5
3843	75	74.63	74.53	3.56	7.5
3852	75	74.63	74.53	3.56	7.5
3861	75	74.63	74.53	3.56	7.5
3870	75	74.63	74.53	3.56	7.5
3880	75	74.63	74.53	3.56	7.5
3889	75	74.63	74.53	3.56	7.5
3898	75	74.63	74.53	3.56	7.5
3907	75	74.63	74.53	3.56	7.5
3916	75	74.63	74.53	3.56	7.5
3926	75	74.63	74.53	3.56	7.5
3935	75	74.63	74.53	3.56	7.5
3944	75	74.63	74.53	3.56	7.5
3953	75	74.63	74.53	3.56	7.5
3962	75	74.63	74.53	3.56	7.5
3972	75	74.63	74.53	3.56	7.5
3981	75	74.69	74.61	2.88	7.31
3990	75	74.63	74.53	3.56	7.5
3999	75	74.63	74.53	3.56	7.5
4008	75	74.63	74.53	3.56	7.5
4018	75	74.63	74.53	3.56	7.5
4027	75	74.63	74.53	3.56	7.5
4036	75	74.63	74.53	3.56	7.5
4045	75	74.63	74.53	3.56	7.5
4054	75	74.63	74.53	3.56	7.5
4064	75	74.63	74.53	3.56	7.5
4073	75	74.63	74.53	3.56	7.5
4082	75	74.63	74.53	3.56	7.5
4093	75	74.63	74.53	3.56	7.5
4104	75	74.63	74.53	3.56	7.5
4114	75	74.63	74.53	3.56	7.5
4123	75	74.63	74.53	3.56	7.5
4134	75	74.63	74.53	3.56	7.5
4144	75	74.63	74.53	3.56	7.5
4155	75	74.63	74.53	3.56	7.5
4168	75	74.63	74.53	3.56	7.5
4180	75	74.63	74.53	3.56	7.5
4191	75	74.63	74.53	3.56	7.5
4200	75	74.63	74.53	3.56	7.5
4212	75	74.63	74.53	3.56	7.5
4223	75	74.63	74.53	3.56	7.5
4236	75	74.63	74.53	3.56	7.5
4249	75	74.63	74.53	3.56	7.5
4258	75	74.63	74.53	3.56	7.5
4267	75	74.63	74.53	3.56	7.5
4279	75	74.63	74.53	3.56	7.5
4290	75	74.63	74.53	3.56	7.5
4301	-75	74.15	74.53	-12.58	8.62
4311	-75	73.66	74.53	-28.73	8.62
4322	-75	73.02	74.36	-44.87	8.62
4331	-75	72.21	74.04	-61.01	8.62
4341	-75	71.24	73.56	-77.15	8.62
4352	-75	70.03	72.83	-93.29	8.62
4363	-75	68.58	71.86	-109.44	8.62
4375	-75	67.04	70.81	-125.58	8.62
4384	-75	65.59	69.84	-141.72	8.62
4393	-75	63.98	68.71	-157.86	8.62
4407	-75	61.88	67.1	-174	8.62
4416	-75	59.87	65.48	-187.2	8.62
4425	-75	58.33	63.95	-187.2	8.62
4437	-75	56.31	61.93	-187.2	8.62
4446	-75	54.62	60.23	-187.2	8.62
4458	-75	52.84	58.46	-187.2	8.62
4467	-75	50.58	56.2	-187.2	8.62
4476	-75	48.72	54.34	-187.2	8.62
4486	-75	46.79	52.4	-187.2	8.62
4497	-75	44.85	50.46	-187.2	8.62
4506	-75	42.43	48.04	-187.2	8.62
4516	-75	40.49	46.1	-187.2	8.62
4527	-75	38.55	44.17	-187.2	8.62
4536	-75	36.13	41.74	-187.2	8.62
4548	-75	34.19	39.81	-187.2	8.62
4559	-75	31.77	37.38	-187.2	8.62
4568	-75	29.43	35.04	-187.2	8.62
4580	-75	27	32.62	-187.2	8.62
4593	-75	25.23	30.84	-187.2	8.62
4603	-75	22.56	28.18	-187.2	8.62
4612	-75	20.71	26.32	-187.2	8.62
4625	-75	18.85	24.47	-187.2	8.62
4635	-75	16.1	21.72	-187.2	8.62
4644	-75	14.33	19.94	-187.2	8.62
4657	-75	12.47	18.09	-187.2	8.62
4670	-75	9.32	14.94	-187.2	8.62
4684	-75	7.38	13	-187.2	8.62
4693	-75	4.96	10.58	-187.2	8.62
4702	-75	3.18	8.8	-187.2	8.62
4712	-75	1.41	7.02	-187.2	8.62
4721	-75	-0.45	5.17	-187.2	8.62
4730	-75	-2.39	3.23	-187.2	8.61
4739	-75	-4.4	1.21	-187.2	8.61
4749	-75	-6.42	-0.81	-187.2	8.61
4758	-75	-8.36	-2.75	-187.2	8.61
4767	-75	-10.54	-4.93	-187.2	8.61
4777	-75	-12.56	-6.94	-187.2	8.61
4786	-75	-14.58	-8.96	-187.2	8.61
4797	-75	-16.68	-11.06	-187.2	8.61
4807	-75	-19.1	-13.48	-187.2	8.61
4816	-75	-20.96	-15.34	-187.2	8.61
4825	-75	-22.89	-17.28	-187.2	8.61
4835	-75	-24.99	-19.38	-187.2	8.61
4844	-75	-26.93	-21.32	-187.2	8.61
4853	-75	-28.95	-23.33	-187.2	8.61
4863	-75	-31.05	-25.43	-187.2	8.61
4872	-75	-33.07	-27.45	-187.2	8.61
4882	-75	-35.17	-29.55	-187.2	8.61
4891	-75	-37.19	-31.57	-187.2	8.61
4900	-75	-39.21	-33.59	-187.2	8.61
4910	-75	-41.3	-35.69	-187.2	8.61
4919	-75	-43.32	-37.71	-187.2	8.61
4929	-75	-45.42	-39.81	-187.2	8.61
4938	-75	-47.44	-41.82	-187.2	8.6
4947	-75	-49.54	-43.92	-187.2	8.6
4957	-75	-51.56	-45.94	-187.2	8.6
4966	-75	-53.58	-47.96	-187.2	8.6
4975	-75	-55.68	-50.06	-187.2	8.6
4985	-75	-57.7	-52.08	-187.2	8.6
4995	-75	-59.55	-54.18	-178.92	8.59
5004	-75	-61.16	-56.28	-162.78	8.59
5013	-75	-62.7	-58.3	-146.64	8.59
5023	-75	-64.31	-60.4	-130.5	8.58
5033	-75	-65.76	-62.33	-114.36	8.57
5042	-75	-67.14	-64.19	-98.21	8.57
5056	-75	-68.35	-65.89	-82.07	8.56
5065	-75	-70.12	-68.15	-65.93	8.53
5077	-75	-70.93	-69.44	-49.79	8.51
5090	-75	-71.94	-70.89	-34.81	8.47
5101	-75	-72.95	-72.26	-22.98	8.4
5115	-75	-73.61	-73.15	-15.33	8.3
5127	-75	-74.21	-73.96	-8.39	8.07
5140	-75	-74.57	-74.44	-4.24	7.65
5151	-75	-74.81	-74.77	-1.54	6.63
5163	-75	-74.94	-74.93	-0.32	4.5
5172	-75	-74.94	-74.93	-0.32	4.5
5183	-75	-75	-75.01	0.02	1.73
5193	-75	-75	-75.01	0.02	1.73
5204	-75	-75	-75.01	0.02	1.73
5216	-75	-75	-75.01	0.02	1.73
5227	-75	-75	-75.01	0.02	1.73
5239	-75	-75	-75.01	0.02	1.73
5248	-75	-75	-75.01	0.02	1.73
5259	-75	-75	-75.01	0.02	1.73
5271	-75	-75	-75.01	0.02	1.73
5282	-75	-75	-75.01	0.02	1.73
5293	-75	-75	-75.01	0.02	1.73
5302	-75	-75	-75.01	0.02	1.73
5313	-75	-75	-75.01	0.02	1.73
5323	-75	-75	-75.01	0.02	1.73
5332	-75	-75	-75.01	0.02	1.73
5342	-75	-75	-75.01	0.02	1.73
5351	-75	-75	-75.01	0.02	1.73
5362	-75	-75	-75.01	0.02	1.73
5372	-75	-75	-75.01	0.02	1.73
5381	-75	-75	-75.01	0.02	1.73
5390	-75	-75	-75.01	0.02	1.73
5399	-75	-75	-75.01	0.02	1.73
5409	-75	-75	-75.01	0.02	1.73
5418	-75	-75	-75.01	0.02	1.73
5427	-75	-75	-75.01	0.02	1.73
5436	-75	-75	-75.01	0.02	1.73
5446	-75	-75	-75.01	0.02	1.73
5455	-75	-75	-75.01	0.02	1.73
5464	-75	-75	-75.01	0.02	1.73
5473	-75	-75	-75.01	0.02	1.73
5482	-75	-75	-75.01	0.02	1.73
5492	-75	-75	-75.01	0.02	1.73
5501	-75	-75	-75.01	0.02	1.73
5510	-75	-75	-75.01	0.02	1.73
5519	-75	-75	-75.01	0.02	1.73
5528	-75	-75	-75.01	0.02	1.73
5538	-75	-75	-75.01	0.02	1.73
5547	-75	-75	-75.01	0.02	1.73
5558	-75	-75	-75.01	0.02	1.73
5570	-75	-75	-75.01	0.02	1.73
5579	-75	-75	-75.01	0.02	1.73
5588	-75	-75	-75.01	0.02	1.73
5598	-75	-75	-75.01	0.02	1.73
5607	-75	-75	-75.01	0.02	1.73
5616	-75	-75	-75.01	0.02	1.73
5628	-75	-75	-75.01	0.02	1.73
5637	-75	-75	-75.01	0.02	1.73
5646	-75	-75	-75.01	0.02	1.73
5656	-75	-75	-75.01	0.02	1.73
5665	-75	-75	-75.01	0.02	1.73
5677	-75	-75	-75.01	0.02	1.73
5686	-75	-75	-75.01	0.02	1.73
5695	-75	-75	-75.01	0.02	1.73
5704	-75	-75	-75.01	0.02	1.73
5713	-75	-75	-75.01	0.02	1.73
5723	-75	-75	-75.01	0.02	1.73
5732	-75	-75	-75.01	0.02	1.73
5741	-75	-75	-75.01	0.02	1.73
5751	-75	-75	-75.01	0.02	1.73
5760	-75	-75	-75.01	0.02	1.73
5769	-75	-75	-75.01	0.02	1.73
5778	-75	-75	-75.01	0.02	1.73
5789	-75	-75	-75.01	0.02	1.73
5799	-75	-75	-75.01	0.02	1.73
5808	-75	-75	-75.01	0.02	1.73
5817	-75	-75	-75.01	0.02	1.73
5826	-75	-75	-75.01	0.02	1.73
5836	-75	-75	-75.01	0.02	1.73
5845	-75	-75	-75.01	0.02	1.73
5854	-75	-75	-75.01	0.02	1.73
5864	-75	-75	-75.01	0.02	1.73
5873	-75	-75	-75.01	0.02	1.73
5882	-75	-75	-75.01	0.02	1.73
5891	-75	-75	-75.01	0.02	1.73
5901	-75	-75	-75.01	0.02	1.73
5910	-75	-75	-75.01	0.02	1.73
5919	-75	-75	-75.01	0.02	1.73
5928	-75	-75	-75.01	0.02	1.73
5938	-75	-75	-75.01	0.02	1.73
5947	-75	-75	-75.01	0.02	1.73
5956	-75	-75	-75.01	0.02	1.73
5967	-75	-75	-75.01	0.02	1.73
5979	-75	-75	-75.01	0.02	1.73
5988	-75	-75	-75.01	0.02	1.73
5999	-75	-75	-75.01	0.02	1.73
6010	-75	-75	-75.01	0.02	1.73
6022	-75	-75	-75.01	0.02	1.73
6031	-75	-75	-75.01	0.02	1.73
6042	-75	-75	-75.01	0.02	1.73
6053	-75	-75	-75.01	0.02	1.73
6065	-75	-75	-75.01	0.02	1.73
6076	-75	-75	-75.01	0.02	1.73
6087	-75	-75	-75.01	0.02	1.73
6098	-75	-75	-75.01	0.02	1.73
6110	-75	-75	-75.01	0.02	1.73
6123	-75	-75	-75.01	0.02	1.73
6136	-75	-75	-75.01	0.02	1.73
6147	-75	-75	-75.01	0.02	1.73
6157	-75	-75	-75.01	0.02	1.73
6168	-75	-75	-75.01	0.02	1.73
6177	-75	-75	-75.01	0.02	1.73
6188	-75	-75	-75.01	0.02	1.73
6198	-75	-75	-75.01	0.02	1.73
6207	-75	-75	-75.01	0.02	1.73
6218	-75	-75	-75.01	0.02	1.73
6229	-75	-75	-75.01	0.02	1.73
6239	-75	-75	-75.01	0.02	1.73
6250	-75	-75	-75.01	0.02	1.73
6259	-75	-75	-75.01	0.02	1.73
6268	-75	-75	-75.01	0.02	1.73
6277	-75	-75	-75.01	0.02	1.73
6287	-75	-75	-75.01	0.02	1.73
6298	-75	-75	-75.01	0.02	1.73
6307	-75	-75	-75.01	0.02	1.73
6317	-75	-75	-75.01	0.02	1.73
6328	-75	-75	-75.01	0.02	1.73
6337	-75	-75	-75.01	0.02	1.73
6346	-75	-75	-75.01	0.02	1.73
6355	-75	-75	-75.01	0.02	1.73
6365	-75	-75	-75.01	0.02	1.73
6374	-75	-75	-75.01	0.02	1.73
6383	-75	-75	-75.01	0.02	1.73
6392	-75	-75	-75.01	0.02	1.73
6401	-75	-75	-75.01	0.02	1.73
6411	-75	-75	-75.01	0.02	1.73
6420	-75	-75	-75.01	0.02	1.73
6429	-75	-75	-75.01	0.02	1.73
6438	-75	-75	-75.01	0.02	1.73
6447	-75	-75	-75.01	0.02	1.73
6457	-75	-75	-75.01	0.02	1.73
6468	-75	-75	-75.01	0.02	1.73
6477	-75	-75	-75.01	0.02	1.73
6487	-75	-75	-75.01	0.02	1.73
6498	-75	-75	-75.01	0.02	1.73
6507	-75	-75	-75.01	0.02	1.73
6517	-75	-75	-75.01	0.02	1.73
6528	-75	-75	-75.01	0.02	1.73
6537	-75	-75	-75.01	0.02	1.73
6551	-75	-75	-75.01	0.02	1.73
6560	-75	-75	-75.01	0.02	1.73
6569	-75	-75	-75.01	0.02	1.73
6581	-75	-75	-75.01	0.02	1.73
6592	-75	-75	-75.01	0.02	1.73
6602	-75	-75	-75.01	0.02	1.73
6615	-75	-75	-75.01	0.02	1.73
6626	-75	-75	-75.01	0.02	1.73
6636	-75	-75	-75.01	0.02	1.73
6645	-75	-75	-75.01	0.02	1.73
6656	-75	-75	-75.01	0.02	1.73
6666	-75	-75	-75.01	0.02	1.73
6675	-75	-75	-75.01	0.02	1.73
6687	-75	-75	-75.01	0.02	1.73
6696	-75	-75	-75.01	0.02	1.73
6705	-75	-75	-75.01	0.02	1.73
6717	-75	-75	-75.01	0.02	1.73
6726	-75	-75	-75.01	0.02	1.73
6735	-75	-75	-75.01	0.02	1.73
6747	-75	-75	-75.01	0.02	1.73
6756	-75	-75	-75.01	0.02	1.73
6765	-75	-75	-75.01	0.02	1.73
6774	-75	-75	-75.01	0.02	1.73
6783	-75	-75	-75.01	0.02	1.73
6793	-75	-75	-75.01	0.02	1.73
6802	-75	-75	-75.01	0.02	1.73
6811	-75	-75	-75.01	0.02	1.73
6822	-75	-75	-75.01	0.02	1.73
6833	-75	-75	-75.01	0.02	1.73
6842	-75	-75	-75.01	0.02	1.73
6852	-75	-75	-75.01	0.02	1.73
6861	-75	-75	-75.01	0.02	1.73
6872	-75	-75	-75.01	0.02	1.73
6882	-75	-75	-75.01	0.02	1.73
6891	-75	-75	-75.01	0.02	1.73
6902	-75	-75	-75.01	0.02	1.73
6914	-75	-75	-75.01	0.02	1.73
6923	-75	-75	-75.01	0.02	1.73
6934	-75	-75	-75.01	0.02	1.73
6945	-75	-75	-75.01	0.02	1.73
6957	-75	-75	-75.01	0.02	1.73
6968	-75	-75	-75.01	0.02	1.73
6977	-75	-75	-75.01	0.02	1.73
6988	-75	-75	-75.01	0.02	1.73
7000	-75	-75	-75.01	0.02	1.73
7011	75	-74.53	-75.01	16.16	8.62
7022	75	-74.04	-75.01	32.3	8.62
7032	75	-73.31	-74.77	48.44	8.62
7043	75	-72.51	-74.44	64.59	8.62
7054	75	-71.46	-73.88	80.73	8.62
7065	75	-70.33	-73.23	96.87	8.62
7075	75	-68.96	-72.35	113.01	8.62
7084	75	-67.66	-71.54	129.15	8.62
7094	75	-66.21	-70.57	145.3	8.62
7103	75	-64.51	-69.36	161.44	8.62
7112	75	-62.82	-68.15	177.58	8.62
7124	75	-60.67	-66.29	187.2	8.62
7135	75	-58.74	-64.35	187.2	8.62
7144	75	-57.2	-62.82	187.2	8.62
7154	75	-55.43	-61.04	187.2	8.62
7165	75	-53.08	-58.7	187.2	8.62
7176	75	-51.23	-56.84	187.2	8.62
7186	75	-49.05	-54.66	187.2	8.62
7197	75	-46.71	-52.32	187.2	8.62
7208	75	-44.36	-49.98	187.2	8.62
7218	75	-42.67	-48.28	187.2	8.62
7229	75	-40.73	-46.35	187.2	8.62
7238	75	-38.47	-44.09	187.2	8.62
7248	75	-36.61	-42.23	187.2	8.62
7259	75	-34.19	-39.81	187.2	8.62
7268	75	-32.25	-37.87	187.2	8.62
7278	75	-30.4	-36.01	187.2	8.62
7289	75	-28.38	-33.99	187.2	8.62
7298	75	-26.04	-31.65	187.2	8.62
7308	75	-24.18	-29.79	187.2	8.62
7317	75	-22.24	-27.86	187.2	8.62
7326	75	-20.3	-25.92	187.2	8.62
7335	75	-18.36	-23.98	187.2	8.62
7344	75	-16.35	-21.96	187.2	8.62
7354	75	-14.33	-19.94	187.2	8.62
7363	75	-12.31	-17.92	187.2	8.62
7372	75	-10.29	-15.91	187.2	8.62
7381	75	-8.27	-13.89	187.2	8.62
7390	75	-6.25	-11.87	187.2	8.62
7400	75	-4.23	-9.85	187.2	8.62
7409	75	-2.22	-7.83	187.2	8.62
7418	75	-0.12	-5.73	187.2	8.62
7430	75	1.9	-3.71	187.2	8.62
7441	75	4.4	-1.21	187.2	8.61
7450	75	6.67	1.05	187.2	8.61
7460	75	8.52	2.91	187.2	8.61
7471	75	10.38	4.76	187.2	8.61
7482	75	12.64	7.02	187.2	8.61
7491	75	14.82	9.2	187.2	8.61
7505	75	16.76	11.14	187.2	8.61
7514	75	19.34	13.73	187.2	8.61
7526	75	21.2	15.58	187.2	8.61
7539	75	23.38	17.76	187.2	8.61
7548	75	25.88	20.27	187.2	8.61
7562	75	27.66	22.04	187.2	8.61
7573	75	30.16	24.55	187.2	8.61
7584	75	32.18	26.56	187.2	8.61
7593	75	34.28	28.66	187.2	8.61
7603	75	36.06	30.44	187.2	8.61
7614	75	38.32	32.7	187.2	8.61
7623	75	40.09	34.48	187.2	8.61
7635	75	42.43	36.82	187.2	8.61
7646	75	44.78	39.16	187.2	8.61
7657	75	46.55	40.94	187.2	8.6
7667	75	48.81	43.2	187.2	8.6
7676	75	50.75	45.14	187.2	8.6
7687	75	52.61	46.99	187.2	8.6
7696	75	54.87	49.25	187.2	8.6
7705	75	56.81	51.19	187.2	8.6
7717	75	59.07	53.53	184.49	8.59
7726	75	60.44	55.39	168.48	8.59
7735	75	61.98	57.41	152.34	8.59
7744	75	63.35	59.27	136.2	8.58
7754	75	64.72	61.12	120.05	8.58
7763	75	66.1	62.98	103.91	8.57
7774	75	67.27	64.59	89.11	8.56
7784	75	68.64	66.45	73.1	8.55
7795	75	69.72	67.9	60.57	8.54
7804	75	70.8	69.36	48.04	8.51
7814	75	71.7	70.57	37.6	8.49
7823	75	72.42	71.54	29.24	8.45
7834	75	73.07	72.43	21.59	8.39
7843	75	73.73	73.31	13.94	8.27
7853	75	74.09	73.8	9.77	8.14
7862	75	74.45	74.28	5.62	7.84
7871	75	74.69	74.61	2.88	7.31
7882	75	74.88	74.85	0.9	5.94
7896	75	74.94	74.93	0.32	4.5
7909	75	75	75.01	-0.02	1.73
7922	75	75	75.01	-0.02	1.73
7932	75	75	75.01	-0.02	1.73
7945	75	75	75.01	-0.02	1.73
7954	75	75	75.01	-0.02	1.73
7966	75	75	75.01	-0.02	1.73
7977	75	75	75.01	-0.02	1.73
7986	75	75	75.01	-0.02	1.73
7997	75	75	75.01	-0.02	1.73
8006	75	75	75.01	-0.02	1.73
8016	75	75	75.01	-0.02	1.73
8025	75	75	75.01	-0.02	1.73
8034	75	75	75.01	-0.02	1.73
8043	75	75	75.01	-0.02	1.73
8052	75	75	75.01	-0.02	1.73
8062	75	75	75.01	-0.02	1.73
8071	75	75	75.01	-0.02	1.73
8080	75	75	75.01	-0.02	1.73
8089	75	75	75.01	-0.02	1.73
8099	75	75	75.01	-0.02	1.73
8108	75	75	75.01	-0.02	1.73
8117	75	75	75.01	-0.02	1.73
8126	75	75	75.01	-0.02	1.73
8135	75	75	75.01	-0.02	1.73
8145	75	75	75.01	-0.02	1.73
8154	75	75	75.01	-0.02	1.73
8163	75	75	75.01	-0.02	1.73
8172	75	75	75.01	-0.02	1.73
8181	75	75	75.01	-0.02	1.73
8191	75	75	75.01	-0.02	1.73
8200	75	75	75.01	-0.02	1.73
8209	75	75	75.01	-0.02	1.73
8218	75	75	75.01	-0.02	1.73
8227	75	75	75.01	-0.02	1.73
8237	75	75	75.01	-0.02	1.73
8246	75	75	75.01	-0.02	1.73
8255	75	75	75.01	-0.02	1.73
8264	75	75	75.01	-0.02	1.73
8273	75	75	75.01	-0.02	1.73
8283	75	74.94	74.93	0.32	4.5
8292	75	75	75.01	-0.02	1.73
8301	75	75	75.01	-0.02	1.73
8310	75	75	75.01	-0.02	1.73
8319	75	75	75.01	-0.02	1.73
8329	75	75	75.01	-0.02	1.73
8340	75	75	75.01	-0.02	1.73
8349	75	75	75.01	-0.02	1.73
8358	75	75	75.01	-0.02	1.73
8369	75	75	75.01	-0.02	1.73
8381	75	75	75.01	-0.02	1.73
8390	75	75	75.01	-0.02	1.73
8399	75	75	75.01	-0.02	1.73
8408	75	75	75.01	-0.02	1.73
8418	75	75	75.01	-0.02	1.73
8429	75	75	75.01	-0.02	1.73
8440	75	75	75.01	-0.02	1.73
8451	75	75	75.01	-0.02	1.73
8463	75	75	75.01	-0.02	1.73
8474	75	75	75.01	-0.02	1.73
8487	75	75	75.01	-0.02	1.73
8496	75	75	75.01	-0.02	1.73
8507	75	75	75.01	-0.02	1.73
8517	75	75	75.01	-0.02	1.73
8526	75	75	75.01	-0.02	1.73
8535	75	75	75.01	-0.02	1.73
8547	75	75	75.01	-0.02	1.73
8556	75	75	75.01	-0.02	1.73
8565	75	75	75.01	-0.02	1.73
8576	75	75	75.01	-0.02	1.73
8585	75	75	75.01	-0.02	1.73
8597	75	75	75.01	-0.02	1.73
8606	75	75	75.01	-0.02	1.73
8617	75	75	75.01	-0.02	1.73
8626	75	75	75.01	-0.02	1.73
8636	75	75	75.01	-0.02	1.73
8645	75	75	75.01	-0.02	1.73
8654	75	75	75.01	-0.02	1.73
8663	75	75	75.01	-0.02	1.73
8672	75	75	75.01	-0.02	1.73
8682	75	75	75.01	-0.02	1.73
8691	75	75	75.01	-0.02	1.73
8700	75	75	75.01	-0.02	1.73
8709	75	75	75.01	-0.02	1.73
8718	75	75	75.01	-0.02	1.73
8728	75	75	75.01	-0.02	1.73
8737	75	75	75.01	-0.02	1.73
8746	75	75	75.01	-0.02	1.73
8755	75	75	75.01	-0.02	1.73
8764	75	75	75.01	-0.02	1.73
8774	75	75	75.01	-0.02	1.73
8783	75	75	75.01	-0.02	1.73
8792	75	75	75.01	-0.02	1.73
8801	75	75	75.01	-0.02	1.73
8810	75	75	75.01	-0.02	1.73
8820	75	75	75.01	-0.02	1.73
8829	75	75	75.01	-0.02	1.73
8838	75	75	75.01	-0.02	1.73
8847	75	75	75.01	-0.02	1.73
8856	75	75	75.01	-0.02	1.73
8866	75	75	75.01	-0.02	1.73
8875	75	75	75.01	-0.02	1.73
8886	75	75	75.01	-0.02	1.73
8896	75	75	75.01	-0.02	1.73
8905	75	75	75.01	-0.02	1.73
8914	75	75	75.01	-0.02	1.73
8923	75	75	75.01	-0.02	1.73
8932	75	75	75.01	-0.02	1.73
8942	75	75	75.01	-0.02	1.73
8951	75	75	75.01	-0.02	1.73
8960	75	75	75.01	-0.02	1.73
8969	75	75	75.01	-0.02	1.73
8979	75	75	75.01	-0.02	1.73
8988	75	75	75.01	-0.02	1.73
8997	75	75	75.01	-0.02	1.73
9006	-75	74.53	75.01	-16.16	8.62
9015	-75	73.96	74.93	-32.3	8.62
9025	-75	73.4	74.85	-48.44	8.62
9034	-75	72.67	74.61	-64.59	8.62
9043	-75	71.7	74.12	-80.73	8.62
9052	-75	70.65	73.56	-96.87	8.62
9062	-75	69.36	72.75	-113.01	8.62
9071	-75	67.99	71.86	-129.15	8.62
9080	-75	66.45	70.81	-145.3	8.62
9089	-75	64.84	69.68	-161.44	8.62
9099	-75	62.98	68.31	-177.58	8.62
9108	-75	61.24	66.86	-187.2	8.62
9118	-75	59.62	65.24	-187.2	8.62
9127	-75	57.85	63.46	-187.2	8.62
9136	-75	55.99	61.61	-187.2	8.62
9146	-75	54.13	59.75	-187.2	8.62
9155	-75	52.2	57.81	-187.2	8.62
9164	-75	50.18	55.79	-187.2	8.62
9174	-75	48.16	53.77	-187.2	8.62
9183	-75	46.22	51.84	-187.2	8.62
9192	-75	44.12	49.74	-187.2	8.62
9202	-75	42.1	47.72	-187.2	8.62
9211	-75	40.08	45.7	-187.2	8.62
9220	-75	37.99	43.6	-187.2	8.62
9230	-75	35.97	41.58	-187.2	8.62
9239	-75	33.87	39.48	-187.2	8.62
9248	-75	31.85	37.46	-187.2	8.62
9258	-75	29.83	35.45	-187.2	8.62
9269	-75	27.81	33.43	-187.2	8.62
9278	-75	25.31	30.92	-187.2	8.62
9288	-75	23.37	28.99	-187.2	8.62
9299	-75	21.43	27.05	-187.2	8.62
9310	-75	19.09	24.71	-187.2	8.62
9319	-75	16.75	22.37	-187.2	8.62
9333	-75	14.89	20.51	-187.2	8.62
9344	-75	12.15	17.76	-187.2	8.62
9355	-75	9.97	15.58	-187.2	8.62
9367	-75	7.87	13.48	-187.2	8.62
9380	-75	5.77	11.38	-187.2	8.62
9389	-75	3.27	8.88	-187.2	8.62
9399	-75	1.49	7.11	-187.2	8.62
9412	-75	-0.29	5.33	-187.2	8.62
9424	-75	-2.95	2.66	-187.2	8.61
9437	-75	-5.45	0.16	-187.2	8.61
9448	-75	-7.47	-1.86	-187.2	8.61
9460	-75	-9.57	-3.96	-187.2	8.61
9469	-75	-11.67	-6.06	-187.2	8.61
9479	-75	-13.45	-7.83	-187.2	8.61
9490	-75	-15.79	-10.17	-187.2	8.61
9502	-75	-17.65	-12.03	-187.2	8.61
9513	-75	-19.91	-14.29	-187.2	8.61
9524	-75	-22.49	-16.88	-187.2	8.61
9536	-75	-24.83	-19.22	-187.2	8.61
9547	-75	-27.01	-21.4	-187.2	8.61
9556	-75	-28.87	-23.25	-187.2	8.61
9566	-75	-30.65	-25.03	-187.2	8.61
9577	-75	-33.07	-27.45	-187.2	8.61
9589	-75	-35.49	-29.87	-187.2	8.61
9600	-75	-37.83	-32.22	-187.2	8.61
9609	75	-39.21	-34.07	-171.06	8.62
9618	75	-40.66	-36.01	-154.92	8.62
9628	75	-42.11	-37.95	-138.77	8.62
9637	75	-43.57	-39.89	-122.63	8.62
9647	75	-44.86	-41.66	-106.49	8.62
9656	75	-46.15	-43.44	-90.35	8.62
9665	75	-47.28	-45.05	-74.21	8.62
9674	75	-48.33	-46.59	-58.06	8.62
9684	75	-49.22	-47.96	-41.92	8.62
9695	75	-50.27	-49.5	-25.78	8.62
9704	75	-50.83	-50.55	-9.64	8.62
9713	75	-51.24	-51.43	6.51	8.62
9723	75	-51.4	-52.08	22.65	8.62
9732	75	-51.4	-52.56	38.79	8.62
9741	75	-51.08	-52.73	54.93	8.62
9750	75	-50.51	-52.64	71.07	8.62
9762	75	-49.79	-52.4	87.22	8.62
9771	75	-48.66	-51.76	103.36	8.62
9780	75	-47.53	-51.11	119.5	8.62
9789	75	-46.15	-50.22	135.64	8.62
9799	75	-44.7	-49.25	151.78	8.62
9812	75	-43.08	-48.12	167.93	8.62
9825	75	-40.42	-45.94	184.07	8.62
9838	75	-38.47	-44.09	187.2	8.62
9852	75	-36.45	-42.07	187.2	8.62
9865	75	-34.27	-39.89	187.2	8.62
9874	75	-32.33	-37.95	187.2	8.62
9886	75	-30.72	-36.33	187.2	8.62
9895	75	-28.54	-34.15	187.2	8.62
9904	75	-26.84	-32.46	187.2	8.62
9918	75	-24.99	-30.6	187.2	8.62
9929	75	-22.32	-27.94	187.2	8.62
9939	75	-20.22	-25.84	187.2	8.62
9948	75	-18.36	-23.98	187.2	8.62
9957	75	-16.59	-22.2	187.2	8.62
9967	75	-14.73	-20.35	187.2	8.62
9978	75	-12.23	-17.84	187.2	8.62
9987	75	-10.45	-16.07	187.2	8.62
9997	75	-8.59	-14.21	187.2	8.62
10008	75	-6.09	-11.71	187.2	8.62
10018	75	-4.23	-9.85	187.2	8.62
10029	75	-1.73	-7.35	187.2	8.62
10038	75	0.04	-5.57	187.2	8.62
10050	75	2.55	-3.07	187.2	8.61
10059	75	4.32	-1.29	187.2	8.61
10068	75	6.26	0.65	187.2	8.61
10078	75	8.2	2.58	187.2	8.61
10087	75	10.14	4.52	187.2	8.61
10096	75	12.08	6.46	187.2	8.61
10105	75	14.01	8.4	187.2	8.61
10114	75	15.95	10.34	187.2	8.61
10124	75	17.89	12.27	187.2	8.61
10133	75	19.91	14.29	187.2	8.61
10142	75	21.85	16.23	187.2	8.61
10151	75	23.86	18.25	187.2	8.61
10161	75	25.88	20.27	187.2	8.61
10172	75	27.9	22.29	187.2	8.61
10181	75	30.4	24.79	187.2	8.61
10193	75	32.26	26.65	187.2	8.61
10202	75	34.6	28.99	187.2	8.61
10211	75	36.46	30.84	187.2	8.61
10222	75	38.4	32.78	187.2	8.61
10234	75	40.66	35.04	187.2	8.61
10243	75	42.92	37.3	187.2	8.61
10252	75	44.78	39.16	187.2	8.61
10262	75	46.63	41.02	187.2	8.6
10275	75	48.49	42.87	187.2	8.6
10288	75	51.24	45.62	187.2	8.6
10299	75	53.66	48.04	187.2	8.6
10310	75	55.6	49.98	187.2	8.6
10320	75	57.7	52.08	187.2	8.6
10331	75	59.31	53.86	181.71	8.59
10342	75	61	56.04	165.57	8.59
10351	75	62.62	58.13	149.42	8.59
10365	75	63.91	59.91	133.28	8.58
10376	75	65.77	62.25	117.14	8.57
10389	75	67.14	64.11	101	8.57
10400	75	68.51	65.97	84.86	8.55
10410	75	69.48	67.42	68.71	8.54
10421	75	70.38	68.79	52.91	8.52
10430	75	71.1	69.76	44.56	8.51
10442	75	71.76	70.65	36.9	8.48
10451	75	72.42	71.54	29.24	8.45
10462	75	72.95	72.26	22.98	8.4
10474	75	73.37	72.83	18.11	8.35
10483	75	73.61	73.15	15.33	8.3
10492	75	73.79	73.4	13.25	8.25
10503	75	74.03	73.72	10.47	8.17
10514	75	74.09	73.8	9.77	8.14
10526	75	74.21	73.96	8.39	8.07
10535	75	74.27	74.04	7.69	8.03
10546	75	74.33	74.12	7	7.97
10556	75	74.27	74.04	7.69	8.03
10565	75	74.27	74.04	7.69	8.03
10574	75	74.27	74.04	7.69	8.03
10583	75	74.27	74.04	7.69	8.03
10592	75	74.27	74.04	7.69	8.03
10602	75	74.27	74.04	7.69	8.03
10611	75	74.27	74.04	7.69	8.03
10620	75	74.27	74.04	7.69	8.03
10629	75	74.27	74.04	7.69	8.03
10638	75	74.27	74.04	7.69	8.03
10648	75	74.27	74.04	7.69	8.03
10657	75	74.27	74.04	7.69	8.03
10666	75	74.27	74.04	7.69	8.03
10675	75	74.27	74.04	7.69	8.03
10684	75	74.27	74.04	7.69	8.03
10694	75	74.27	74.04	7.69	8.03
10703	75	74.27	74.04	7.69	8.03
10712	75	74.27	74.04	7.69	8.03
10721	75	74.27	74.04	7.69	8.03
10733	75	74.27	74.04	7.69	8.03
10744	75	74.27	74.04	7.69	8.03
10755	75	74.27	74.04	7.69	8.03
10764	75	74.33	74.12	7	7.97
10774	75	74.27	74.04	7.69	8.03
10783	75	74.27	74.04	7.69	8.03
10792	75	74.27	74.04	7.69	8.03
10801	75	74.27	74.04	7.69	8.03
10815	75	74.27	74.04	7.69	8.03
10824	75	74.27	74.04	7.69	8.03
10837	75	74.27	74.04	7.69	8.03
10849	75	74.27	74.04	7.69	8.03
10858	75	74.27	74.04	7.69	8.03
10870	75	74.27	74.04	7.69	8.03
10881	75	74.27	74.04	7.69	8.03
10892	75	74.27	74.04	7.69	8.03
10904	75	74.27	74.04	7.69	8.03
10915	75	74.27	74.04	7.69	8.03
10926	75	74.27	74.04	7.69	8.03
10938	75	74.27	74.04	7.69	8.03
10947	75	74.27	74.04	7.69	8.03
10958	75	74.27	74.04	7.69	8.03
10969	75	74.27	74.04	7.69	8.03
10980	75	74.27	74.04	7.69	8.03
10992	75	74.27	74.04	7.69	8.03
11001	0	73.79	74.04	-8.45	8.61
11012	0	73.3	74.04	-24.59	8.61
11023	0	72.58	73.8	-40.73	8.61
11033	0	71.77	73.48	-56.87	8.61
11044	0	70.72	72.91	-73.02	8.61
11053	0	69.67	72.35	-89.16	8.61
11062	0	68.54	71.7	-105.3	8.61
11071	0	67.17	70.81	-121.44	8.61
11081	0	65.72	69.84	-137.58	8.61
11090	0	64.1	68.71	-153.73	8.61
11099	0	62.24	67.34	-169.87	8.61
11110	0	60.39	65.97	-186.01	8.61
11121	0	58.49	64.11	-187.2	8.61
11131	0	56.56	62.17	-187.2	8.61
11140	0	54.78	60.4	-187.2	8.61
11151	0	52.92	58.54	-187.2	8.61
11160	0	50.74	56.36	-187.2	8.61
11171	0	48.89	54.5	-187.2	8.61
11181	0	46.62	52.24	-187.2	8.61
11190	0	44.77	50.38	-187.2	8.61
11201	0	42.91	48.53	-187.2	8.61
11214	0	40.41	46.02	-187.2	8.61
11226	0	37.82	43.44	-187.2	8.61
11235	0	35.72	41.34	-187.2	8.61
11246	0	33.95	39.56	-187.2	8.61
11257	0	31.69	37.3	-187.2	8.61
11267	0	29.51	35.12	-187.2	8.61
11276	0	27.73	33.35	-187.2	8.6
11289	0	25.79	31.41	-187.2	8.6
11300	0	23.13	28.74	-187.2	8.6
11312	0	21.03	26.65	-187.2	8.6
11321	0	18.93	24.55	-187.2	8.6
11330	0	17.15	22.77	-187.2	8.6
11342	0	15.46	20.83	-179.01	8.59
11351	0	13.68	18.57	-162.87	8.59
11360	0	12.23	16.63	-146.73	8.59
11372	0	10.37	14.29	-130.58	8.58
11381	0	9.16	12.6	-114.44	8.57
11390	0	7.87	10.82	-98.3	8.57
11400	0	6.74	9.2	-82.16	8.56
11409	0	5.76	7.75	-66.22	8.54
11418	0	4.69	6.3	-53.69	8.53
11427	0	3.79	5.09	-43.25	8.5
11437	0	2.95	3.96	-33.51	8.47
11446	0	2.17	2.91	-24.46	8.42
11455	0	1.51	2.02	-16.81	8.33
11464	0	0.98	1.29	-10.56	8.17
11473	0	0.5	0.65	-5.02	7.77
11483	0	0.19	0.24	-1.62	6.7
11492	0	0	-0.16	0.98	6.05
11501	0	0	-0.32	2.29	7.08
11510	0	0	-0.32	2.29	7.08
11519	0	0	-0.16	0.98	6.05
11529	0	0	-0.16	0.98	6.05
11538	0	0	-0.08	0.38	4.76
11547	0	0	-0.08	0.38	4.76
11556	0	0	-0.08	0.38	4.76
11565	0	0	-0.08	0.38	4.76
11575	0	0	-0.08	0.38	4.76
11584	0	0	-0.08	0.38	4.76
11593	0	0	-0.08	0.38	4.76
11602	0	0	-0.08	0.38	4.76
11611	0	0	-0.08	0.38	4.76
11620	0	0	-0.08	0.38	4.76
11631	0	0	-0.08	0.38	4.76
11641	0	0	-0.08	0.38	4.76
11650	0	0	-0.08	0.38	4.76
11659	0	0	-0.08	0.38	4.76
11668	0	0	-0.08	0.38	4.76
11677	0	0	-0.08	0.38	4.76
11688	0	0	-0.08	0.38	4.76
11699	0	0	-0.08	0.38	4.76
11712	0	0	-0.08	0.38	4.76
11725	0	0	-0.08	0.38	4.76
11734	0	0	-0.08	0.38	4.76
11743	0	0	-0.08	0.38	4.76
11753	0	0	-0.08	0.38	4.76
11764	0	0	-0.08	0.38	4.76
11773	0	0	-0.08	0.38	4.76
11784	0	0	-0.08	0.38	4.76
11795	0	0	-0.08	0.38	4.76
11806	0	0	-0.08	0.38	4.76
11817	0	0	-0.08	0.38	4.76
11828	0	0	-0.08	0.38	4.76
11839	0	0	-0.08	0.38	4.76
11850	0	0	-0.08	0.38	4.76
11861	0	0	-0.08	0.38	4.76
11872	0	0	-0.08	0.38	4.76
11883	0	0	-0.08	0.38	4.76
11894	0	0	-0.08	0.38	4.76
11903	0	0	-0.08	0.38	4.76
11912	0	0	-0.08	0.38	4.76
11921	0	0	-0.08	0.38	4.76
11930	0	0	-0.08	0.38	4.76
11938	0	0	-0.08	0.38	4.76
11947	0	0	-0.08	0.38	4.76
11956	0	0	-0.08	0.38	4.76
11967	0	0	-0.08	0.38	4.76
11979	0	0	-0.08	0.38	4.76
11988	0	0	-0.08	0.38	4.76
11996	0	0	-0.08	0.38	4.76
12005	0	0	-0.08	0.38	4.76
12016	0	0	-0.08	0.38	4.76
12025	0	0	-0.08	0.38	4.76
12036	0	0	-0.08	0.38	4.76
12045	0	0	-0.08	0.38	4.76
12054	0	0	-0.08	0.38	4.76
12065	0	0	-0.08	0.38	4.76
12074	0	0	-0.08	0.38	4.76
12085	0	0	-0.08	0.38	4.76
12096	0	0	-0.08	0.38	4.76
12105	0	0	-0.08	0.38	4.76
12114	0	0	-0.08	0.38	4.76
12123	0	0	-0.08	0.38	4.76
12132	0	0	-0.08	0.38	4.76
12141	0	0	-0.08	0.38	4.76
12150	0	0	-0.08	0.38	4.76
12161	0	0	-0.08	0.38	4.76
12174	0	0	-0.08	0.38	4.76
12183	0	0	-0.08	0.38	4.76
12194	0	0	-0.08	0.38	4.76
12202	0	0	0	0	0.86
12211	0	0	-0.08	0.38	4.76
12220	0	0	-0.08	0.38	4.76
12233	0	0	-0.08	0.38	4.76
12242	0	0	-0.08	0.38	4.76
12255	0	0	-0.08	0.38	4.76
12264	0	0	-0.08	0.38	4.76
12273	0	0	-0.08	0.38	4.76
12282	0	0	-0.08	0.38	4.76
12291	0	0	-0.08	0.38	4.76
12300	0	0	-0.08	0.38	4.76
12309	0	0	-0.08	0.38	4.76
12318	0	0	-0.08	0.38	4.76
12327	0	0	-0.08	0.38	4.76
12336	0	0	-0.08	0.38	4.76
12345	0	0	-0.08	0.38	4.76
12356	0	0	-0.08	0.38	4.76
12367	0	0	-0.08	0.38	4.76
12375	0	0	-0.08	0.38	4.76
12384	0	0	-0.08	0.38	4.76
12393	0	0	-0.08	0.38	4.76
12403	0	0	-0.08	0.38	4.76
12411	0	0	-0.08	0.38	4.76
12420	0	0	-0.08	0.38	4.76
12429	0	0	-0.08	0.38	4.76
12439	0	0	-0.08	0.38	4.76
12447	0	0	-0.08	0.38	4.76
12459	0	0	-0.08	0.38	4.76
12467	0	0	-0.08	0.38	4.76
12477	0	0	-0.08	0.38	4.76
12485	0	0	-0.08	0.38	4.76
12495	0	0	-0.08	0.38	4.76
12504	0	0	-0.08	0.38	4.76
12513	0	0	-0.08	0.38	4.76
12522	0	0	-0.08	0.38	4.76
12531	0	0	-0.08	0.38	4.76
12540	0	0	-0.08	0.38	4.76
12549	0	0	-0.08	0.38	4.76
12558	0	0	-0.08	0.38	4.76
12567	0	0	-0.08	0.38	4.76
12576	0	0	-0.08	0.38	4.76
12585	0	0	-0.08	0.38	4.76
12594	0	0	-0.08	0.38	4.76
12603	0	0	-0.08	0.38	4.76
12612	0	0	-0.08	0.38	4.76
12625	0	0	-0.08	0.38	4.76
12635	0	0	-0.08	0.38	4.76
12644	0	0	-0.08	0.38	4.76
12654	0	0	-0.08	0.38	4.76
12665	0	0	-0.08	0.38	4.76
12677	0	0	-0.08	0.38	4.76
12688	0	0	-0.08	0.38	4.76
12699	0	0	-0.08	0.38	4.76
12710	0	0	-0.08	0.38	4.76
12721	0	0	-0.08	0.38	4.76
12732	0	0	-0.08	0.38	4.76
12741	0	0	-0.08	0.38	4.76
12752	0	0	-0.08	0.38	4.76
12763	0	0	-0.08	0.38	4.76
12772	0	0	-0.08	0.38	4.76
12781	0	0	-0.08	0.38	4.76
12790	0	0	-0.08	0.38	4.76
12801	0	0	-0.08	0.38	4.76
12812	0	0	-0.08	0.38	4.76
12821	0	0	-0.08	0.38	4.76
12832	0	0	-0.08	0.38	4.76
12841	0	0	-0.08	0.38	4.76
12850	0	0	-0.08	0.38	4.76
12862	0	0	-0.08	0.38	4.76
12872	0	0	-0.08	0.38	4.76
12884	0	0	-0.08	0.38	4.76
12894	0	0	-0.08	0.38	4.76
12905	0	0	-0.08	0.38	4.76
12914	0	0	-0.08	0.38	4.76
12923	0	0	-0.08	0.38	4.76
12934	0	0	-0.08	0.38	4.76
12945	0	0	-0.08	0.38	4.76
12954	0	0	-0.08	0.38	4.76
12962	0	0	-0.08	0.38	4.76
12971	0	0	-0.08	0.38	4.76
12982	0	0	-0.08	0.38	4.76
12991	0	0	-0.08	0.38	4.76
13000	0	0	-0.08	0.38	4.76
13008	-75	-0.55	-0.08	-15.76	8.61
13018	-75	-1.04	-0.08	-31.9	8.61
13029	-75	-1.76	-0.32	-48.04	8.61
13038	-75	-2.57	-0.65	-64.18	8.61
13047	-75	-3.54	-1.13	-80.33	8.61
13057	-75	-4.67	-1.78	-96.47	8.61
13068	-75	-6.12	-2.75	-112.61	8.61
13079	-75	-7.5	-3.63	-128.75	8.61
13091	-75	-9.19	-4.84	-144.89	8.61
13102	-75	-11.37	-6.54	-161.04	8.61
13115	-75	-13.07	-7.75	-177.18	8.61
13127	-75	-15.63	-10.01	-187.2	8.61
13138	-75	-17.08	-11.47	-187.2	8.61
13147	-75	-19.02	-13.4	-187.2	8.61
13157	-75	-20.63	-15.02	-187.2	8.61
13167	-75	-22.49	-16.88	-187.2	8.61
13176	-75	-24.35	-18.73	-187.2	8.61
13185	-75	-26.29	-20.67	-187.2	8.61
13195	-75	-28.22	-22.61	-187.2	8.61
13204	-75	-30.24	-24.63	-187.2	8.61
13214	-75	-32.18	-26.56	-187.2	8.61
13223	-75	-34.28	-28.66	-187.2	8.61
13232	-75	-36.3	-30.68	-187.2	8.61
13242	-75	-38.4	-32.78	-187.2	8.61
13251	-75	-40.42	-34.8	-187.2	8.61
13261	-75	-42.52	-36.9	-187.2	8.61
13274	-75	-44.53	-38.92	-187.2	8.61
13283	-75	-47.36	-41.74	-187.2	8.6
13293	-75	-49.22	-43.6	-187.2	8.6
13302	-75	-51.07	-45.46	-187.2	8.6
13312	-75	-53.09	-47.48	-187.2	8.6
13321	-75	-55.11	-49.5	-187.2	8.6
13330	-75	-57.13	-51.51	-187.2	8.6
13340	-75	-59.13	-53.61	-183.8	8.59
13349	-75	-60.66	-55.63	-167.66	8.59
13359	-75	-62.28	-57.73	-151.51	8.59
13368	-75	-63.81	-59.75	-135.37	8.58
13377	-75	-65.18	-61.61	-119.23	8.58
13386	-75	-66.56	-63.46	-103.09	8.57
13396	-75	-67.85	-65.24	-86.95	8.56
13405	-75	-69.14	-67.02	-70.8	8.55
13415	-75	-70.2	-68.55	-55	8.53
13424	-75	-71.28	-70	-42.47	8.5
13433	-75	-72.24	-71.3	-31.33	8.46
13443	-75	-73.07	-72.43	-21.59	8.39
13452	-75	-73.85	-73.48	-12.55	8.24
13462	-75	-74.45	-74.28	-5.62	7.84
13471	-75	-75	-75.01	0.02	1.73
13480	-75	-75	-75.58	4.42	7.68
13490	-75	-75	-75.9	7.18	7.99
13499	-75	-75	-75.98	7.87	8.04
13508	-75	-75	-75.82	6.48	7.93
13518	-75	-75	-75.58	4.42	7.68
13527	-75	-75	-75.33	2.37	7.12
13539	-75	-75	-75.17	1.06	6.16
13548	-75	-75	-75.17	1.06	6.16
13558	-75	-75	-75.17	1.06	6.16
13569	-75	-75	-75.17	1.06	6.16
13580	-75	-75	-75.17	1.06	6.16
13590	-75	-75	-75.17	1.06	6.16
13601	-75	-75	-75.17	1.06	6.16
13611	-75	-75	-75.09	0.45	4.99
13622	-75	-75	-75.17	1.06	6.16
13633	-75	-75	-75.17	1.06	6.16
13645	-75	-75	-75.17	1.06	6.16
13654	-75	-75	-75.17	1.06	6.16
13666	-75	-75	-75.17	1.06	6.16
13677	-75	-75	-75.17	1.06	6.16
13690	-75	-75	-75.09	0.45	4.99
13702	-75	-75	-75.17	1.06	6.16
13713	-75	-75	-75.17	1.06	6.16
13725	-75	-75	-75.17	1.06	6.16
13736	-75	-75	-75.17	1.06	6.16
13745	-75	-75	-75.17	1.06	6.16
13757	-75	-75	-75.17	1.06	6.16
13768	-75	-75	-75.17	1.06	6.16
13778	-75	-75	-75.17	1.06	6.16
13787	-75	-75	-75.17	1.06	6.16
13796	-75	-75	-75.17	1.06	6.16
13805	-75	-75	-75.17	1.06	6.16
13817	-75	-75	-75.17	1.06	6.16
13826	-75	-75	-75.17	1.06	6.16
13837	-75	-75	-75.17	1.06	6.16
13849	-75	-75	-75.17	1.06	6.16
13858	-75	-75	-75.17	1.06	6.16
13869	-75	-75	-75.17	1.06	6.16
13879	-75	-75	-75.17	1.06	6.16
13888	-75	-75	-75.17	1.06	6.16
13897	-75	-75	-75.17	1.06	6.16
13907	-75	-75	-75.17	1.06	6.16
13918	-75	-75	-75.17	1.06	6.16
13927	-75	-75	-75.17	1.06	6.16
13936	-75	-75	-75.17	1.06	6.16
13945	-75	-75	-75.17	1.06	6.16
13955	-75	-75	-75.17	1.06	6.16
13964	-75	-75	-75.17	1.06	6.16
13973	-75	-75	-75.17	1.06	6.16
13982	-75	-75	-75.17	1.06	6.16
13991	-75	-75	-75.17	1.06	6.16
14001	-75	-75	-75.17	1.06	6.16
14010	-75	-75	-75.17	1.06	6.16
14019	-75	-75	-75.17	1.06	6.16
14028	-75	-75	-75.17	1.06	6.16
14037	-75	-75	-75.17	1.06	6.16
14047	-75	-75	-75.17	1.06	6.16
14058	-75	-75	-75.17	1.06	6.16
14069	-75	-75	-75.17	1.06	6.16
14079	-75	-75	-75.17	1.06	6.16
14090	-75	-75	-75.17	1.06	6.16
14100	-75	-75	-75.17	1.06	6.16
14111	-75	-75	-75.17	1.06	6.16
14122	-75	-75	-75.17	1.06	6.16
14134	-75	-75	-75.17	1.06	6.16
14143	-75	-75	-75.17	1.06	6.16
14154	-75	-75	-75.17	1.06	6.16
14164	-75	-75	-75.17	1.06	6.16
14177	-75	-75	-75.17	1.06	6.16
14188	-75	-75	-75.17	1.06	6.16
14199	-75	-75	-75.17	1.06	6.16
14213	-75	-75	-75.17	1.06	6.16
14224	-75	-75	-75.17	1.06	6.16
14235	-75	-75	-75.17	1.06	6.16
14244	-75	-75	-75.17	1.06	6.16
14255	-75	-75	-75.17	1.06	6.16
14267	-75	-75	-75.17	1.06	6.16
14276	-75	-75	-75.17	1.06	6.16
14285	-75	-75	-75.17	1.06	6.16
14294	-75	-75	-75.17	1.06	6.16
14305	-75	-75	-75.17	1.06	6.16
14317	-75	-75	-75.17	1.06	6.16
14326	-75	-75	-75.17	1.06	6.16
14335	-75	-75	-75.17	1.06	6.16
14345	-75	-75	-75.17	1.06	6.16
14354	-75	-75	-75.17	1.06	6.16
14363	-75	-75	-75.17	1.06	6.16
14372	-75	-75	-75.17	1.06	6.16
14382	-75	-75	-75.17	1.06	6.16
14393	-75	-75	-75.17	1.06	6.16
14402	-75	-75	-75.17	1.06	6.16
14413	-75	-75	-75.17	1.06	6.16
14423	-75	-75	-75.17	1.06	6.16
14432	-75	-75	-75.17	1.06	6.16
14441	-75	-75	-75.17	1.06	6.16
14450	-75	-75	-75.17	1.06	6.16
14459	-75	-75	-75.17	1.06	6.16
14471	-75	-75	-75.17	1.06	6.16
14482	-75	-75	-75.17	1.06	6.16
14493	-75	-75	-75.17	1.06	6.16
14505	-75	-75	-75.17	1.06	6.16
14514	-75	-75	-75.17	1.06	6.16
14523	-75	-75	-75.17	1.06	6.16
14537	-75	-75	-75.17	1.06	6.16
14548	-75	-75	-75.17	1.06	6.16
14559	-75	-75	-75.17	1.06	6.16
14570	-75	-75	-75.17	1.06	6.16
14581	-75	-75	-75.17	1.06	6.16
14593	-75	-75	-75.17	1.06	6.16
14606	-75	-75	-75.17	1.06	6.16
14617	-75	-75	-75.17	1.06	6.16
14626	-75	-75	-75.17	1.06	6.16
14637	-75	-75	-75.17	1.06	6.16
14647	-75	-75	-75.17	1.06	6.16
14656	-75	-75	-75.17	1.06	6.16
14665	-75	-75	-75.17	1.06	6.16
14675	-75	-75	-75.17	1.06	6.16
14686	-75	-75	-75.17	1.06	6.16
14696	-75	-75	-75.17	1.06	6.16
14707	-75	-75	-75.17	1.06	6.16
14718	-75	-75	-75.17	1.06	6.16
14729	-75	-75	-75.17	1.06	6.16
14739	-75	-75	-75.17	1.06	6.16
14748	-75	-75	-75.17	1.06	6.16
14757	-75	-75	-75.17	1.06	6.16
14767	-75	-75	-75.17	1.06	6.16
14776	-75	-75	-75.17	1.06	6.16
14785	-75	-75	-75.17	1.06	6.16
14796	-75	-75	-75.17	1.06	6.16
14806	-75	-75	-75.17	1.06	6.16
14815	-75	-75	-75.17	1.06	6.16
14824	-75	-75	-75.17	1.06	6.16
14833	-75	-75	-75.17	1.06	6.16
14845	-75	-75	-75.17	1.06	6.16
14854	-75	-75	-75.17	1.06	6.16
14863	-75	-75	-75.17	1.06	6.16
14872	-75	-75	-75.17	1.06	6.16
14882	-75	-75	-75.17	1.06	6.16
14891	-75	-75	-75.17	1.06	6.16
14900	-75	-75	-75.17	1.06	6.16
14909	-75	-75	-75.17	1.06	6.16
14918	-75	-75	-75.17	1.06	6.16
14928	-75	-75	-75.17	1.06	6.16
14937	-75	-75	-75.17	1.06	6.16
14946	-75	-75	-75.17	1.06	6.16
14955	-75	-75	-75.17	1.06	6.16
14964	-75	-75	-75.17	1.06	6.16
14974	-75	-75	-75.17	1.06	6.16
14983	-75	-75	-75.17	1.06	6.16
14992	-75	-75	-75.17	1.06	6.16
15005	0	-74.66	-75.17	17.2	8.61
15016	0	-74.09	-75.09	33.34	8.61
15028	0	-73.53	-75.01	49.48	8.61
15037	0	-72.72	-74.69	65.62	8.61
15048	0	-71.75	-74.2	81.77	8.61
15059	0	-70.54	-73.48	97.91	8.61
15071	0	-69.17	-72.59	114.05	8.61
15086	0	-67.63	-71.54	130.19	8.61
15098	0	-65.61	-70	146.34	8.61
15107	0	-64	-68.87	162.48	8.61
15117	0	-62.3	-67.66	178.62	8.61
15128	0	-60.75	-66.37	187.2	8.61
15139	0	-58.98	-64.59	187.2	8.61
15151	0	-57.04	-62.66	187.2	8.61
15162	0	-54.62	-60.23	187.2	8.61
15172	0	-53	-58.62	187.2	8.61
15183	0	-50.82	-56.44	187.2	8.61
15194	0	-49.13	-54.74	187.2	8.61
15204	0	-46.87	-52.48	187.2	8.61
15215	0	-45.09	-50.71	187.2	8.61
15226	0	-42.35	-47.96	187.2	8.61
15237	0	-40.25	-45.86	187.2	8.61
15249	0	-38.07	-43.68	187.2	8.61
15260	0	-36.21	-41.82	187.2	8.61
15269	0	-34.11	-39.73	187.2	8.61
15280	0	-31.85	-37.46	187.2	8.61
15294	0	-29.51	-35.12	187.2	8.61
15303	0	-27.41	-33.02	187.2	8.6
15312	0	-25.47	-31.09	187.2	8.6
15324	0	-23.13	-28.74	187.2	8.6
15333	0	-21.35	-26.97	187.2	8.6
15342	0	-19.5	-25.11	187.2	8.6
15352	0	-17.56	-23.17	187.2	8.6
15361	0	-15.76	-21.24	182.49	8.59
15370	0	-14.31	-19.3	166.35	8.59
15381	0	-12.85	-17.36	150.21	8.59
15391	0	-11	-15.02	134.07	8.58
15400	0	-9.7	-13.24	117.92	8.58
15409	0	-8.33	-11.38	101.78	8.57
15421	0	-7.2	-9.77	85.64	8.56
15432	0	-5.83	-7.91	69.5	8.55
15441	0	-4.69	-6.3	53.69	8.53
15453	0	-3.79	-5.09	43.25	8.5
15464	0	-2.83	-3.79	32.12	8.46
15474	0	-2.11	-2.83	23.76	8.41
15483	0	-1.57	-2.1	17.5	8.34
15494	0	-1.15	-1.53	12.64	8.24
15505	0	-0.68	-0.89	7.09	7.98
15516	0	-0.5	-0.65	5.02	7.77
15528	0	-0.38	-0.48	3.64	7.52
15537	0	-0.25	-0.32	2.29	7.08
15546	0	-0.31	-0.4	2.96	7.34
15556	0	-0.31	-0.4	2.96	7.34
15565	0	-0.31	-0.4	2.96	7.34
15574	0	-0.31	-0.4	2.96	7.34
15583	0	-0.31	-0.4	2.96	7.34
15592	0	-0.31	-0.4	2.96	7.34
15602	0	-0.31	-0.4	2.96	7.34
15611	0	-0.31	-0.4	2.96	7.34
15620	0	-0.31	-0.4	2.96	7.34
15629	0	-0.31	-0.4	2.96	7.34
15638	0	-0.31	-0.4	2.96	7.34
15648	0	-0.31	-0.4	2.96	7.34
15657	0	-0.31	-0.4	2.96	7.34
15666	0	-0.31	-0.4	2.96	7.34
15675	0	-0.31	-0.4	2.96	7.34
15685	0	-0.31	-0.4	2.96	7.34
15694	0	-0.31	-0.4	2.96	7.34
15703	0	-0.31	-0.4	2.96	7.34
15712	0	-0.31	-0.4	2.96	7.34
15721	0	-0.31	-0.4	2.96	7.34
15731	0	-0.31	-0.4	2.96	7.34
15740	0	-0.31	-0.4	2.96	7.34
15749	0	-0.31	-0.4	2.96	7.34
15758	0	-0.31	-0.4	2.96	7.34
15767	0	-0.31	-0.4	2.96	7.34
15777	0	-0.31	-0.4	2.96	7.34
15786	0	-0.31	-0.4	2.96	7.34
15795	0	-0.31	-0.4	2.96	7.34
15804	0	-0.31	-0.4	2.96	7.34
15813	0	-0.31	-0.4	2.96	7.34
15823	0	-0.31	-0.4	2.96	7.34
15832	0	-0.31	-0.4	2.96	7.34
15841	0	-0.31	-0.4	2.96	7.34
15850	0	-0.31	-0.4	2.96	7.34
15859	0	-0.31	-0.4	2.96	7.34
15869	0	-0.31	-0.4	2.96	7.34
15878	0	-0.31	-0.4	2.96	7.34
15887	0	-0.31	-0.4	2.96	7.34
15896	0	-0.31	-0.4	2.96	7.34
15906	0	-0.31	-0.4	2.96	7.34
15915	0	-0.31	-0.4	2.96	7.34
15924	0	-0.31	-0.4	2.96	7.34
15933	0	-0.31	-0.4	2.96	7.34
15942	0	-0.31	-0.4	2.96	7.34
15952	0	-0.31	-0.4	2.96	7.34
15961	0	-0.31	-0.4	2.96	7.34
15970	0	-0.31	-0.4	2.96	7.34
15979	0	-0.31	-0.4	2.96	7.34
15990	0	-0.31	-0.4	2.96	7.34
16001	0	-0.31	-0.4	2.96	7.34
16013	0	-0.31	-0.4	2.96	7.34
16024	0	-0.31	-0.4	2.96	7.34
16037	0	-0.31	-0.4	2.96	7.34
16046	0	-0.31	-0.4	2.96	7.34
16060	0	-0.31	-0.4	2.96	7.34
16069	0	-0.31	-0.4	2.96	7.34
16082	0	-0.31	-0.4	2.96	7.34
16094	0	-0.31	-0.4	2.96	7.34
16103	0	-0.31	-0.4	2.96	7.34
16114	0	-0.31	-0.4	2.96	7.34
16125	0	-0.31	-0.4	2.96	7.34
16137	0	-0.31	-0.4	2.96	7.34
16148	0	-0.31	-0.4	2.96	7.34
16157	0	-0.31	-0.4	2.96	7.34
16166	0	-0.31	-0.4	2.96	7.34
16176	0	-0.31	-0.4	2.96	7.34
16185	0	-0.31	-0.4	2.96	7.34
16194	0	-0.31	-0.4	2.96	7.34
16203	0	-0.31	-0.4	2.96	7.34
16212	0	-0.31	-0.4	2.96	7.34
16222	0	-0.31	-0.4	2.96	7.34
16231	0	-0.31	-0.4	2.96	7.34
16240	0	-0.31	-0.4	2.96	7.34
16249	0	-0.31	-0.4	2.96	7.34
16258	0	-0.31	-0.4	2.96	7.34
16268	0	-0.31	-0.4	2.96	7.34
16277	0	-0.31	-0.4	2.96	7.34
16286	0	-0.31	-0.4	2.96	7.34
16295	0	-0.31	-0.4	2.96	7.34
16304	0	-0.31	-0.4	2.96	7.34
16314	0	-0.31	-0.4	2.96	7.34
16323	0	-0.31	-0.4	2.96	7.34
16334	0	-0.31	-0.4	2.96	7.34
16343	0	-0.31	-0.4	2.96	7.34
16352	0	-0.31	-0.4	2.96	7.34
16362	0	-0.31	-0.4	2.96	7.34
16371	0	-0.31	-0.4	2.96	7.34
16380	0	-0.31	-0.4	2.96	7.34
16389	0	-0.31	-0.4	2.96	7.34
16399	0	-0.31	-0.4	2.96	7.34
16410	0	-0.31	-0.4	2.96	7.34
16419	0	-0.31	-0.4	2.96	7.34
16428	0	-0.31	-0.4	2.96	7.34
16437	0	-0.31	-0.4	2.96	7.34
16447	0	-0.31	-0.4	2.96	7.34
16456	0	-0.31	-0.4	2.96	7.34
16465	0	-0.31	-0.4	2.96	7.34
16474	0	-0.31	-0.4	2.96	7.34
16483	0	-0.31	-0.4	2.96	7.34
16493	0	-0.31	-0.4	2.96	7.34
16502	0	-0.31	-0.4	2.96	7.34
16511	0	-0.31	-0.4	2.96	7.34
16520	0	-0.31	-0.4	2.96	7.34
16529	0	-0.31	-0.4	2.96	7.34
16539	0	-0.31	-0.4	2.96	7.34
16548	0	-0.31	-0.4	2.96	7.34
16557	0	-0.31	-0.4	2.96	7.34
16566	0	-0.31	-0.4	2.96	7.34
16575	0	-0.31	-0.4	2.96	7.34
16585	0	-0.31	-0.4	2.96	7.34
16594	0	-0.31	-0.4	2.96	7.34
16603	0	-0.31	-0.4	2.96	7.34
16612	0	-0.31	-0.4	2.96	7.34
16621	0	-0.31	-0.4	2.96	7.34
16631	0	-0.31	-0.4	2.96	7.34
16640	0	-0.31	-0.4	2.96	7.34
16649	0	-0.31	-0.4	2.96	7.34
16658	0	-0.31	-0.4	2.96	7.34
16667	0	-0.31	-0.4	2.96	7.34
16677	0	-0.31	-0.4	2.96	7.34
16686	0	-0.31	-0.4	2.96	7.34
16695	0	-0.31	-0.4	2.96	7.34
16704	0	-0.31	-0.4	2.96	7.34
16713	0	-0.31	-0.4	2.96	7.34
16723	0	-0.31	-0.4	2.96	7.34
16732	0	-0.31	-0.4	2.96	7.34
16741	0	-0.31	-0.4	2.96	7.34
16750	0	-0.31	-0.4	2.96	7.34
16759	0	-0.31	-0.4	2.96	7.34
16769	0	-0.31	-0.4	2.96	7.34
16778	0	-0.31	-0.4	2.96	7.34
16787	0	-0.31	-0.4	2.96	7.34
16796	0	-0.31	-0.4	2.96	7.34
16806	0	-0.31	-0.4	2.96	7.34
16815	0	-0.31	-0.4	2.96	7.34
16824	0	-0.31	-0.4	2.96	7.34
16833	0	-0.31	-0.4	2.96	7.34
16842	0	-0.31	-0.4	2.96	7.34
16852	0	-0.31	-0.4	2.96	7.34
16861	0	-0.31	-0.4	2.96	7.34
16870	0	-0.31	-0.4	2.96	7.34
16879	0	-0.31	-0.4	2.96	7.34
16889	0	-0.31	-0.4	2.96	7.34
16902	0	-0.31	-0.4	2.96	7.34
16913	0	-0.31	-0.4	2.96	7.34
16926	0	-0.31	-0.4	2.96	7.34
16935	0	-0.31	-0.4	2.96	7.34
16947	0	-0.31	-0.4	2.96	7.34
16958	0	-0.31	-0.4	2.96	7.34
16969	0	-0.31	-0.4	2.96	7.34
16978	0	-0.31	-0.4	2.96	7.34
16987	0	-0.31	-0.4	2.96	7.34
16999	0	-0.25	-0.32	2.29	7.08
