0	0	0	0	0	-0.12
13	0	0	0	0	-0.12
26	0	0	0	0	-0.12
39	0	0	0	0	-0.12
52	0	0	0	0	-0.12
65	0	0	0	0	-0.12
78	0	0	0	0	-0.12
91	0	0	0	0	-0.12
104	0	0	0	0	-0.12
117	0	0	0	0	-0.12
130	0	0	0	0	-0.12
143	0	0	0	0	-0.12
156	0	0	0	0	-0.12
169	0	0	0	0	-0.12
182	0	0	0	0	-0.12
195	0	0	0	0	-0.12
208	0	0	0	0	-0.12
221	0	0	0	0	-0.12
234	0	0	0	0	-0.12
247	0	0	0	0	-0.12
260	0	0	0	0	-0.12
273	0	0	0	0	-0.12
286	0	0	0	0	-0.12
299	0	0	0	0	-0.12
312	0	0	0	0	-0.12
325	0	0	0	0	-0.12
338	0	0	0	0	-0.12
351	0	0	0	0	-0.12
364	0	0	0	0	-0.12
377	0	0	0	0	-0.12
390	0	0	0	0	-0.12
403	0	0	0	0	-0.12
416	0	0	0	0	-0.12
429	0	0	0	0	-0.12
442	0	0	0	0	-0.12
455	0	0	0	0	-0.12
468	0	0	0	0	-0.12
481	0	0	0	0	-0.12
494	0	0	0	0	-0.12
507	0	0	0	0	-0.12
520	0	0	0	0	-0.12
533	0	0	0	0	-0.12
546	0	0	0	0	-0.12
559	0	0	0	0	-0.12
572	0	0	0	0	-0.12
585	0	0	0	0	-0.12
598	0	0	0	0	-0.12
611	0	0	0	0	-0.12
624	0	0	0	0	-0.12
637	0	0	0	0	-0.12
650	0	0	0	0	-0.12
663	0	0	0	0	-0.12
676	0	0	0	0	-0.12
689	0	0	0	0	-0.12
702	0	0	0	0	-0.12
715	0	0	0	0	-0.12
728	0	0	0	0	-0.12
741	0	0	0	0	-0.12
754	0	0	0	0	-0.12
767	0	0	0	0	-0.12
780	0	0	0	0	-0.12
793	0	0	0	0	-0.12
806	0	0	0	0	-0.12
819	0	0	0	0	-0.12
832	0	0	0	0	-0.12
845	0	0	0	0	-0.12
858	0	0	0	0	-0.12
871	0	0	0	0	-0.12
884	0	0	0	0	-0.12
897	0	0	0	0	-0.12
910	0	0	0	0	-0.12
923	0	0	0	0	-0.12
936	0	0	0	0	-0.12
949	0	0	0	0	-0.12
962	0	0	0	0	-0.12
975	0	0	0	0	-0.12
988	0	0	0	0	-0.12
1001	0	0	0	0	-0.12
1014	0	0	0	0	-0.12
1027	0	0	0	0	-0.12
1040	0	0	0	0	-0.12
1053	0	0	0	0	-0.12
1066	0	0	0	0	-0.12
1079	0	0	0	0	-0.12
1092	0	0	0	0	-0.12
1105	0	0	0	0	-0.12
1118	0	0	0	0	-0.12
1131	0	0	0	0	-0.12
1144	0	0	0	0	-0.12
1157	0	0	0	0	-0.12
1170	0	0	0	0	-0.12
1183	0	0	0	0	-0.12
1196	0	0	0	0	-0.12
1209	0	0	0	0	-0.12
1222	0	0	0	0	-0.12
1235	0	0	0	0	-0.12
1248	0	0	0	0	-0.12
1261	0	0	0	0	-0.12
1274	0	0	0	0	-0.12
1287	0	0	0	0	-0.12
1300	0	0	0	0	-0.12
1313	0	0	0	0	-0.12
1326	0	0	0	0	-0.12
1339	0	0	0	0	-0.12
1352	0	0	0	0	-0.12
1365	0	0	0	0	-0.12
1378	0	0	0	0	-0.12
1391	0	0	0	0	-0.12
1404	0	0	0	0	-0.12
1417	0	0	0	0	-0.12
1430	0	0	0	0	-0.12
1443	0	0	0	0	-0.12
1456	0	0	0	0	-0.12
1469	0	0	0	0	-0.12
1482	0	0	0	0	-0.12
1495	0	0	0	0	-0.12
1508	0	0	0	0	-0.12
1521	0	0	0	0	-0.12
1534	0	0	0	0	-0.12
1547	0	0	0	0	-0.12
1560	0	0	0	0	-0.12
1573	0	0	0	0	-0.12
1586	0	0	0	0	-0.12
1599	0	0	0	0	-0.12
1612	0	0	0	0	-0.12
1625	0	0	0	0	-0.12
1638	0	0	0	0	-0.12
1651	0	0	0	0	-0.12
1664	0	0	0	0	-0.12
1677	0	0	0	0	-0.12
1690	0	0	0	0	-0.12
1703	0	0	0	0	-0.12
1716	0	0	0	0	-0.12
1729	0	0	0	0	-0.12
1742	0	0	0	0	-0.12
1755	0	0	0	0	-0.12
1768	0	0	0	0	-0.12
1781	0	0	0	0	-0.12
1794	0	0	0	0	-0.12
1807	0	0	0	0	-0.12
1820	0	0	0	0	-0.12
1833	0	0	0	0	-0.12
1846	0	0	0	0	-0.12
1859	0	0	0	0	-0.12
1872	0	0	0	0	-0.12
1885	0	0	0	0	-0.12
1898	0	0	0	0	-0.12
1911	0	0	0	0	-0.12
1924	0	0	0	0	-0.12
1937	0	0	0	0	-0.12
1950	0	0	0	0	-0.12
1963	0	0	0	0	-0.12
1976	0	0	0	0	-0.12
1989	0	0	0	0	-0.12
2002	0	0	0	0	-0.12
2015	0	0	0	0	-0.12
2028	0	0	0	0	-0.12
2041	0	0	0	0	-0.12
2054	0	0	0	0	-0.12
2067	0	0	0	0	-0.12
2080	0	0	0	0	-0.12
2093	0	0	0	0	-0.12
2106	0	0	0	0	-0.12
2119	0	0	0	0	-0.12
2132	0	0	0	0	-0.12
2145	0	0	0	0	-0.12
2158	0	0	0	0	-0.12
2171	0	0	0	0	-0.12
2184	0	0	0	0	-0.12
2197	0	0	0	0	-0.12
2210	0	0	0	0	-0.12
2223	0	0	0	0	-0.12
2236	0	0	0	0	-0.12
2249	0	0	0	0	-0.12
2262	0	0	0	0	-0.12
2275	0	0	0	0	-0.12
2288	0	0	0	0	-0.12
2301	0	0	0	0	-0.12
2314	0	0	0	0	-0.12
2327	0	0	0	0	-0.12
2340	0	0	0	0	-0.12
2353	0	0	0	0	-0.12
2366	0	0	0	0	-0.12
2379	0	0	0	0	-0.12
2392	0	0	0	0	-0.12
2405	0	0	0	0	-0.12
2418	0	0	0	0	-0.12
2431	0	0	0	0	-0.12
2444	0	0	0	0	-0.12
2457	0	0	0	0	-0.12
2470	0	0	0	0	-0.12
2483	0	0	0	0	-0.12
2496	0	0	0	0	-0.12
2509	0	0	0	0	-0.12
2522	0	0	0	0	-0.12
2535	0	0	0	0	-0.12
2548	0	0	0	0	-0.12
2561	0	0	0	0	-0.12
2574	0	0	0	0	-0.12
2587	0	0	0	0	-0.12
2600	0	0	0	0	-0.12
2613	0	0	0	0	-0.12
2626	0	0	0	0	-0.12
2639	0	0	0	0	-0.12
2652	0	0	0	0	-0.12
2665	0	0	0	0	-0.12
2678	0	0	0	0	-0.12
2691	0	0	0	0	-0.12
2704	0	0	0	0	-0.12
2717	0	0	0	0	-0.12
2730	0	0	0	0	-0.12
2743	0	0	0	0	-0.12
2756	0	0	0	0	-0.12
2769	0	0	0	0	-0.12
2782	0	0	0	0	-0.12
2795	0	0	0	0	-0.12
2808	0	0	0	0	-0.12
2821	0	0	0	0	-0.12
2834	0	0	0	0	-0.12
2847	0	0	0	0	-0.12
2860	0	0	0	0	-0.12
2873	0	0	0	0	-0.12
2886	0	0	0	0	-0.12
2899	0	0	0	0	-0.12
2912	0	0	0	0	-0.12
2925	0	0	0	0	-0.12
2938	0	0	0	0	-0.12
2951	0	0	0	0	-0.12
2964	0	0	0	0	-0.12
2977	0	0	0	0	-0.12
2990	0	0	0	0	-0.12
3003	0	0	0	0	-0.12
3016	0	0	0	0	-0.12
3029	0	0	0	0	-0.12
3042	0	0	0	0	-0.12
3055	0	0	0	0	-0.12
3068	0	0	0	0	-0.12
3081	0	0	0	0	-0.12
3094	0	0	0	0	-0.12
3107	0	0	0	0	-0.12
3120	0	0	0	0	-0.12
3133	0	0	0	0	-0.12
3146	0	0	0	0	-0.12
3159	0	0	0	0	-0.12
3172	0	0	0	0	-0.12
3185	0	0	0	0	-0.12
3198	0	0	0	0	-0.12
3211	0	0	0	0	-0.12
3224	0	0	0	0	-0.12
3237	0	0	0	0	-0.12
3250	0	0	0	0	-0.12
3263	0	0	0	0	-0.12
3276	0	0	0	0	-0.12
3289	0	0	0	0	-0.12
3302	0	0	0	0	-0.12
3315	0	0	0	0	-0.12
3328	0	0	0	0	-0.12
3341	0	0	0	0	-0.12
3354	0	0	0	0	-0.12
3367	0	0	0	0	-0.12
3380	0	0	0	0	-0.12
3393	0	0	0	0	-0.12
3406	0	0	0	0	-0.12
3419	0	0	0	0	-0.12
3432	0	0	0	0	-0.12
3445	0	0	0	0	-0.12
3458	0	0	0	0	-0.12
3471	0	0	0	0	-0.12
3484	0	0	0	0	-0.12
3497	0	0	0	0	-0.12
3510	0	0	0	0	-0.12
3523	0	0	0	0	-0.12
3536	0	0	0	0	-0.12
3549	0	0	0	0	-0.12
3562	0	0	0	0	-0.12
3575	0	0	0	0	-0.12
3588	0	0	0	0	-0.12
3601	0	0	0	0	-0.12
3614	0	0	0	0	-0.12
3627	0	0	0	0	-0.12
3640	0	0	0	0	-0.12
3653	0	0	0	0	-0.12
3666	0	0	0	0	-0.12
3679	0	0	0	0	-0.12
3692	0	0	0	0	-0.12
3705	0	0	0	0	-0.12
3718	0	0	0	0	-0.12
3731	0	0	0	0	-0.12
3744	0	0	0	0	-0.12
3757	0	0	0	0	-0.12
3770	0	0	0	0	-0.12
3783	0	0	0	0	-0.12
3796	0	0	0	0	-0.12
3809	0	0	0	0	-0.12
3822	0	0	0	0	-0.12
3835	0	0	0	0	-0.12
3848	0	0	0	0	-0.12
3861	0	0	0	0	-0.12
3874	0	0	0	0	-0.12
3887	0	0	0	0	-0.12
3900	0	0	0	0	-0.12
3913	0	0	0	0	-0.12
3926	0	0	0	0	-0.12
3939	0	0	0	0	-0.12
3952	0	0	0	0	-0.12
3965	0	0	0	0	-0.12
3978	0	0	0	0	-0.12
3991	0	0	0	0	-0.12
4004	0	0	0	0	-0.12
4017	0	0	0	0	-0.12
4030	0	0	0	0	-0.12
4043	0	0	0	0	-0.12
4056	0	0	0	0	-0.12
4069	0	0	0	0	-0.12
4082	0	0	0	0	-0.12
4095	0	0	0	0	-0.12
4108	0	0	0	0	-0.12
4121	0	0	0	0	-0.12
4134	0	0	0	0	-0.12
4147	0	0	0	0	-0.12
4160	0	0	0	0	-0.12
4173	0	0	0	0	-0.12
4186	0	0	0	0	-0.12
4199	0	0	0	0	-0.12
4212	0	0	0	0	-0.12
4225	0	0	0	0	-0.12
4238	0	0	0	0	-0.12
4251	0	0	0	0	-0.12
4264	0	0	0	0	-0.12
4277	0	0	0	0	-0.12
4290	0	0	0	0	-0.12
4303	0	0	0	0	-0.12
4316	0	0	0	0	-0.12
4329	0	0	0	0	-0.12
4342	0	0	0	0	-0.12
4355	0	0	0	0	-0.12
4368	0	0	0	0	-0.12
4381	0	0	0	0	-0.12
4394	0	0	0	0	-0.12
4407	0	0	0	0	-0.12
4420	0	0	0	0	-0.12
4433	0	0	0	0	-0.12
4446	0	0	0	0	-0.12
4459	0	0	0	0	-0.12
4472	0	0	0	0	-0.12
4485	0	0	0	0	-0.12
4498	0	0	0	0	-0.12
4511	0	0	0	0	-0.12
4524	0	0	0	0	-0.12
4537	0	0	0	0	-0.12
4550	0	0	0	0	-0.12
4563	0	0	0	0	-0.12
4576	0	0	0	0	-0.12
4589	0	0	0	0	-0.12
4602	0	0	0	0	-0.12
4615	0	0	0	0	-0.12
4628	0	0	0	0	-0.12
4641	0	0	0	0	-0.12
4654	0	0	0	0	-0.12
4667	0	0	0	0	-0.12
4680	0	0	0	0	-0.12
4693	0	0	0	0	-0.12
4706	0	0	0	0	-0.12
4719	0	0	0	0	-0.12
4732	0	0	0	0	-0.12
4745	0	0	0	0	-0.12
4758	0	0	0	0	-0.12
4771	0	0	0	0	-0.12
4784	0	0	0	0	-0.12
4797	0	0	0	0	-0.12
4810	0	0	0	0	-0.12
4823	0	0	0	0	-0.12
4836	0	0	0	0	-0.12
4849	0	0	0	0	-0.12
4862	0	0	0	0	-0.12
4875	0	0	0	0	-0.12
4888	0	0	0	0	-0.12
4901	0	0	0	0	-0.12
4914	0	0	0	0	-0.12
4927	0	0	0	0	-0.12
4940	0	0	0	0	-0.12
4953	0	0	0	0	-0.12
4966	0	0	0	0	-0.12
4979	0	0	0	0	-0.12
4992	0	0	0	0	-0.12
5005	0	0	0	0	-0.12
5018	0	0	0	0	-0.12
5031	0	0	0	0	-0.12
5044	0	0	0	0	-0.12
5057	0	0	0	0	-0.12
5070	0	0	0	0	-0.12
5083	0	0	0	0	-0.12
5096	0	0	0	0	-0.12
5109	0	0	0	0	-0.12
5122	0	0	0	0	-0.12
5135	0	0	0	0	-0.12
5148	0	0	0	0	-0.12
5161	0	0	0	0	-0.12
5174	0	0	0	0	-0.12
5187	0	0	0	0	-0.12
5200	0	0	0	0	-0.12
5213	0	0	0	0	-0.12
5226	0	0	0	0	-0.12
5239	0	0	0	0	-0.12
5252	0	0	0	0	-0.12
5265	0	0	0	0	-0.12
5278	0	0	0	0	-0.12
5291	0	0	0	0	-0.12
5304	0	0	0	0	-0.12
5317	0	0	0	0	-0.12
5330	0	0	0	0	-0.12
5343	0	0	0	0	-0.12
5356	0	0	0	0	-0.12
5369	0	0	0	0	-0.12
5382	0	0	0	0	-0.12
5395	0	0	0	0	-0.12
5408	0	0	0	0	-0.12
5421	0	0	0	0	-0.12
5434	0	0	0	0	-0.12
5447	0	0	0	0	-0.12
5460	0	0	0	0	-0.12
5473	0	0	0	0	-0.12
5486	0	0	0	0	-0.12
5499	0	0	0	0	-0.12
5512	0	0	0	0	-0.12
5525	0	0	0	0	-0.12
5538	0	0	0	0	-0.12
5551	0	0	0	0	-0.12
5564	0	0	0	0	-0.12
5577	0	0	0	0	-0.12
5590	0	0	0	0	-0.12
5603	0	0	0	0	-0.12
5616	0	0	0	0	-0.12
5629	0	0	0	0	-0.12
5642	0	0	0	0	-0.12
5655	0	0	0	0	-0.12
5668	0	0	0	0	-0.12
5681	0	0	0	0	-0.12
5694	0	0	0	0	-0.12
5707	0	0	0	0	-0.12
5720	0	0	0	0	-0.12
5733	0	0	0	0	-0.12
5746	0	0	0	0	-0.12
5759	0	0	0	0	-0.12
5772	0	0	0	0	-0.12
5785	0	0	0	0	-0.12
5798	0	0	0	0	-0.12
5811	0	0	0	0	-0.12
5824	0	0	0	0	-0.12
5837	0	0	0	0	-0.12
5850	0	0	0	0	-0.12
5863	0	0	0	0	-0.12
5876	0	0	0	0	-0.12
5889	0	0	0	0	-0.12
5902	0	0	0	0	-0.12
5915	0	0	0	0	-0.12
5928	0	0	0	0	-0.12
5941	0	0	0	0	-0.12
5954	0	0	0	0	-0.12
5967	0	0	0	0	-0.12
5980	0	0	0	0	-0.12
5993	0	0	0	0	-0.12
6006	0	0	0	0	-0.12
6019	0	0	0	0	-0.12
6032	0	0	0	0	-0.12
6045	0	0	0	0	-0.12
6058	0	0	0	0	-0.12
6071	0	0	0	0	-0.12
6084	0	0	0	0	-0.12
6097	0	0	0	0	-0.12
6110	0	0	0	0	-0.12
6123	0	0	0	0	-0.12
6136	0	0	0	0	-0.12
6149	0	0	0	0	-0.12
6162	0	0	0	0	-0.12
6175	0	0	0	0	-0.12
6188	0	0	0	0	-0.12
6201	0	0	0	0	-0.12
6214	0	0	0	0	-0.12
6227	0	0	0	0	-0.12
6240	0	0	0	0	-0.12
6253	0	0	0	0	-0.12
6266	0	0	0	0	-0.12
6279	0	0	0	0	-0.12
6292	0	0	0	0	-0.12
6305	0	0	0	0	-0.12
6318	0	0	0	0	-0.12
6331	0	0	0	0	-0.12
6344	0	0	0	0	-0.12
6357	0	0	0	0	-0.12
6370	0	0	0	0	-0.12
6383	0	0	0	0	-0.12
6396	0	0	0	0	-0.12
6409	0	0	0	0	-0.12
6422	0	0	0	0	-0.12
6435	0	0	0	0	-0.12
6448	0	0	0	0	-0.12
6461	0	0	0	0	-0.12
6474	0	0	0	0	-0.12
6487	0	0	0	0	-0.12
6500	0	0	0	0	-0.12
6513	0	0	0	0	-0.12
6526	0	0	0	0	-0.12
6539	0	0	0	0	-0.12
6552	0	0	0	0	-0.12
6565	0	0	0	0	-0.12
6578	0	0	0	0	-0.12
6591	0	0	0	0	-0.12
6604	0	0	0	0	-0.12
6617	0	0	0	0	-0.12
6630	0	0	0	0	-0.12
6643	0	0	0	0	-0.12
6656	0	0	0	0	-0.12
6669	0	0	0	0	-0.12
6682	0	0	0	0	-0.12
6695	0	0	0	0	-0.12
6708	0	0	0	0	-0.12
6721	0	0	0	0	-0.12
6734	0	0	0	0	-0.12
6747	0	0	0	0	-0.12
6760	29	0	0	0	-0.12
6773	29	0	0	0	-0.12
6786	29	0.271444082519001	0	16.16	-0.12
6799	29	0.922909880564604	0.49	59.02	-0.12
6812	29	2.00868621064061	1.57	104.41	-0.12
6825	29	3.31161780673181	2.66	150.79	-0.12
6838	29	5.04885993485342	4.83	142.84	-1.59
6851	29	7.16612377850163	6.41	169.64	-1.59
6864	29	9.66340933767644	9.23	193.88	-1.59
6877	29	12.5950054288817	12.38	246.78	-1.59
6891	29	15.9066232356135	14.66	246.78	-1.59
6904	29	18.8382193268187	18.4	246.78	-1.59
6918	29	21.3897937024973	21.82	208.82	-1.59
6933	29	23.9413680781759	24.38	135.72	0.89
6946	29	25.6243213897937	25.46	93.59	0.89
6959	29	27.0901194353963	26.71	69.62	0.89
6972	29	28.0673181324647	27.8	64.63	0.89
6985	29	28.7187839305103	28.39	50.25	0.89
6998	29	29.0445168295331	28.99	23.02	0.89
7011	29	29.0445168295331	29.1	0	0.89
7024	29	28.9902280130293	28.99	-13.77	0.89
7037	29	28.9902280130293	28.94	0	-0.34
7050	29	28.9902280130293	28.99	5.86	-0.34
7063	29	28.9902280130293	28.94	0	-0.34
7076	29	28.9902280130293	28.94	0	-0.34
7089	29	28.9902280130293	28.99	0	-0.34
7102	29	28.9902280130293	29.04	4.65	-0.34
7115	29	28.9902280130293	28.99	0	-0.34
7128	29	28.9902280130293	28.99	0	-0.34
7141	29	28.9902280130293	29.04	-0.39	0.02
7154	29	28.9902280130293	28.99	0	0.02
7167	29	28.9902280130293	28.99	0	0.02
7180	29	28.9902280130293	28.99	0	0.02
7193	29	28.9902280130293	28.99	0	0.02
7206	29	28.9902280130293	28.99	0	0.02
7219	-27.8	28.9902280130293	28.99	0	0.02
7232	-27.8	28.9359391965255	28.99	0	0.02
7245	-27.8	28.5559174809989	28.83	-33.09	0.79
7258	-27.8	27.7958740499457	28.45	-69.62	0.79
7272	-27.8	26.6015200868621	27.25	-108.58	0.79
7285	-27.8	25.1357220412595	25.79	-135.72	0.79
7298	-27.8	23.2356134636265	23.51	-180.98	0.79
7311	-27.8	21.0097719869707	21.06	-169.64	0.79
7324	-27.8	18.4581976112921	19.22	-226.19	0.79
7337	-27.8	15.4723127035831	16.02	-226.19	0.79
7350	-27.8	12.4321389793702	13.52	-246.78	1.33
7363	-27.8	9.33767643865364	9.93	-246.78	1.33
7376	-27.8	6.18892508143322	6.41	-226.19	1.33
7389	-27.8	3.14875135722041	4.23	-246.78	1.33
7402	-27.8	-0.0542888165038002	0.6	-246.78	1.33
7415	-27.8	-3.25732899022801	-2.93	-246.78	1.33
7428	-27.8	-6.29750271444082	-5.21	-226.19	1.33
7441	-27.8	-9.44625407166124	-8.74	-246.78	1.33
7454	-27.8	-12.5407166123779	-11.29	-246.78	1.25
7467	-27.8	-15.6894679695983	-14.93	-226.19	1.25
7480	-27.8	-18.5124864277959	-18.35	-246.78	1.25
7493	-27.8	-20.8469055374593	-20.68	-226.19	1.25
7506	-27.8	-22.9641693811075	-23.62	-142.84	1.25
7519	-27.8	-24.5928338762215	-25.3	-71.44	1.25
7532	-27.8	-25.9500542888165	-25.9	-49.34	1.25
7545	-27.8	-26.9815418023887	-26.55	-45.99	1.25
7558	-27.8	-27.5787187839305	-27.04	-40.52	0.84
7571	-27.8	-27.8501628664495	-27.63	-27.71	0.84
7584	-27.8	-27.8501628664495	-27.85	0	0.84
7597	-27.8	-27.8501628664495	-27.85	0	0.84
7610	-27.8	-27.8501628664495	-27.85	0	0.84
7623	-27.8	-27.8501628664495	-27.85	0	0.84
7636	-27.8	-27.8501628664495	-27.85	0	0.84
7649	-27.8	-27.8501628664495	-27.85	0	0.84
7662	-27.8	-27.8501628664495	-27.85	0	0.18
7675	-27.8	-27.8501628664495	-27.85	0	0.18
7688	-27.8	-27.8501628664495	-27.85	0	0.18
7701	29	-27.8501628664495	-27.85	0	0.18
7714	29	-27.7958740499457	-27.85	0	0.18
7727	29	-27.4701411509229	-27.74	26.1	0.18
7740	29	-26.8186753528773	-27.36	71.44	0.18
7753	29	-25.7328990228013	-26.22	113.09	0.18
7766	29	-24.2671009771987	-25.03	129.25	-1.41
7779	29	-22.4755700325733	-22.86	169.64	-1.41
7792	29	-20.3583061889251	-20.41	180.98	-1.41
7805	29	-17.8610206297503	-18.62	208.82	-1.41
7818	29	-15.0380021715527	-15.42	246.78	-1.41
7831	29	-11.8349619978284	-12.92	246.78	-1.41
7844	29	-8.68621064060803	-9.34	246.78	-1.41
7857	29	-5.64603691639522	-5.81	246.78	-1.41
7870	29	-2.60586319218241	-3.15	226.19	-0.79
7883	29	0.597176981541802	0.54	246.78	-0.79
7896	29	3.69163952225841	2.82	246.78	-0.79
7909	29	6.84039087947883	6.35	226.19	-0.79
7922	29	9.98914223669924	9.83	246.78	-0.79
7935	29	13.0836047774159	12.05	226.19	-0.79
7948	29	16.0694896851249	15.69	226.19	-0.79
7961	29	18.9467969598263	18.08	226.19	-0.79
7974	29	21.4983713355049	21.61	193.88	0.03
7987	29	23.6156351791531	23.34	150.79	0.03
8000	29	25.4071661237785	25.3	96.94	0.03
8013	29	26.8729641693811	26.76	87.56	0.03
8026	29	27.9587404994571	27.47	71.44	0.03
8039	29	28.6644951140065	28.39	44.52	0.03
8052	29	29.0445168295331	28.99	25.15	0.03
8065	29	29.0445168295331	29.1	0	0.03
8078	29	28.9902280130293	28.94	-15.24	0.62
8091	29	28.9902280130293	28.88	0	0.62
8104	29	28.9902280130293	28.99	7.04	0.62
8117	29	28.9902280130293	28.94	0	0.62
8130	29	28.9902280130293	28.94	0	0.62
8143	29	28.9902280130293	28.99	0	0.62
8156	29	28.9902280130293	28.99	0	0.62
8169	29	28.9902280130293	28.99	0	0.62
8182	29	28.9902280130293	28.99	0	-0.17
8195	29	28.9902280130293	28.99	0	-0.17
8208	-27.8	28.9902280130293	28.99	0	-0.17
8221	-27.8	28.9902280130293	28.99	0	-0.17
8234	-27.8	28.7187839305103	28.94	-14.51	-0.17
8247	-27.8	28.0130293159609	28.56	-55.42	-0.17
8260	-27.8	26.9815418023887	27.52	-104.41	-0.17
8273	-27.8	25.6786102062975	26.38	-142.84	-0.17
8286	-27.8	23.8870792616721	24.16	-150.79	1.5
8299	-27.8	21.8241042345277	22.48	-180.98	1.5
8312	-27.8	19.3268186753529	19.71	-208.82	1.5
8325	-27.8	16.3952225841477	16.61	-246.78	1.5
8338	-27.8	13.3550488599349	14.44	-246.78	1.5
8351	-27.8	10.1520086862106	10.8	-246.78	1.5
8364	-27.8	7.00325732899023	7.38	-246.78	1.5
8377	-27.8	4.07166123778502	5.05	-271.44	1.5
8390	-27.8	0.922909880564604	1.14	-226.19	1.08
8403	-27.8	-2.17155266015201	-1.03	-271.44	1.08
8416	-27.8	-5.32030401737242	-4.67	-246.78	1.08
8429	-27.8	-8.36047774158523	-8.14	-246.78	1.08
8442	-27.8	-11.5092290988056	-10.42	-226.19	1.08
8455	-27.8	-14.6036916395223	-14.01	-246.78	1.08
8468	-27.8	-17.5895765472313	-17.48	-226.19	1.08
8481	-27.8	-20.0868621064061	-19.71	-226.19	1.08
8494	-27.8	-22.2584147665581	-22.91	-159.65	-0.46
8507	-27.8	-24.1042345276873	-24.21	-90.47	-0.46
8520	-27.8	-25.6243213897937	-25.46	-71.44	-0.46
8533	-27.8	-26.7100977198697	-26.38	-64.63	-0.46
8546	-27.8	-27.4701411509229	-26.98	-57.76	-0.46
8559	-27.8	-27.8501628664495	-27.69	-34.35	-0.46
8572	-27.8	-27.9044516829533	-27.96	0	-0.46
8585	-27.8	-27.8501628664495	-27.9	9.77	-0.46
8598	-27.8	-27.8501628664495	-27.8	0	0.2
8611	-27.8	-27.8501628664495	-27.85	0	0.2
8624	-27.8	-27.8501628664495	-27.85	0	0.2
8637	-27.8	-27.8501628664495	-27.85	0	0.2
8650	-27.8	-27.8501628664495	-27.85	0	0.2
8663	-27.8	-27.8501628664495	-27.85	0	0.2
8676	-27.8	-27.8501628664495	-27.85	0	0.2
8689	-27.8	-27.8501628664495	-27.85	0	0.2
8702	29	-27.8501628664495	-27.85	0	0.11
8715	29	-27.8501628664495	-27.85	0	0.11
8728	29	-27.4701411509229	-27.74	21.19	0.11
8741	29	-26.7643865363735	-27.42	75.4	0.11
8754	29	-25.6786102062975	-26.22	108.58	0.11
8767	29	-24.3213897937025	-24.54	142.84	0.11
8780	29	-22.5298588490771	-23.18	150.79	0.11
8793	29	-20.3583061889251	-20.68	169.64	0.11
8806	29	-17.8610206297503	-18.68	226.19	-1.24
8819	29	-14.9294245385451	-15.53	226.19	-1.24
8832	29	-11.8892508143322	-12.11	226.19	-1.24
8845	29	-8.79478827361563	-9.77	246.78	-1.24
8858	29	-5.64603691639522	-6.19	246.78	-1.24
8871	29	-2.49728555917481	-2.55	246.78	-1.24
8884	29	0.488599348534202	-0.22	226.19	-1.24
8897	29	3.63735070575461	3.09	246.78	-1.24
8910	29	6.73181324647123	5.81	246.78	-0.74
8923	29	9.88056460369164	9.17	226.19	-0.74
8936	29	12.9750271444083	12.7	271.44	-0.74
8949	29	16.1237785016287	15.04	271.44	-0.74
8962	29	19.0553745928339	18.51	271.44	-0.74
8975	29	21.5526601520087	21.72	169.64	-0.74
8988	29	23.6699239956569	23.4	159.65	-0.74
9001	29	25.4614549402823	25.35	113.09	-0.74
9014	29	26.9272529858849	26.44	84.82	0.05
9027	29	28.0130293159609	27.69	66.19	0.05
9040	29	28.6644951140065	28.56	45.26	0.05
9053	29	28.9902280130293	28.88	23.19	0.05
9066	29	28.9902280130293	29.04	0	0.05
9079	29	28.9902280130293	28.94	-9.86	0.05
9092	29	28.9902280130293	28.88	0	0.05
9105	29	28.9902280130293	28.94	6.34	0.05
9118	29	28.9902280130293	28.99	0	-0.06
9131	29	28.9902280130293	28.94	0.39	-0.06
9144	29	28.9902280130293	28.99	0	-0.06
9157	29	28.9902280130293	28.99	0	-0.06
9170	29	28.9902280130293	28.99	0	-0.06
9183	29	28.9902280130293	28.99	0	-0.06
9196	29	28.9902280130293	28.99	0	-0.06
9209	-27.8	28.9902280130293	28.99	0	-0.06
9222	-27.8	28.9902280130293	28.99	0	-0.15
9235	-27.8	28.7730727470141	28.94	-6.38	-0.15
9248	-27.8	28.1216069489685	28.56	-55.42	-0.15
9261	-27.8	27.1444082519001	27.96	-104.41	-0.15
9274	-27.8	25.7871878393051	26.33	-135.72	-0.15
9287	-27.8	24.0499457111835	24.27	-142.84	-0.15
9300	-27.8	22.0412595005429	22.69	-193.88	-0.15
9313	-27.8	19.5439739413681	19.92	-180.98	-0.15
9326	-27.8	16.6666666666667	17.7	-208.82	1.62
9339	-27.8	13.6264929424539	14.22	-226.19	1.62
9352	-27.8	10.4777415852334	10.64	-246.78	1.62
9365	-27.8	7.43756786102063	8.36	-246.78	1.62
9378	-27.8	4.34310532030402	4.89	-271.44	1.62
9391	-27.8	1.1943539630836	1.36	-246.78	1.62
9404	-27.8	-1.90010857763301	-0.81	-271.44	1.62
9417	-27.8	-5.04885993485342	-4.45	-271.44	1.62
9430	-27.8	-8.08903365906623	-7.06	-246.78	1.13
9443	-27.8	-11.2377850162866	-10.64	-226.19	1.13
9456	-27.8	-14.2779587404995	-14.06	-246.78	1.13
9469	-27.8	-17.2095548317047	-16.34	-226.19	1.13
9482	-27.8	-19.8154180238871	-19.71	-208.82	1.13
9495	-27.8	-21.9869706840391	-22.37	-135.72	1.13
9508	-27.8	-23.8327904451683	-23.62	-104.41	1.13
9521	-27.8	-25.4614549402823	-25.08	-82.26	1.13
9534	-27.8	-26.6015200868621	-26	-73.36	0.66
9547	-27.8	-27.4158523344191	-27.09	-57.76	0.66
9560	-27.8	-27.7958740499457	-27.8	-30.49	0.66
9573	-27.8	-27.9044516829533	-28.01	-7.56	0.66
9586	-27.8	-27.8501628664495	-27.85	14.9	0.66
9599	-27.8	-27.8501628664495	-27.8	0	0.66
9612	-27.8	-27.8501628664495	-27.8	0	0.66
9625	-27.8	-27.8501628664495	-27.8	0	0.66
9638	-27.8	-27.8501628664495	-27.8	0	0.35
9651	-27.8	-27.8501628664495	-27.8	0	0.35
9664	-27.8	-27.8501628664495	-27.85	0	0.35
9677	-27.8	-27.8501628664495	-27.85	0	0.35
9690	-27.8	-27.8501628664495	-27.85	0	0.35
9703	29	-27.8501628664495	-27.85	0	0.35
9716	29	-27.8501628664495	-27.85	0	0.35
9729	29	-27.6330076004343	-27.85	0	0.35
9742	29	-27.0358306188925	-27.63	59.02	-1.38
9755	29	-26.0586319218241	-26.66	96.94	-1.38
9768	29	-24.7014115092291	-25.08	118	-1.38
9781	29	-23.0727470141151	-23.72	169.64	-1.38
9794	29	-21.0097719869707	-21.28	180.98	-1.38
9807	29	-18.4581976112921	-18.51	208.82	-1.38
9820	29	-15.8523344191097	-16.67	208.82	-1.38
9833	29	-12.7035830618893	-13.3	208.82	-1.38
9846	29	-9.71769815418024	-10.69	246.78	-0.94
9859	29	-6.56894679695983	-7.06	271.44	-0.94
9872	29	-3.42019543973941	-3.47	271.44	-0.94
9885	29	-0.380021715526601	-1.09	246.78	-0.94
9898	29	2.76872964169381	2.23	246.78	-0.94
9911	29	5.91748099891422	5.7	226.19	-0.94
9924	29	8.90336590662323	7.98	246.78	-0.94
9937	29	12.0521172638436	11.4	246.78	-0.94
9950	29	15.0922909880565	14.01	226.19	-0.94
9963	29	18.1324647122693	18.13	208.82	-0.94
9976	29	20.6297502714441	20.25	208.82	-0.94
9989	29	22.9641693811075	22.96	150.79	-0.94
10002	29	24.8099891422367	24.86	118	-0.94
10015	29	26.3843648208469	25.84	90.47	-0.94
10028	29	27.5787187839305	27.25	77.57	-0.94
10041	29	28.3930510314875	28.28	57.76	-0.94
10054	29	28.8273615635179	28.83	30.49	0.21
10067	29	28.9902280130293	29.1	9.42	0.21
10080	29	28.9902280130293	28.99	-14.07	0.21
10093	29	28.9902280130293	28.88	0	0.21
10106	29	28.9902280130293	28.88	0	0.21
10119	29	28.9902280130293	28.88	0	0.21
10132	29	28.9902280130293	28.99	6.64	0.21
10145	29	28.9902280130293	28.99	0	0.21
10158	29	28.9902280130293	28.99	0	0.08
10171	29	28.9902280130293	29.04	0	0.08
10184	29	28.9902280130293	28.99	0	0.08
10197	29	28.9902280130293	28.99	0	0.08
10210	-27.8	28.9902280130293	28.99	0	0.08
10223	-27.8	28.9359391965255	28.99	0	0.08
10236	-27.8	28.5559174809989	28.88	-34.35	0.08
10249	-27.8	27.8501628664495	28.18	-67.84	0.08
10262	-27.8	26.7100977198697	27.31	-108.58	1.6
10275	-27.8	25.2985884907709	25.62	-142.84	1.6
10288	-27.8	23.3984799131379	24.21	-150.79	1.6
10301	-27.8	21.2269272529859	21.66	-180.98	1.6
10314	-27.8	18.5667752442997	18.78	-208.82	1.6
10328	-27.8	15.5266015200869	16.72	-246.78	1.6
10341	-27.8	12.3778501628664	13.08	-226.19	1.6
10354	-27.8	9.12052117263844	9.5	-246.78	1.6
10368	-27.8	5.97176981541802	6.84	-226.19	1
10381	-27.8	2.82301845819761	3.15	-226.19	1
10394	-27.8	-0.271444082519001	0.87	-226.19	1
10407	-27.8	-3.42019543973941	-2.77	-226.19	1
10420	-27.8	-6.56894679695983	-6.24	-226.19	1
10433	-27.8	-9.55483170466884	-8.63	-226.19	1
10446	-27.8	-12.8121606948969	-12.05	-246.78	1
10459	-27.8	-15.9066232356135	-15.58	-246.78	1
10472	-27.8	-18.5667752442997	-18.19	-246.78	1.16
10485	-27.8	-21.0097719869707	-21.55	-193.88	1.16
10498	-27.8	-22.9641693811075	-23.29	-123.39	1.16
10511	-27.8	-24.7014115092291	-24.97	-67.84	1.16
10524	-27.8	-26.0586319218241	-25.9	-56.55	1.16
10537	-27.8	-27.0358306188925	-26.44	-53.2	1.16
10550	-27.8	-27.5787187839305	-27.25	-51.21	1.16
10563	-27.8	-27.7958740499457	-27.8	-23.19	1.16
10577	-27.8	-27.8501628664495	-27.9	0	-0.24
10590	-27.8	-27.8501628664495	-27.8	5.78	-0.24
10603	-27.8	-27.8501628664495	-27.85	0	-0.24
10616	-27.8	-27.8501628664495	-27.85	0	-0.24
10629	-27.8	-27.8501628664495	-27.85	0	-0.24
10642	-27.8	-27.8501628664495	-27.85	0	-0.24
10655	-27.8	-27.8501628664495	-27.85	0	-0.24
10668	-27.8	-27.8501628664495	-27.85	0	-0.24
10681	-27.8	-27.8501628664495	-27.85	0	0.14
10694	-27.8	-27.8501628664495	-27.85	0	0.14
10707	29	-27.8501628664495	-27.85	0	0.14
10720	29	-27.8501628664495	-27.85	0	0.14
10733	29	-27.5244299674267	-27.8	7.21	0.14
10746	29	-26.8729641693811	-27.47	71.44	0.14
10759	29	-25.8414766558089	-26.38	108.58	0.14
10772	29	-24.4299674267101	-24.76	129.25	0.14
10785	29	-22.6927252985885	-23.13	159.65	-1.32
10798	29	-20.4668838219327	-20.52	180.98	-1.32
10812	29	-17.8610206297503	-18.73	246.78	-1.32
10825	29	-14.8751357220413	-15.47	226.19	-1.32
10838	29	-11.6178067318132	-12	271.44	-1.32
10852	29	-8.46905537459283	-9.61	271.44	-1.32
10865	29	-5.21172638436482	-5.81	226.19	-1.32
10878	29	-2.00868621064061	-2.23	271.44	-1.32
10891	29	0.977198697068404	0.43	246.78	-0.82
10904	29	4.01737242128122	3.96	246.78	-0.82
10917	29	7.16612377850163	6.35	246.78	-0.82
10930	29	10.314875135722	9.88	271.44	-0.82
10943	29	13.4093376764387	13.41	246.78	-0.82
10956	29	16.4495114006515	15.74	271.44	-0.82
10969	29	19.3268186753529	19	226.19	-0.82
10982	29	21.8241042345277	21.93	159.65	-0.82
10995	29	23.8870792616721	23.72	135.72	0.38
11008	29	25.6243213897937	25.57	100.54	0.38
11021	29	27.0358306188925	26.55	82.26	0.38
11034	29	28.0673181324647	27.74	69.62	0.38
11047	29	28.7187839305103	28.61	48.47	0.38
11060	29	29.0445168295331	28.99	20.89	0.38
11073	29	29.0445168295331	29.1	-14.16	0.38
11086	29	28.9902280130293	28.88	-12.29	0.38
11099	29	28.9902280130293	28.88	0	-0.29
11112	29	28.9902280130293	28.94	6.17	-0.29
11125	29	28.9902280130293	28.99	0	-0.29
11138	29	28.9902280130293	28.94	0	-0.29
11151	29	28.9902280130293	28.99	0	-0.29
11164	29	28.9902280130293	28.99	0	-0.29
11177	29	28.9902280130293	28.99	0	-0.29
11190	29	28.9902280130293	28.99	0	-0.29
11203	-27.8	28.9902280130293	28.99	0	-0.18
11216	-27.8	28.9902280130293	28.99	0	-0.18
11229	-27.8	28.6644951140065	28.94	-14.07	-0.18
11242	-27.8	28.0673181324647	28.56	-55.42	-0.18
11255	-27.8	27.0358306188925	27.47	-100.54	-0.18
11268	-27.8	25.6243213897937	26.38	-135.72	-0.18
11281	-27.8	23.8327904451683	24.32	-159.65	-0.18
11294	-27.8	21.7698154180239	21.82	-193.88	-0.18
11307	-27.8	19.2725298588491	19.76	-193.88	1.41
11320	-27.8	16.5038002171553	16.61	-246.78	1.41
11333	-27.8	13.3550488599349	14.5	-208.82	1.41
11346	-27.8	10.314875135722	10.86	-271.44	1.41
11359	-27.8	7.11183496199783	7.33	-246.78	1.41
11372	-27.8	4.07166123778502	5.05	-246.78	1.41
11385	-27.8	0.814332247557003	1.47	-226.19	1.41
11399	-27.8	-2.33441910966341	-2.06	-208.82	1.41
11412	-27.8	-5.42888165038002	-4.72	-226.19	1.11
11425	-27.8	-8.52334419109663	-8.36	-226.19	1.11
11438	-27.8	-11.672095548317	-10.64	-226.19	1.11
11451	-27.8	-14.8208469055375	-14.22	-226.19	1.11
11464	-27.8	-17.6981541802389	-17.64	-246.78	1.11
11477	-27.8	-20.1954397394137	-19.76	-193.88	1.11
11490	-27.8	-22.4212812160695	-22.53	-118	1.11
11503	-27.8	-24.2671009771987	-24.32	-108.58	1.11
11516	-27.8	-25.6786102062975	-25.35	-79.83	0.31
11529	-27.8	-26.8186753528773	-26.6	-69.62	0.31
11542	-27.8	-27.5787187839305	-27.2	-47.6	0.31
11555	-27.8	-27.9587404994571	-27.9	-26.36	0.31
11568	-27.8	-27.9587404994571	-28.12	0	0.31
11581	-27.8	-27.8501628664495	-27.96	19.98	0.31
11594	-27.8	-27.8501628664495	-27.74	7.12	0.31
11607	-27.8	-27.8501628664495	-27.8	-4.73	0.31
11620	-27.8	-27.8501628664495	-27.8	0	0.24
11633	-27.8	-27.8501628664495	-27.85	0	0.24
11646	-27.8	-27.8501628664495	-27.85	0	0.24
11659	-27.8	-27.8501628664495	-27.85	0	0.24
11672	-27.8	-27.8501628664495	-27.85	0	0.24
11685	-27.8	-27.8501628664495	-27.85	0	0.24
11698	-27.8	-27.8501628664495	-27.85	0	0.24
11711	29	-27.8501628664495	-27.85	0	0.24
11724	29	-27.8501628664495	-27.85	0	0.19
11737	29	-27.5244299674267	-27.8	5.91	0.19
11750	29	-26.8186753528773	-27.42	63.11	0.19
11763	29	-25.7328990228013	-26.33	100.54	0.19
11776	29	-24.3213897937025	-24.59	129.25	0.19
11789	29	-22.5298588490771	-23.18	180.98	0.19
11802	29	-20.3040173724213	-20.68	193.88	0.19
11815	29	-17.6981541802389	-17.81	208.82	0.19
11828	29	-14.8208469055375	-15.47	226.19	-1.41
11841	29	-11.672095548317	-11.94	226.19	-1.41
11854	29	-8.57763300760043	-9.61	246.78	-1.41
11867	29	-5.53745928338762	-6.03	226.19	-1.41
11880	29	-2.38870792616721	-2.44	271.44	-1.41
11893	29	0.705754614549403	-0.11	208.82	-1.41
11906	29	3.85450597176981	3.31	208.82	-1.41
11919	29	6.89467969598263	6.68	246.78	-1.41
11932	29	9.93485342019544	9.23	246.78	-1.03
11945	29	13.0836047774159	12.87	271.44	-1.03
11958	29	16.1237785016287	15.2	226.19	-1.03
11971	29	19.1096634093377	18.73	246.78	-1.03
11984	29	21.6612377850163	21.77	180.98	-1.03
11997	29	23.6699239956569	23.45	142.84	-1.03
12010	29	25.4614549402823	25.35	113.09	-1.03
12023	29	26.8729641693811	26.76	87.56	-1.03
12036	29	27.9587404994571	27.63	67.84	-0.21
12049	29	28.6102062975027	28.56	39.91	-0.21
12062	29	28.9359391965255	28.88	19.98	-0.21
12075	29	28.9902280130293	28.99	0	-0.21
12088	29	28.9902280130293	28.88	-9.25	-0.21
12101	29	28.9902280130293	28.88	0	-0.21
12114	29	28.9902280130293	28.94	0	-0.21
12127	29	28.9902280130293	28.99	-0.39	-0.21
12140	29	28.9902280130293	28.94	0	-0.03
12153	29	28.9902280130293	28.99	0	-0.03
12166	29	28.9902280130293	28.99	0	-0.03
12179	29	28.9902280130293	28.99	0	-0.03
12192	29	28.9902280130293	28.99	0	-0.03
12205	-27.8	28.9902280130293	28.99	0	-0.03
12218	-27.8	28.9902280130293	28.99	0	-0.03
12231	-27.8	28.6644951140065	28.88	-17.98	-0.03
12244	-27.8	27.9587404994571	28.45	-67.84	1.42
12257	-27.8	26.9272529858849	27.36	-90.47	1.42
12270	-27.8	25.5700325732899	26.28	-150.79	1.42
12283	-27.8	23.7785016286645	24.16	-150.79	1.42
12296	-27.8	21.6069489685125	21.66	-159.65	1.42
12309	-27.8	19.1096634093377	19.87	-208.82	1.42
12322	-27.8	16.1780673181325	16.78	-208.82	1.42
12336	-27.8	13.0293159609121	13.41	-271.44	1.42
12349	-27.8	9.82627578718784	10.64	-246.78	1.07
12362	-27.8	6.67752442996743	6.95	-246.78	1.07
12375	-27.8	3.58306188925081	4.67	-226.19	1.07
12388	-27.8	0.434310532030402	1.09	-271.44	1.07
12401	-27.8	-2.66015200868621	-2.33	-246.78	1.07
12414	-27.8	-5.80890336590662	-4.67	-246.78	1.07
12427	-27.8	-8.95765472312704	-8.2	-246.78	1.07
12440	-27.8	-12.1064060803474	-11.73	-226.19	1.07
12453	-27.8	-15.2008686210641	-14.33	-226.19	1.14
12466	-27.8	-18.0781758957655	-17.97	-246.78	1.14
12479	-27.8	-20.5754614549403	-20.14	-246.78	1.14
12492	-27.8	-22.7470141150923	-23.45	-159.65	1.14
12505	-27.8	-24.4842562432139	-25.3	-82.26	1.14
12518	-27.8	-25.7871878393051	-25.95	-45.26	1.14
12531	-27.8	-26.9272529858849	-26.55	-34.35	1.14
12545	-27.8	-27.5244299674267	-27.09	-38.22	1.14
12558	-27.8	-27.8501628664495	-27.52	-28.58	0.64
12571	-27.8	-27.8501628664495	-27.85	-9.38	0.64
12584	-27.8	-27.8501628664495	-27.8	0	0.64
12597	-27.8	-27.8501628664495	-27.85	0	0.64
12610	-27.8	-27.8501628664495	-27.85	0	0.64
12623	-27.8	-27.8501628664495	-27.85	0	0.64
12636	-27.8	-27.8501628664495	-27.85	0	0.64
12649	-27.8	-27.8501628664495	-27.85	0	0.64
12662	-27.8	-27.8501628664495	-27.85	0	0.33
12675	-27.8	-27.8501628664495	-27.85	0	0.33
12688	-27.8	-27.8501628664495	-27.85	0	0.33
12701	-27.8	-27.8501628664495	-27.85	0	0.33
12714	29	-27.8501628664495	-27.85	0	0.33
12727	29	-27.5787187839305	-27.8	0	0.33
12740	29	-26.9272529858849	-27.47	59.02	0.33
12753	29	-25.8957654723127	-26.33	90.47	0.33
12766	29	-24.5385450597177	-25.14	129.25	-1.43
12779	29	-22.8555917480999	-22.96	159.65	-1.43
12792	29	-20.7383279044517	-21.39	169.64	-1.43
12805	29	-18.1867535287731	-18.57	193.88	-1.43
12818	29	-15.4180238870793	-15.58	226.19	-1.43
12831	29	-12.3235613463626	-13.36	208.82	-1.43
12844	29	-9.17480998914224	-9.88	271.44	-1.43
12857	29	-6.02605863192182	-6.19	226.19	-1.43
12870	29	-3.04017372421281	-3.53	208.82	-0.76
12883	29	0.162866449511401	-0.05	246.78	-0.76
12896	29	3.20304017372421	2.39	246.78	-0.76
12909	29	6.35179153094463	5.92	226.19	-0.76
12922	29	9.50054288816504	9.28	226.19	-0.76
12935	29	12.5950054288817	11.62	246.78	-0.76
12948	29	15.7437567861021	15.04	271.44	-0.76
12961	29	18.6753528773073	18.62	226.19	-0.76
12974	29	21.1726384364821	20.9	208.82	-0.08
12987	29	23.3984799131379	23.56	159.65	-0.08
13000	29	25.2442996742671	24.92	108.58	-0.08
13013	29	26.7643865363735	26.49	82.26	-0.08
13026	29	27.8501628664495	27.63	66.19	-0.08
13039	29	28.5559174809989	28.28	53.2	-0.08
13052	29	28.9359391965255	28.94	25.36	-0.08
13065	29	29.0445168295331	29.04	0	-0.08
13078	29	28.9902280130293	28.99	-14.51	0.65
13091	29	28.9902280130293	28.88	0	0.65
13104	29	28.9902280130293	28.88	0	0.65
13117	29	28.9902280130293	28.99	7.3	0.65
13130	29	28.9902280130293	28.99	0	0.65
13143	29	28.9902280130293	28.94	0.39	0.65
13156	29	28.9902280130293	28.99	0	0.65
13169	29	28.9902280130293	28.99	0	0.65
13182	29	28.9902280130293	28.99	0	-0.22
13195	29	28.9902280130293	28.99	0	-0.22
13208	-27.8	28.9902280130293	28.99	0	-0.22
13221	-27.8	28.9359391965255	28.99	0	-0.22
13234	-27.8	28.6102062975027	28.88	-18.33	-0.22
13247	-27.8	27.9587404994571	28.56	-66.19	-0.22
13260	-27.8	26.8729641693811	27.47	-108.58	-0.22
13274	-27.8	25.4071661237785	25.73	-142.84	-0.22
13287	-27.8	23.6156351791531	24.05	-169.64	1.46
13300	-27.8	21.3897937024973	21.5	-180.98	1.46
13313	-27.8	18.8382193268187	19.65	-226.19	1.46
13326	-27.8	15.9066232356135	16.56	-246.78	1.46
13339	-27.8	12.7035830618893	13.14	-226.19	1.46
13352	-27.8	9.60912052117264	10.86	-246.78	1.46
13365	-27.8	6.46036916395223	7.17	-271.44	1.46
13378	-27.8	3.25732899022801	3.64	-271.44	1.46
13391	-27.8	0.217155266015201	0.92	-271.44	1.08
13404	-27.8	-2.82301845819761	-2.55	-246.78	1.08
13417	-27.8	-5.91748099891422	-4.72	-246.78	1.08
13430	-27.8	-9.12052117263844	-8.47	-271.44	1.08
13443	-27.8	-12.214983713355	-11.94	-226.19	1.08
13456	-27.8	-15.0922909880565	-14.22	-271.44	1.08
13469	-27.8	-18.1324647122693	-17.7	-246.78	1.08
13482	-27.8	-20.6840390879479	-21.17	-208.82	1.08
13495	-27.8	-22.6927252985885	-23.45	-142.84	-0.54
13508	-27.8	-24.4299674267101	-25.19	-77.57	-0.54
13521	-27.8	-25.8957654723127	-25.79	-45.26	-0.54
13534	-27.8	-26.9815418023887	-26.44	-48.47	-0.54
13547	-27.8	-27.6872964169381	-27.2	-50.25	-0.54
13560	-27.8	-27.9587404994571	-27.69	-34.79	-0.54
13573	-27.8	-27.9044516829533	-28.07	-11.51	-0.54
13586	-27.8	-27.8501628664495	-27.9	14.29	-0.54
13599	-27.8	-27.8501628664495	-27.8	0	0.34
13612	-27.8	-27.8501628664495	-27.85	0	0.34
13625	-27.8	-27.8501628664495	-27.85	0	0.34
13638	-27.8	-27.8501628664495	-27.85	0	0.34
13651	-27.8	-27.8501628664495	-27.85	0	0.34
13664	-27.8	-27.8501628664495	-27.85	0	0.34
13677	-27.8	-27.8501628664495	-27.85	0	0.34
13690	-27.8	-27.8501628664495	-27.85	0	0.34
13703	-27.8	-27.8501628664495	-27.85	0	0.08
13716	29	-27.8501628664495	-27.85	0	0.08
13729	29	-27.5244299674267	-27.8	7.56	0.08
13742	29	-26.9272529858849	-27.36	71.44	0.08
13755	29	-25.8957654723127	-26.28	104.41	0.08
13768	29	-24.5385450597177	-25.24	142.84	0.08
13781	29	-22.7470141150923	-23.18	150.79	0.08
13794	29	-20.5754614549403	-20.74	193.88	0.08
13807	29	-18.1324647122693	-18.68	193.88	-1.32
13820	29	-15.3637350705755	-15.53	246.78	-1.32
13833	29	-12.214983713355	-13.19	246.78	-1.32
13846	29	-9.06623235613464	-9.61	226.19	-1.32
13859	29	-5.91748099891422	-5.97	226.19	-1.32
13872	29	-2.93159609120521	-3.64	226.19	-1.32
13885	29	0.217155266015201	-0.16	208.82	-1.32
13898	29	3.31161780673181	3.26	208.82	-1.32
13911	29	6.46036916395223	5.75	226.19	-0.66
13924	29	9.55483170466884	9.23	226.19	-0.66
13937	29	12.6492942453855	11.4	226.19	-0.66
13950	29	15.7980456026059	15.09	271.44	-0.66
13963	29	18.6753528773073	18.68	246.78	-0.66
13976	29	21.1726384364821	20.85	193.88	-0.66
13989	29	23.3984799131379	23.45	123.39	-0.66
14002	29	25.1900108577633	25.24	108.58	-0.66
14015	29	26.6558089033659	26.28	77.57	-0.09
14028	29	27.7958740499457	27.58	79.83	-0.09
14041	29	28.5559174809989	28.23	56.55	-0.09
14054	29	28.9902280130293	28.94	24.67	-0.09
14067	29	29.0445168295331	29.1	0	-0.09
14080	29	28.9902280130293	29.04	-14.51	-0.09
14093	29	28.9902280130293	28.88	0	-0.09
14106	29	28.9902280130293	28.94	6.3	-0.09
14119	29	28.9902280130293	28.94	0	-0.04
14132	29	28.9902280130293	28.94	0	-0.04
14145	29	28.9902280130293	28.99	0	-0.04
14158	29	28.9902280130293	28.99	0	-0.04
14171	29	28.9902280130293	28.99	0	-0.04
14184	29	28.9902280130293	28.99	0	-0.04
14197	29	28.9902280130293	28.99	0	-0.04
14210	-27.8	28.9902280130293	28.99	0	-0.04
14223	-27.8	28.9359391965255	28.99	0	-0.13
14236	-27.8	28.6102062975027	28.88	-17.98	-0.13
14249	-27.8	27.9044516829533	28.5	-61.67	-0.13
14262	-27.8	26.8186753528773	27.42	-96.94	-0.13
14275	-27.8	25.4071661237785	25.62	-142.84	-0.13
14288	-27.8	23.6156351791531	24.27	-150.79	-0.13
14301	-27.8	21.3897937024973	21.88	-180.98	-0.13
14314	-27.8	18.8382193268187	19	-193.88	-0.13
14327	-27.8	16.0152008686211	16.67	-246.78	1.68
14340	-27.8	12.8664495114007	13.14	-246.78	1.68
14353	-27.8	9.77198697068404	10.75	-246.78	1.68
14366	-27.8	6.62323561346363	7.22	-208.82	1.68
14379	-27.8	3.52877307274701	3.75	-246.78	1.68
14392	-27.8	0.488599348534202	1.47	-271.44	1.68
14405	-27.8	-2.76872964169381	-2.17	-246.78	1.68
14418	-27.8	-5.91748099891422	-5.7	-246.78	1.68
14431	-27.8	-8.84907709011944	-8.2	-246.78	1.1
14444	-27.8	-11.943539630836	-11.73	-226.19	1.1
14457	-27.8	-15.0380021715527	-14.12	-226.19	1.1
14470	-27.8	-18.0781758957655	-17.7	-246.78	1.1
14483	-27.8	-20.5754614549403	-20.96	-180.98	1.1
14496	-27.8	-22.5841476655809	-22.58	-135.72	1.1
14509	-27.8	-24.3756786102063	-24.43	-87.56	1.1
14522	-27.8	-25.8414766558089	-25.68	-79.83	1.1
14535	-27.8	-26.8186753528773	-26.44	-63.11	0.66
14548	-27.8	-27.4701411509229	-27.31	-46.82	0.66
14561	-27.8	-27.7958740499457	-27.69	-25.15	0.66
14574	-27.8	-27.8501628664495	-27.85	0	0.66
14587	-27.8	-27.8501628664495	-27.8	5.21	0.66
14600	-27.8	-27.8501628664495	-27.8	0	0.66
14613	-27.8	-27.8501628664495	-27.8	0	0.66
14626	-27.8	-27.8501628664495	-27.8	0	0.66
14639	-27.8	-27.8501628664495	-27.85	0	0.43
14652	-27.8	-27.8501628664495	-27.85	0	0.43
14665	-27.8	-27.8501628664495	-27.85	0	0.43
14678	-27.8	-27.8501628664495	-27.85	0	0.43
14691	-27.8	-27.8501628664495	-27.85	0	0.43
14704	-27.8	-27.8501628664495	-27.85	0	0.43
14717	29	-27.8501628664495	-27.85	0	0.43
14730	29	-27.6330076004343	-27.8	0	0.43
14743	29	-26.9815418023887	-27.63	56.55	-1.32
14756	29	-26.0586319218241	-26.66	93.59	-1.32
14769	29	-24.7557003257329	-25.08	118	-1.32
14782	29	-23.1270358306189	-23.78	159.65	-1.32
14795	29	-21.0097719869707	-21.39	180.98	-1.32
14808	29	-18.6210640608035	-18.78	208.82	-1.32
14821	29	-15.7980456026059	-16.83	246.78	-1.32
14834	29	-12.8121606948969	-13.3	246.78	-1.32
14847	29	-9.60912052117264	-10.37	271.44	-0.87
14860	29	-6.56894679695983	-6.68	271.44	-0.87
14873	29	-3.42019543973941	-4.34	246.78	-0.87
14886	29	-0.325732899022801	-0.76	226.19	-0.87
14899	29	2.82301845819761	2.77	271.44	-0.87
14912	29	5.86319218241042	4.99	226.19	-0.87
14925	29	9.06623235613464	8.36	246.78	-0.87
14938	29	12.1606948968512	10.91	246.78	-0.87
14951	29	15.2008686210641	14.88	226.19	-0.92
14964	29	18.2410423452769	17.21	271.44	-0.92
14977	29	20.9011943539631	20.68	180.98	-0.92
14990	29	23.0727470141151	23.51	150.79	-0.92
15003	29	24.9185667752443	24.81	100.54	-0.92
15016	29	26.4929424538545	26.22	84.82	-0.92
15029	29	27.6872964169381	27.36	67.84	-0.92
15042	29	28.4473398479913	28.01	61.67	-0.92
15055	29	28.8816503800217	28.83	33.53	0.03
15068	29	28.9902280130293	29.04	0	0.03
15081	29	28.9902280130293	28.99	0	0.03
15094	29	28.9902280130293	28.88	-8.17	0.03
15107	29	28.9902280130293	28.94	0	0.03
15120	29	28.9902280130293	28.99	0	0.03
15133	29	28.9902280130293	28.94	0	0.03
15146	29	28.9902280130293	28.99	0	0.03
15159	29	28.9902280130293	28.99	0	-0.22
15172	29	28.9902280130293	28.99	0	-0.22
15185	29	28.9902280130293	28.99	0	-0.22
15198	29	28.9902280130293	28.99	0	-0.22
15211	-27.8	28.9902280130293	28.99	0	-0.22
15224	-27.8	28.9902280130293	28.99	0	-0.22
15237	-27.8	28.6644951140065	28.88	-17.85	-0.22
15250	-27.8	27.9587404994571	28.56	-66.19	-0.22
15263	-27.8	26.9272529858849	27.36	-113.09	1.72
15276	-27.8	25.5157437567861	26.22	-135.72	1.72
15289	-27.8	23.7785016286645	24.1	-150.79	1.72
15302	-27.8	21.6069489685125	21.66	-159.65	1.72
15315	-27.8	19.1096634093377	19.87	-208.82	1.72
15328	-27.8	16.1780673181325	16.83	-208.82	1.72
15341	-27.8	13.0836047774159	13.41	-246.78	1.72
15354	-27.8	9.93485342019544	11.13	-246.78	1.72
15367	-27.8	6.84039087947883	7.27	-226.19	1.09
15380	-27.8	3.80021715526601	4.83	-226.19	1.09
15393	-27.8	0.651465798045603	1.19	-271.44	1.09
15406	-27.8	-2.55157437567861	-2.28	-226.19	1.09
15419	-27.8	-5.59174809989142	-4.56	-226.19	1.09
15432	-27.8	-8.74049945711183	-8.09	-226.19	1.09
15445	-27.8	-11.8892508143322	-11.67	-246.78	1.09
15458	-27.8	-14.8751357220413	-13.95	-271.44	1.09
15471	-27.8	-17.8067318132465	-17.75	-226.19	1.13
15484	-27.8	-20.2497285559175	-20.03	-208.82	1.13
15497	-27.8	-22.4755700325733	-23.07	-142.84	1.13
15510	-27.8	-24.3213897937025	-24.81	-90.47	1.13
15523	-27.8	-25.7328990228013	-25.52	-57.76	1.13
15536	-27.8	-26.7643865363735	-26.33	-53.2	1.13
15549	-27.8	-27.4701411509229	-27.14	-57.76	1.13
15562	-27.8	-27.7958740499457	-27.63	-27.4	1.13
15575	-27.8	-27.8501628664495	-27.9	-8.21	-0.19
15588	-27.8	-27.8501628664495	-27.85	7.9	-0.19
15601	-27.8	-27.8501628664495	-27.8	0	-0.19
15614	-27.8	-27.8501628664495	-27.85	0	-0.19
15627	-27.8	-27.8501628664495	-27.85	0	-0.19
15640	-27.8	-27.8501628664495	-27.85	0	-0.19
15653	-27.8	-27.8501628664495	-27.85	0	-0.19
15666	-27.8	-27.8501628664495	-27.85	0	-0.19
15679	-27.8	-27.8501628664495	-27.85	0	0.16
15692	-27.8	-27.8501628664495	-27.85	0	0.16
15705	-27.8	-27.8501628664495	-27.85	0	0.16
15718	29	-27.8501628664495	-27.85	0	0.16
15731	29	-27.5787187839305	-27.8	7.17	0.16
15744	29	-26.9272529858849	-27.42	60.33	0.16
15757	29	-25.8957654723127	-26.33	96.94	0.16
15770	29	-24.6471226927253	-25.3	129.25	0.16
15783	29	-22.9098805646037	-23.02	150.79	-1.24
15796	29	-20.7926167209555	-21.5	169.64	-1.24
15809	29	-18.2953311617807	-18.73	208.82	-1.24
15822	29	-15.5266015200869	-15.69	226.19	-1.24
15835	29	-12.3235613463626	-13.36	246.78	-1.24
15848	29	-9.17480998914224	-9.77	246.78	-1.24
15861	29	-6.02605863192182	-6.24	271.44	-1.24
15874	29	-2.98588490770901	-3.8	246.78	-1.24
15887	29	0.0542888165038002	-1.19	226.19	-0.61
15900	29	3.25732899022801	2.71	226.19	-0.61
15913	29	6.40608034744843	6.19	246.78	-0.61
15926	29	9.44625407166124	8.41	226.19	-0.61
15939	29	12.5407166123779	11.89	246.78	-0.61
15952	29	15.5808903365907	15.36	246.78	-0.61
15965	29	18.5124864277959	17.7	246.78	-0.61
15978	29	21.1726384364821	21.01	193.88	-0.61
15991	29	23.2356134636265	23.02	159.65	0.76
16004	29	25.1357220412595	24.97	100.54	0.76
16017	29	26.6558089033659	26.44	82.26	0.76
16030	29	27.7958740499457	27.31	82.26	0.76
16043	29	28.5559174809989	28.34	56.55	0.76
16056	29	28.9359391965255	28.99	23.58	0.76
16069	29	28.9902280130293	29.1	-0.39	0.76
16082	29	28.9902280130293	28.94	-17.29	0.76
16095	29	28.9902280130293	28.83	0	-0.24
16108	29	28.9902280130293	28.94	4.78	-0.24
16121	29	28.9902280130293	28.99	0	-0.24
16134	29	28.9902280130293	28.94	0	-0.24
16147	29	28.9902280130293	28.99	0	-0.24
16160	29	28.9902280130293	28.99	0	-0.24
16173	29	28.9902280130293	28.99	0	-0.24
16186	29	28.9902280130293	28.99	0	-0.24
16199	29	28.9902280130293	28.99	0	-0.17
16212	-27.8	28.9902280130293	28.99	0	-0.17
16225	-27.8	28.8273615635179	28.94	0	-0.17
16238	-27.8	28.2844733984799	28.77	-48.47	-0.17
16251	-27.8	27.3615635179153	27.96	-82.26	-0.17
16264	-27.8	26.0586319218241	26.49	-123.39	-0.17
16277	-27.8	24.4299674267101	25.19	-159.65	-0.17
16290	-27.8	22.3127035830619	22.69	-180.98	-0.17
16303	-27.8	19.9782844733985	20.79	-226.19	1.46
16316	-27.8	17.2095548317047	17.7	-226.19	1.46
16329	-27.8	14.0608034744843	14.33	-246.78	1.46
16342	-27.8	11.0206297502714	12	-226.19	1.46
16355	-27.8	7.98045602605863	8.36	-246.78	1.46
16368	-27.8	4.88599348534202	5.86	-226.19	1.46
16381	-27.8	1.73724212812161	2.33	-208.82	1.46
16394	-27.8	-1.46579804560261	-1.25	-246.78	1.46
16407	-27.8	-4.56026058631922	-3.8	-271.44	1.14
16420	-27.8	-7.60043431053203	-7.33	-226.19	1.14
16433	-27.8	-10.7491856677524	-9.72	-246.78	1.14
16446	-27.8	-13.8979370249729	-13.25	-271.44	1.14
16459	-27.8	-16.9381107491857	-16.78	-271.44	1.14
16472	-27.8	-19.4896851248643	-19.06	-226.19	1.14
16485	-27.8	-21.7155266015201	-22.15	-159.65	1.14
16498	-27.8	-23.6699239956569	-24.21	-96.94	1.14
16511	-27.8	-25.1900108577633	-25.08	-66.19	-0.2
16524	-27.8	-26.4386536373507	-26.11	-57.76	-0.2
16537	-27.8	-27.2529858849077	-26.71	-57.76	-0.2
16550	-27.8	-27.7415852334419	-27.58	-38.78	-0.2
16563	-27.8	-27.9044516829533	-27.96	-11.9	-0.2
16576	-27.8	-27.8501628664495	-27.96	8.86	-0.2
16589	-27.8	-27.8501628664495	-27.8	7.04	-0.2
16602	-27.8	-27.8501628664495	-27.85	0	-0.2
16615	-27.8	-27.8501628664495	-27.85	0	0.07
16628	-27.8	-27.8501628664495	-27.85	0	0.07
16641	-27.8	-27.8501628664495	-27.85	0	0.07
16654	-27.8	-27.8501628664495	-27.85	0	0.07
16667	-27.8	-27.8501628664495	-27.85	0	0.07
16680	-27.8	-27.8501628664495	-27.85	0	0.07
16693	-27.8	-27.8501628664495	-27.85	0	0.07
16706	-27.8	-27.8501628664495	-27.85	0	0.07
16719	29	-27.8501628664495	-27.85	0	-0.01
16732	29	-27.6872964169381	-27.8	0	-0.01
16745	29	-27.1444082519001	-27.58	55.42	-0.01
16758	29	-26.1672095548317	-26.66	96.94	-0.01
16771	29	-24.9185667752443	-25.19	118	-0.01
16784	29	-23.2899022801303	-23.94	142.84	-0.01
16797	29	-21.2269272529859	-21.61	180.98	-0.01
16810	29	-18.8382193268187	-18.95	226.19	-0.01
16823	29	-16.0152008686211	-16.72	226.19	-1.36
16836	29	-12.8664495114007	-13.08	226.19	-1.36
16849	29	-9.77198697068404	-10.75	226.19	-1.36
16862	29	-6.73181324647123	-7.17	246.78	-1.36
16875	29	-3.69163952225841	-4.51	246.78	-1.36
16888	29	-0.542888165038002	-0.92	246.78	-1.36
16901	29	2.60586319218241	2.5	226.19	-1.36
16914	29	5.70032573289902	4.78	226.19	-1.36
16927	29	8.79478827361563	8.47	226.19	-1
16940	29	11.943539630836	10.75	208.82	-1
16953	29	15.0922909880565	14.39	226.19	-1
16966	29	18.1324647122693	17.97	246.78	-1
16979	29	20.7383279044517	20.25	226.19	-1
16992	29	23.0184581976113	23.13	142.84	-1
17005	29	24.9728555917481	25.19	108.58	-1
17019	29	26.5472312703583	26.11	87.56	-1
17032	29	27.7415852334419	27.47	82.26	-0.41
17045	29	28.5559174809989	28.12	57.76	-0.41
17058	29	28.9902280130293	28.88	37.7	-0.41
17071	29	29.0988056460369	29.21	10.51	-0.41
17084	29	28.9902280130293	29.1	-17.29	-0.41
17097	29	28.9902280130293	28.88	-8.34	-0.41
17110	29	28.9902280130293	28.99	7.47	-0.41
17123	29	28.9902280130293	28.99	0	-0.41
17136	29	28.9902280130293	28.94	0	-0.02
17149	29	28.9902280130293	28.94	0	-0.02
17162	29	28.9902280130293	28.99	0	-0.02
17175	29	28.9902280130293	29.04	4.08	-0.02
17188	29	28.9902280130293	28.99	0	-0.02
17201	29	28.9902280130293	29.04	0	-0.02
17214	-27.8	28.9902280130293	28.99	0	-0.02
17227	-27.8	28.9359391965255	28.99	0	-0.02
17240	-27.8	28.5016286644951	28.83	-40.52	0.83
17253	-27.8	27.7415852334419	28.34	-73.36	0.83
17266	-27.8	26.6015200868621	27.14	-108.58	0.83
17279	-27.8	25.0271444082519	25.3	-142.84	0.83
17292	-27.8	23.2356134636265	23.83	-159.65	0.83
17305	-27.8	21.0097719869707	21.39	-169.64	0.83
17318	-27.8	18.4581976112921	18.62	-208.82	0.83
17331	-27.8	15.5266015200869	16.56	-246.78	0.83
17344	-27.8	12.3778501628664	12.7	-226.19	1.34
17357	-27.8	9.28338762214984	10.42	-246.78	1.34
17370	-27.8	6.13463626492942	6.73	-226.19	1.34
17383	-27.8	3.09446254071661	3.26	-208.82	1.34
17396	-27.8	-0.0542888165038002	0.98	-246.78	1.34
17409	-27.8	-3.14875135722041	-2.61	-246.78	1.34
17422	-27.8	-6.29750271444082	-6.13	-246.78	1.34
17435	-27.8	-9.39196525515744	-8.47	-226.19	1.34
17448	-27.8	-12.4321389793702	-12.32	-226.19	1.02
17461	-27.8	-15.5266015200869	-14.6	-246.78	1.02
17474	-27.8	-18.4039087947883	-18.19	-226.19	1.02
17487	-27.8	-20.7926167209555	-21.06	-169.64	1.02
17500	-27.8	-22.8013029315961	-22.58	-118	1.02
17513	-27.8	-24.5928338762215	-24.38	-93.59	1.02
17526	-27.8	-26.0586319218241	-25.73	-79.83	1.02
17539	-27.8	-26.9815418023887	-26.49	-69.62	1.02
17552	-27.8	-27.5787187839305	-27.58	-49.34	0.3
17565	-27.8	-27.7958740499457	-27.9	-16.63	0.3
17578	-27.8	-27.8501628664495	-27.96	0	0.3
17591	-27.8	-27.8501628664495	-27.8	11.55	0.3
17604	-27.8	-27.8501628664495	-27.74	0	0.3
17617	-27.8	-27.8501628664495	-27.8	0	0.3
17630	-27.8	-27.8501628664495	-27.8	0	0.3
17643	-27.8	-27.8501628664495	-27.8	0	0.3
17656	-27.8	-27.8501628664495	-27.8	0	0.34
17669	-27.8	-27.8501628664495	-27.8	0	0.34
17682	-27.8	-27.8501628664495	-27.8	0	0.34
17696	-27.8	-27.8501628664495	-27.85	-0.65	0.34
17709	-27.8	-27.8501628664495	-27.85	-0.65	0.34
17722	29	-27.8501628664495	-27.85	-0.65	0.34
17735	29	-27.6872964169381	-27.8	0	0.34
17748	29	-27.1444082519001	-27.63	50.25	0.34
17761	29	-26.1672095548317	-26.71	93.59	-1.54
17774	29	-24.9728555917481	-25.73	129.25	-1.54
17787	29	-23.3441910966341	-23.78	169.64	-1.54
17800	29	-21.3355048859935	-21.44	159.65	-1.54
17813	29	-18.9467969598263	-19.76	193.88	-1.54
17826	29	-16.2323561346363	-16.78	246.78	-1.54
17839	29	-13.0836047774159	-13.41	226.19	-1.54
17852	29	-10.043431053203	-11.07	208.82	-1.54
17865	29	-6.89467969598263	-7.27	246.78	-0.78
17878	29	-3.85450597176981	-4.83	226.19	-0.78
17891	29	-0.760043431053203	-1.25	271.44	-0.78
17904	29	2.38870792616721	2.39	246.78	-0.78
17917	29	5.42888165038002	4.67	246.78	-0.78
17930	29	8.57763300760043	8.03	246.78	-0.78
17943	29	11.672095548317	11.45	246.78	-0.78
17956	29	14.8208469055375	13.74	246.78	-0.78
17969	29	17.8067318132465	17.59	246.78	-1.02
17982	29	20.5211726384365	19.71	208.82	-1.02
17995	29	22.8555917480999	22.8	142.84	-1.02
18008	29	24.7557003257329	24.92	118	-1.02
18021	29	26.3300760043431	25.95	90.47	-1.02
18034	29	27.5787187839305	27.25	71.44	-1.02
18047	29	28.4473398479913	28.23	53.2	-1.02
18060	29	28.8816503800217	28.72	33.92	-1.02
18073	29	29.0445168295331	29.04	9.25	0.32
18086	29	28.9902280130293	29.04	-7.12	0.32
18099	29	28.9902280130293	28.88	0	0.32
18112	29	28.9902280130293	28.99	8.03	0.32
18125	29	28.9902280130293	28.99	0	0.32
18138	29	28.9902280130293	28.94	0	0.32
18151	29	28.9902280130293	28.99	0	0.32
18164	29	28.9902280130293	28.99	0	0.32
18177	29	28.9902280130293	28.99	0	-0.15
18190	29	28.9902280130293	28.99	0	-0.15
18203	29	28.9902280130293	28.99	0	-0.15
18216	-27.8	28.9902280130293	28.99	0	-0.15
18229	-27.8	28.9359391965255	28.99	0	-0.15
18242	-27.8	28.5559174809989	28.88	-27.14	-0.15
18255	-27.8	27.7958740499457	28.23	-69.62	-0.15
18268	-27.8	26.7100977198697	27.42	-104.41	-0.15
18281	-27.8	25.1900108577633	25.52	-135.72	1.63
18294	-27.8	23.3984799131379	24.1	-169.64	1.63
18307	-27.8	21.1183496199783	21.5	-193.88	1.63
18320	-27.8	18.6210640608035	18.73	-226.19	1.63
18333	-27.8	15.7437567861021	16.67	-208.82	1.63
18346	-27.8	12.5407166123779	13.19	-246.78	1.63
18359	-27.8	9.39196525515744	9.72	-271.44	1.63
18372	-27.8	6.40608034744843	7.38	-246.78	1.63
18385	-27.8	3.25732899022801	3.58	-271.44	1.04
18398	-27.8	0.162866449511401	1.19	-246.78	1.04
18411	-27.8	-3.09446254071661	-2.5	-226.19	1.04
18424	-27.8	-6.13463626492942	-5.92	-246.78	1.04
18437	-27.8	-9.22909880564604	-8.2	-208.82	1.04
18450	-27.8	-12.3778501628664	-11.73	-271.44	1.04
18463	-27.8	-15.5266015200869	-15.2	-226.19	1.04
18476	-27.8	-18.2953311617807	-17.48	-246.78	1.04
18489	-27.8	-20.7383279044517	-21.12	-193.88	0.56
18502	-27.8	-22.8013029315961	-22.8	-113.09	0.56
18515	-27.8	-24.5385450597177	-24.65	-77.57	0.56
18528	-27.8	-25.9500542888165	-25.79	-66.19	0.56
18541	-27.8	-26.9815418023887	-26.44	-64.63	0.56
18554	-27.8	-27.6330076004343	-27.31	-45.26	0.56
18567	-27.8	-27.9044516829533	-27.9	-24.23	0.56
18580	-27.8	-27.8501628664495	-28.01	0	0.56
18593	-27.8	-27.8501628664495	-27.85	10.12	-0.36
18606	-27.8	-27.8501628664495	-27.85	0	-0.36
18619	-27.8	-27.8501628664495	-27.85	0	-0.36
18632	-27.8	-27.8501628664495	-27.85	0	-0.36
18645	-27.8	-27.8501628664495	-27.85	0	-0.36
18658	-27.8	-27.8501628664495	-27.85	0	-0.36
18671	-27.8	-27.8501628664495	-27.85	0	-0.36
18684	-27.8	-27.8501628664495	-27.85	0	-0.36
18697	-27.8	-27.8501628664495	-27.85	0	0.03
18710	-27.8	-27.8501628664495	-27.85	0	0.03
18723	29	-27.8501628664495	-27.85	0	0.03
18736	29	-27.6872964169381	-27.8	0	0.03
18749	29	-27.1444082519001	-27.63	54.29	0.03
18762	29	-26.2757871878393	-26.71	84.82	0.03
18775	29	-24.9728555917481	-25.68	129.25	0.03
18788	29	-23.2899022801303	-23.72	142.84	0.03
18801	29	-21.3355048859935	-22.04	180.98	-1.26
18814	29	-18.8925081433225	-19.33	193.88	-1.26
18827	29	-16.0694896851249	-16.34	226.19	-1.26
18840	29	-13.0836047774159	-14.12	271.44	-1.26
18853	29	-9.93485342019544	-10.53	226.19	-1.26
18866	29	-6.73181324647123	-6.89	246.78	-1.26
18879	29	-3.80021715526601	-4.56	246.78	-1.26
18892	29	-0.651465798045603	-1.03	246.78	-1.26
18905	29	2.44299674267101	1.68	271.44	-0.67
18918	29	5.59174809989142	5.16	226.19	-0.67
18932	29	8.95765472312704	8.58	226.19	-0.67
18945	29	12.0521172638436	10.97	246.78	-0.67
18958	29	15.2008686210641	14.5	246.78	-0.67
18971	29	18.2410423452769	18.08	271.44	-0.67
18984	29	20.7383279044517	20.3	193.88	-0.67
18997	29	23.0184581976113	23.13	142.84	-0.67
19010	29	24.8642779587405	24.59	100.54	0.55
19023	29	26.3843648208469	26.11	90.47	0.55
19036	29	27.6330076004343	27.36	73.36	0.55
19049	29	28.3387622149837	28.07	63.11	0.55
19062	29	28.8816503800217	28.83	33.53	0.55
19075	29	28.9902280130293	29.04	10.47	0.55
19088	29	28.9902280130293	28.99	-11.81	0.55
19101	29	28.9902280130293	28.88	0	0.55
19114	29	28.9902280130293	28.94	0	-0.24
19127	29	28.9902280130293	28.94	0	-0.24
19140	29	28.9902280130293	28.94	0	-0.24
19153	29	28.9902280130293	28.99	0	-0.24
19166	29	28.9902280130293	28.94	0	-0.24
19180	29	28.9902280130293	28.99	0	-0.24
19193	29	28.9902280130293	28.99	0	-0.24
19206	29	28.9902280130293	28.99	0	-0.24
19219	-27.8	28.9902280130293	28.99	0	-0.14
19232	-27.8	28.9902280130293	28.99	0	-0.14
19245	-27.8	28.7187839305103	28.94	-6.08	-0.14
19258	-27.8	28.0673181324647	28.56	-59.02	-0.14
19271	-27.8	27.0901194353963	27.52	-104.41	-0.14
19284	-27.8	25.6243213897937	26.49	-135.72	-0.14
19297	-27.8	23.8870792616721	24.32	-159.65	-0.14
19310	-27.8	21.7698154180239	21.88	-180.98	-0.14
19323	-27.8	19.4353963083605	19.82	-208.82	1.24
19336	-27.8	16.6666666666667	16.88	-193.88	1.24
19349	-27.8	13.5179153094463	14.66	-226.19	1.24
19362	-27.8	10.3691639522258	11.02	-246.78	1.24
19375	-27.8	7.27470141150923	7.6	-226.19	1.24
19388	-27.8	4.18023887079262	5.16	-271.44	1.24
19401	-27.8	1.1400651465798	1.74	-226.19	1.24
19414	-27.8	-2.00868621064061	-1.74	-246.78	1.24
19427	-27.8	-5.10314875135722	-4.29	-208.82	1.11
19440	-27.8	-8.25190010857763	-7.93	-246.78	1.11
19453	-27.8	-11.3463626492942	-10.37	-246.78	1.11
19466	-27.8	-14.4951140065147	-13.79	-226.19	1.11
19479	-27.8	-17.4267100977199	-17.32	-271.44	1.11
19492	-27.8	-19.9782844733985	-19.6	-208.82	1.11
19505	-27.8	-22.2041259500543	-22.58	-142.84	1.11
