0	0	0	0	0	0.02
13	0	0	0	0	0.02
26	0	0	0	0	0.02
40	0	0	0	0	0.02
53	0	0	0	0	0.02
66	0	0	0	0	0.02
79	0	0	0	0	0.02
92	0	0	0	0	0.02
105	0	0	0	0	0.02
118	0	0	0	0	0.02
131	0	0	0	0	0.02
144	0	0	0	0	0.02
157	0	0	0	0	0.02
170	0	0	0	0	0.02
183	0	0	0	0	0.02
196	0	0	0	0	0.02
209	0	0	0	0	0.02
222	0	0	0	0	0.02
235	0	0	0	0	0.02
248	0	0	0	0	0.02
261	0	0	0	0	0.02
274	0	0	0	0	0.02
287	0	0	0	0	0.02
300	0	0	0	0	0.02
313	0	0	0	0	0.02
326	0	0	0	0	0.02
339	0	0	0	0	0.02
352	0	0	0	0	0.02
365	0	0	0	0	0.02
378	0	0	0	0	0.02
391	0	0	0	0	0.02
404	0	0	0	0	0.02
417	0	0	0	0	0.02
430	0	0	0	0	0.02
443	0	0	0	0	0.02
456	0	0	0	0	0.02
469	0	0	0	0	0.02
482	0	0	0	0	0.02
495	0	0	0	0	0.02
508	0	0	0	0	0.02
521	0	0	0	0	0.02
534	0	0	0	0	0.02
547	0	0	0	0	0.02
560	0	0	0	0	0.02
573	0	0	0	0	0.02
586	0	0	0	0	0.02
599	0	0	0	0	0.02
612	0	0	0	0	0.02
625	0	0	0	0	0.02
638	0	0	0	0	0.02
651	0	0	0	0	0.02
664	0	0	0	0	0.02
677	0	0	0	0	0.02
690	0	0	0	0	0.02
703	0	0	0	0	0.02
716	0	0	0	0	0.02
729	0	0	0	0	0.02
742	0	0	0	0	0.02
755	0	0	0	0	0.02
768	0	0	0	0	0.02
781	0	0	0	0	0.02
794	0	0	0	0	0.02
807	0	0	0	0	0.02
820	0	0	0	0	0.02
833	0	0	0	0	0.02
846	0	0	0	0	0.02
859	0	0	0	0	0.02
872	0	0	0	0	0.02
885	0	0	0	0	0.02
898	0	0	0	0	0.02
911	0	0	0	0	0.02
924	0	0	0	0	0.02
937	0	0	0	0	0.02
950	0	0	0	0	0.02
963	0	0	0	0	0.02
976	0	0	0	0	0.02
989	0	0	0	0	0.02
1002	0	0	0	0	0.02
1015	0	0	0	0	0.02
1028	0	0	0	0	0.02
1041	0	0	0	0	0.02
1054	0	0	0	0	0.02
1067	0	0	0	0	0.02
1080	0	0	0	0	0.02
1093	0	0	0	0	0.02
1106	0	0	0	0	0.02
1119	0	0	0	0	0.02
1132	0	0	0	0	0.02
1145	0	0	0	0	0.02
1158	0	0	0.05	0	0.02
1171	0	0	0.05	0	0.02
1184	0	0	0.05	0	0.33
1197	0	0	0.05	0	0.33
1210	0	0	0.05	0	0.33
1223	0	0	0	0	0.33
1236	0	0	0	0	0.33
1249	0	0	0	0	0.33
1262	0	0	0	0	0.33
1275	0	0	0	0	0.33
1288	0	0	0	0	0.48
1301	0	0	0	0	0.48
1314	0	0	0	0	0.48
1327	0	0	0	0	0.48
1340	0	0	0	0	0.48
1353	0	0	0	0	0.48
1366	0	0	0	0	0.48
1379	0	0	0	0	0.48
1392	0	0	0	0	0.48
1405	0	0	0	0	0.48
1418	0	0	0	0	0.48
1431	0	0	0	0	0.48
1444	0	0	0	0	0.48
1457	0	0	0	0	0.48
1470	0	0	0	0	0.48
1483	0	0	0	0	0.48
1496	0	0	0	0	0.48
1509	0	0	0	0	0.48
1522	0	0	0	0	0.48
1535	0	0	0	0	0.48
1548	0	0	0	0	0.48
1561	0	0	0	0	0.48
1574	0	0	0	0	0.48
1587	0	0	0	0	0.48
1600	0	0	0	0	0.48
1613	0	0	0	0	0.48
1626	0	0	0	0	0.48
1639	0	0	0	0	0.48
1652	0	0	0	0	0.48
1665	0	0	0	0	0.48
1678	0	0	0	0	0.48
1691	0	0	0	0	0.48
1704	0	0	0	0	0.48
1717	0	0	0	0	0.48
1730	0	0	0	0	0.48
1743	0	0	0	0	0.48
1756	0	0	0	0	0.48
1769	0	0	0	0	0.48
1782	0	0	0	0	0.48
1795	0	0	0	0	0.48
1808	0	0	0	0	0.48
1821	0	0	0	0	0.48
1834	0	0	0	0	0.48
1847	0	0	0	0	0.48
1860	0	0	0	0	0.48
1873	0	0	0	0	0.48
1886	0	0	0	0	0.48
1899	0	0	0	0	0.48
1912	0	0	0	0	0.48
1925	0	0	0	0	0.48
1938	0	0	0	0	0.48
1951	0	0	0	0	0.48
1964	0	0	0	0	0.48
1977	0	0	0	0	0.48
1990	0	0	0	0	0.48
2003	0	0	0	0	0.48
2017	0	0	0	0	0.48
2031	0	0	0	0	0.48
2044	0	0	0	0	0.48
2057	0	0	0	0	0.48
2070	0	0	0	0	0.48
2083	0	0	0	0	0.48
2096	0	0	0	0	0.48
2109	0	0	0	0	0.48
2122	0	0	0	0	0.48
2135	0	0	0	0	0.48
2148	0	0	0	0	0.48
2161	0	0	0	0	0.48
2174	0	0	0	0	0.48
2187	0	0	0	0	0.48
2200	0	0	0	0	0.48
2213	0	0	0	0	0.48
2226	0	0	0	0	0.48
2239	0	0	0	0	0.48
2252	0	0	0	0	0.48
2265	0	0	0	0	0.48
2278	0	0	0	0	0.48
2291	0	0	0	0	0.48
2304	0	0	0	0	0.48
2317	0	0	0	0	0.48
2330	0	0	0	0	0.48
2343	0	0	0	0	0.48
2356	0	0	0	0	0.48
2369	0	0	0	0	0.48
2382	0	0	0	0	0.48
2395	0	0	0	0	0.48
2408	0	0	0	0	0.48
2421	0	0	0	0	0.48
2434	0	0	0	0	0.49
2447	0	0	0	0	0.49
2460	0	0	0	0	0.49
2473	0	0	0	0	0.49
2486	0	0	0	0	0.49
2499	0	0	0	0	0.49
2512	0	0	0	0	0.49
2525	0	0	0	0	0.49
2538	0	0	0	0	0.48
2551	0	0	0	0	0.48
2564	0	0	0	0	0.48
2577	0	0	0	0	0.48
2590	0	0	0	0	0.48
2603	0	0	0	0	0.48
2616	0	0	0	0	0.48
2629	0	0	0	0	0.48
2642	0	0	0	0	0.48
2655	0	0	0	0	0.48
2668	0	0	0	0	0.48
2681	0	0	0	0	0.48
2694	0	0	0	0	0.48
2707	0	0	0	0	0.48
2720	0	0	0	0	0.48
2733	0	0	0	0	0.48
2746	0	0	0	0	0.48
2759	0	0	0	0	0.48
2772	0	0	0	0	0.48
2785	0	0	0	0	0.48
2798	0	0	0	0	0.48
2811	0	0	0	0	0.48
2824	0	0	0	0	0.48
2837	0	0	0	0	0.48
2850	0	0	0	0	0.48
2863	0	0	0	0	0.48
2876	0	0	0	0	0.48
2889	0	0	0	0	0.48
2902	0	0	0	0	0.48
2915	0	0	0	0	0.48
2928	0	0	0	0	0.48
2941	0	0	0	0	0.48
2954	0	0	0	0	0.48
2967	0	0	0	0	0.48
2980	0	0	0	0	0.48
2993	0	0	0	0	0.48
3006	0	0	0	0	0.48
3019	0	0	0	0	0.48
3032	0	0	0	0	0.48
3045	0	0	0	0	0.48
3059	0	0	0	0	0.49
3071	0	0	0	0	0.49
3084	0	0	0	0	0.49
3097	0	0	0	0	0.49
3110	0	0	0	0	0.49
3123	0	0	0	0	0.49
3136	0	0	0	0	0.49
3149	0	0	0	0	0.49
3162	0	0	0	0	0.48
3175	0	0	0	0	0.48
3188	0	0	0	0	0.48
3201	0	0	0	0	0.48
3214	0	0	0	0	0.48
3227	0	0	0	0	0.48
3240	0	0	0	0	0.48
3253	0	0	0	0	0.48
3266	0	0	0	0	0.48
3279	0	0	0	0	0.48
3292	0	0	0	0	0.48
3305	0	0	0	0	0.48
3318	0	0	0	0	0.48
3331	0	0	0	0	0.48
3344	0	0	0	0	0.48
3357	0	0	0	0	0.48
3370	0	0	0	0	0.48
3383	0	0	0	0	0.48
3396	0	0	0	0	0.48
3409	0	0	0	0	0.48
3422	0	0	0	0	0.48
3435	0	0	0	0	0.48
3448	0	0	0	0	0.48
3461	0	0	0	0	0.48
3474	0	0	0	0	0.48
3487	0	0	-0.05	-0.04	0.48
3500	0	0	-0.05	-0.04	0.48
3513	0	0	-0.05	-0.04	0.48
3526	0	0	-0.05	-0.04	0.48
3539	0	0	-0.05	0	0.48
3552	0	0	0	0	0.48
3565	0	0	0	0	0.48
3578	0	0	0	0	-0.01
3591	0	0	0	0	-0.01
3604	0	0	0	0	-0.01
3617	0	0	0	0	-0.01
3630	0	0	0	0	-0.01
3643	0	0	0	0	-0.01
3656	0	0	0	0	-0.01
3669	0	0	0	0	-0.01
3682	0	0	0	0	0
3695	0	0	0	0	0
3708	0	0	0	0	0
3721	0	0	0	0	0
3734	0	0	0	0	0
3747	0	0	0	0	0
3760	0	0	0	0	0
3773	0	0	0	0	0
3786	0	0	0	0	0
3799	0	0	0	0	0
3812	0	0	0	0	0
3825	0	0	0	0	0
3838	0	0	0	0	0
3851	0	0	0	0	0
3866	0	0	0	0	0
3879	0	0	0	0	0
3892	0	0	0	0	0
3905	0	0	0	0	0
3918	0	0	0	0	0
3931	0	0	0	0	0
3944	0	0	0	0	0
3957	0	0	0	0	0
3970	0	0	0	0	0
3983	0	0	0	0	0
3996	0	0	0	0	0
4009	0	0	0	0	0
4022	0	0	0	0	0
4035	0	0	0	0	0
4048	0	0	0	0	0
4061	0	0	0	0	0
4074	0	0	0	0	0
4087	0	0	0	0	0
4100	0	0	0	0	0
4113	0	0	0	0	0
4126	0	0	0	0	0
4139	0	0	0	0	0
4152	0	0	0	0	0
4165	0	0	0	0	0
4178	0	0	0	0	0
4191	0	0	0	0	0
4204	0	0	0	0	0
4217	0	0	0	0	0
4230	0	0	0	0	0
4243	0	0	0	0	0
4256	0	0	0	0	0
4269	0	0	0	0	0
4282	0	0	0	0	0
4295	0	0	0	0	0
4308	0	0	0	0	0
4321	0	0	0	0	0
4334	0	0	0	0	0
4347	0	0	0	0	0
4360	0	0	0	0	0
4373	0	0	0	0	0
4386	0	0	0	0	0
4399	0	0	0	0	0
4412	0	0	0	0	0
4425	0	0	0	0	0
4438	0	0	0	0	0
4451	0	0	0	0	0
4464	0	0	0	0	0
4477	0	0	0	0	0
4490	0	0	0	0	0
4503	0	0	0	0	0
4516	0	0	0	0	0
4529	0	0	0	0	0
4542	0	0	0	0	0
4555	0	0	0	0	0
4568	0	0	0	0	0
4581	0	0	0	0	0
4594	0	0	0	0	0
4607	0	0	0	0	0
4620	0	0	0	0	0
4633	0	0	0	0	0
4646	0	0	0	0	0
4659	0	0	0	0	0
4672	0	0	0	0	0
4685	0	0	0	0	0
4698	0	0	0	0	0
4711	0	0	0	0	0
4724	0	0	0	0	0
4737	0	0	0	0	0
4750	0	0	0	0	0
4763	0	0	0	0	0
4776	0	0	0	0	0
4789	0	0	0	0	0
4802	0	0	0	0	0
4815	0	0	0	0	0
4828	0	0	0	0	0
4841	0	0	0	0	0
4854	0	0	0	0	0
4867	0	0	0	0	0
4880	0	0	0	0	0
4893	0	0	0	0	0
4906	0	0	0	0	0
4919	0	0	0	0	0
4932	0	0	0	0	0
4945	0	0	0	0	0
4958	0	0	0	0	0
4971	0	0	0	0	0
4984	0	0	0	0	0
4997	0	0	0	0	0
5010	0	0	0	0	0
5023	0	0	0	0	0
5036	0	0	0	0	0
5049	0	0	0	0	0
5062	0	0	0	0	0
5075	0	0	0	0	0
5088	0	0	0	0	0
5101	0	0	0	0	0
5114	0	0	0	0	0
5127	0	0	0	0	0
5140	0	0	0	0	0
5153	0	0	0	0	0
5166	0	0	0	0	0
5179	0	0	0	0	0
5192	0	0	0	0	0
5205	0	0	0	0	0
5218	0	0	0	0	0
5231	0	0	0	0	0
5244	0	0	0	0	0
5257	0	0	0	0	0
5270	0	0	0	0	0
5283	0	0	0	0	0
5296	0	0	0	0	0
5309	0	0	0	0	0
5322	0	0	0	0	0
5335	0	0	0	0	0
5348	0	0	0	0	0
5361	0	0	0	0	0
5374	0	0	0	0	0
5387	0	0	0	0	0
5400	0	0	0	0	0
5413	0	0	0	0	0
5426	0	0	0	0	0
5439	0	0	0	0	0
5452	0	0	0	0	0
5465	0	0	0	0	0
5478	0	0	0	0	0
5491	0	0	0	0	0
5504	0	0	0	0	0
5517	0	0	0	0	0
5530	0	0	0	0	0
5543	0	0	0	0	0
5556	0	0	0	0	0
5569	0	0	0	0	0
5582	0	0	0	0	0
5595	0	0	0	0	0
5608	0	0	0	0	0
5621	0	0	0	0	0
5634	0	0	0	0	0
5647	0	0	0	0	0
5660	0	0	0	0	0
5673	0	0	0	0	0
5686	0	0	0	0	0
5699	0	0	0	0	0
5712	0	0	0	0	0
5725	0	0	0	0	0
5738	0	0	0	0	0
5751	0	0	0	0	0
5764	0	0	0	0	0
5777	0	0	0	0	0
5790	0	0	0	0	0
5803	0	0	0	0	0
5817	0	0	0	0	0
5830	0	0	0	0	0
5843	0	0	0	0	0
5856	0	0	0	0	0
5869	0	0	0	0	0
5882	0	0	0	0	0
5895	0	0	0	0	0
5908	0	0	0	0	0
5921	-58.8	0	0	0	0
5934	-58.8	0	0	0	0
5947	-58.8	-0.380021715526601	-0.05	-6.21	0
5960	-58.8	-1.085776330076	-0.6	-64.63	0
5973	-58.8	-2.22584147665581	-1.52	-108.58	2.14
5986	-58.8	-3.63735070575461	-3.31	-135.72	2.14
5999	-58.8	-5.42888165038002	-4.72	-180.98	2.14
6012	-58.8	-7.70901194353963	-7.33	-159.65	2.14
6025	-58.8	-10.2062975027144	-10.1	-226.19	2.14
6038	-58.8	-13.0836047774159	-12.16	-226.19	2.14
6051	-58.8	-16.2866449511401	-15.58	-226.19	2.14
6064	-58.8	-19.4353963083605	-18.95	-271.44	2.14
6077	-58.8	-22.4755700325733	-21.61	-246.78	1.19
6090	-58.8	-25.6243213897937	-25.24	-246.78	1.19
6103	-58.8	-28.6644951140065	-27.63	-246.78	1.19
6116	-58.8	-31.8132464712269	-31.05	-246.78	1.19
6129	-58.8	-34.9077090119435	-34.42	-226.19	1.19
6142	-58.8	-38.056460369164	-36.7	-208.82	1.19
6155	-58.8	-41.1509229098806	-40.34	-246.78	1.19
6168	-58.8	-44.3539630836048	-43.76	-246.78	1.19
6181	-58.8	-47.3398479913138	-46.31	-246.78	1.24
6194	-58.8	-49.9457111834962	-49.84	-226.19	1.24
6207	-58.8	-52.2258414766558	-52.06	-271.44	1.24
6220	-58.8	-54.343105320304	-55.59	-159.65	1.24
6233	-58.8	-55.9174809989142	-57.6	-69.62	1.24
6246	-58.8	-57.2204125950054	-57.98	0	1.24
6259	-58.8	-58.0890336590662	-57.98	-2.95	1.24
6272	-58.8	-58.6319218241042	-58.09	-11.03	1.24
6285	-58.8	-58.8490770901194	-58.31	-17.72	1.11
6298	80.6	-58.8490770901194	-58.52	-12.03	1.11
6311	80.6	-58.7947882736156	-58.63	-12.46	1.11
6324	80.6	-58.414766558089	-58.69	9.12	1.11
6337	80.6	-57.6547231270358	-58.2	63.11	1.11
6350	80.6	-56.6232356134636	-57.44	104.41	1.11
6363	80.6	-55.1031487513572	-55.7	142.84	1.11
6376	80.6	-53.257328990228	-53.47	193.88	1.11
6389	80.6	-51.0314875135722	-51.47	180.98	-1.14
6402	80.6	-48.4799131378936	-48.53	208.82	-1.14
6415	80.6	-45.4397394136808	-46.36	271.44	-1.14
6428	80.6	-42.2909880564604	-42.89	246.78	-1.14
6441	80.6	-39.2508143322476	-39.36	246.78	-1.14
6454	80.6	-36.1563517915309	-37.02	246.78	-1.14
6467	80.6	-32.8990228013029	-33.39	246.78	-1.14
6480	80.6	-29.8588490770901	-29.91	246.78	-1.14
6493	80.6	-26.9272529858849	-27.36	208.82	-0.6
6506	80.6	-23.7242128121607	-23.94	208.82	-0.6
6519	80.6	-20.5754614549403	-21.77	271.44	-0.6
6532	80.6	-17.4267100977199	-18.13	226.19	-0.6
6545	80.6	-14.3865363735071	-14.6	271.44	-0.6
6558	80.6	-11.2920738327904	-12.32	226.19	-0.6
6571	80.6	-8.14332247557003	-8.74	226.19	-0.6
6584	80.6	-4.99457111834962	-5.16	271.44	-0.6
6597	80.6	-2.06297502714441	-2.55	226.19	-0.69
6610	80.6	1.1400651465798	0.92	246.78	-0.69
6623	80.6	4.18023887079262	3.2	226.19	-0.69
6636	80.6	7.32899022801303	6.62	246.78	-0.69
6649	80.6	10.4777415852334	10.15	246.78	-0.69
6662	80.6	13.5179153094463	12.49	246.78	-0.69
6675	80.6	16.6666666666667	16.18	271.44	-0.69
6688	80.6	19.7068403908795	18.62	226.19	-0.69
6701	80.6	22.9098805646037	22.69	226.19	-0.9
6714	80.6	25.9500542888165	24.97	246.78	-0.9
6727	80.6	29.0988056460369	28.45	271.44	-0.9
6740	80.6	32.1932681867535	31.87	271.44	-0.9
6753	80.6	35.3420195439739	34.31	226.19	-0.9
6766	80.6	38.4907709011944	37.84	226.19	-0.9
6780	80.6	41.6938110749186	41.48	226.19	-0.9
6792	80.6	44.6796959826276	43.76	208.82	-0.9
6805	-58.8	47.7741585233442	47.5	226.19	-0.94
6818	-58.8	50.9229098805646	49.78	271.44	-0.94
6831	-58.8	53.5830618892508	53.31	226.19	-0.94
6844	-58.8	56.0260586319218	56.41	169.64	-0.94
6857	-58.8	57.9804560260586	57.93	104.41	-0.94
6870	-58.8	59.6091205211726	59.55	84.82	-0.94
6883	-58.8	60.85776330076	60.75	66.19	-0.94
6896	-58.8	61.7263843648208	61.35	51.21	-0.94
6909	-58.8	62.3235613463626	62.16	39.91	-0.08
6922	-58.8	62.486427795874	62.43	15.59	-0.08
6935	-58.8	62.2692725298588	62.43	-15.59	-0.08
6949	-58.8	61.672095548317	61.94	-54.29	-0.08
6962	-58.8	60.6948968512486	61.35	-93.59	-0.08
6975	-58.8	59.3919652551574	59.88	-123.39	-0.08
6988	-58.8	57.6547231270358	57.87	-180.98	-0.08
7001	-58.8	55.5917480998914	56.3	-193.88	-0.08
7014	-58.8	53.257328990228	53.31	-193.88	1.47
7027	-58.8	50.542888165038	51.36	-208.82	1.47
7040	-58.8	47.3398479913138	47.94	-271.44	1.47
7053	-58.8	44.1368078175896	44.35	-271.44	1.47
7066	-58.8	41.042345276873	42.07	-226.19	1.47
7079	-58.8	37.9478827361563	38.65	-208.82	1.47
7092	-58.8	34.7991313789359	35.18	-226.19	1.47
7106	-58.8	31.5418023887079	32.9	-226.19	1.47
7119	-58.8	28.4473398479913	28.94	-246.78	1.25
7132	-58.8	25.3528773072747	26.6	-226.19	1.25
7145	-58.8	22.3127035830619	23.13	-246.78	1.25
7158	-58.8	19.2182410423453	20.58	-271.44	1.25
7171	-58.8	16.0694896851249	16.99	-271.44	1.25
7184	-58.8	12.9750271444083	13.63	-226.19	1.25
7197	-58.8	9.88056460369164	11.4	-246.78	1.25
7210	-58.8	6.62323561346363	7.98	-226.19	1.25
7223	-58.8	3.69163952225841	5.37	-226.19	1.59
7236	-58.8	0.542888165038002	1.95	-208.82	1.59
7249	-58.8	-2.60586319218241	-1.41	-246.78	1.59
7262	-58.8	-5.59174809989142	-3.58	-246.78	1.59
7275	-58.8	-8.74049945711183	-7	-246.78	1.59
7288	-58.8	-11.8892508143322	-10.42	-208.82	1.59
7301	80.6	-14.9837133550489	-12.65	-226.19	1.59
7314	80.6	-18.0238870792617	-15.96	-208.82	1.59
7327	80.6	-20.8469055374593	-18.57	-246.78	1.72
7340	80.6	-23.3441910966341	-22.04	-226.19	1.72
7353	80.6	-25.4614549402823	-24.54	-226.19	1.72
7366	80.6	-27.1986970684039	-28.01	-208.82	1.72
7379	80.6	-28.5559174809989	-31.22	-180.98	1.72
7392	80.6	-29.5331161780673	-32.46	0	1.72
7405	80.6	-30.1845819761129	-32.03	93.59	1.72
7418	80.6	-30.3474484256243	-30.62	90.47	1.72
7431	80.6	-30.2931596091205	-29.75	55.42	0.47
7444	80.6	-29.8045602605863	-29.04	30.49	0.47
7457	80.6	-28.9359391965255	-28.77	40.52	0.47
7470	80.6	-27.7415852334419	-28.07	79.83	0.47
7483	80.6	-26.1672095548317	-26.66	150.79	0.47
7496	80.6	-24.2671009771987	-25.24	169.64	0.47
7509	80.6	-21.9326818675353	-22.42	193.88	0.47
7522	80.6	-19.2182410423453	-19.33	226.19	0.47
7535	80.6	-16.1780673181325	-16.78	246.78	-1.06
7548	80.6	-13.1378935939197	-13.14	226.19	-1.06
7561	80.6	-9.98914223669924	-10.86	226.19	-1.06
7574	80.6	-6.89467969598263	-7.33	246.78	-1.06
7587	80.6	-3.74592833876221	-3.91	226.19	-1.06
7600	80.6	-0.705754614549403	-1.63	226.19	-1.06
7613	80.6	2.49728555917481	1.85	208.82	-1.06
7626	80.6	5.64603691639522	5.37	246.78	-1.06
7639	80.6	8.68621064060803	7.87	246.78	-0.68
7652	80.6	11.7806731813246	11.51	226.19	-0.68
7665	80.6	14.9294245385451	13.84	226.19	-0.68
7678	80.6	18.0238870792617	17.43	246.78	-0.68
7691	80.6	21.1726384364821	20.9	246.78	-0.68
7704	80.6	24.2671009771987	23.34	246.78	-0.68
7717	80.6	27.4158523344191	26.82	246.78	-0.68
7730	80.6	30.4560260586319	30.24	246.78	-0.68
7743	80.6	33.4961997828447	32.84	226.19	-0.86
7756	80.6	36.6449511400651	36.54	246.78	-0.86
7769	80.6	39.7394136807817	38.82	246.78	-0.86
7782	80.6	42.8881650380022	42.29	208.82	-0.86
7795	-58.8	46.0369163952226	45.71	246.78	-0.86
7808	-58.8	49.0228013029316	47.99	226.19	-0.86
7821	-58.8	51.9543973941368	51.52	226.19	-0.86
7834	-58.8	54.3973941368078	54.61	169.64	-0.86
7847	-58.8	56.6232356134636	56.41	142.84	0.64
7860	-58.8	58.414766558089	58.36	96.94	0.64
7873	-58.8	59.8262757871878	59.34	96.94	0.64
7886	-58.8	60.85776330076	60.64	69.62	0.64
7899	-58.8	61.6178067318132	61.56	43.08	0.64
7912	-58.8	61.8892508143322	61.89	16.98	0.64
7925	-58.8	61.8349619978284	61.94	-12.73	0.64
7938	-58.8	61.400651465798	61.56	-35.7	0.64
7951	-58.8	60.6406080347448	61.07	-67.84	1.16
7964	-58.8	59.500542888165	59.83	-108.58	1.16
7977	-58.8	58.0347448425624	58.69	-142.84	1.16
7990	-58.8	56.1889250814332	56.57	-169.64	1.16
8003	-58.8	53.9630836047774	54.07	-180.98	1.16
8016	-58.8	51.3029315960912	52.17	-193.88	1.16
8029	-58.8	48.2084690553746	48.97	-208.82	1.16
8043	-58.8	45.0054288816504	45.28	-208.82	1.16
8056	-58.8	41.9652551574376	42.62	-246.78	1.03
8069	-58.8	38.8165038002171	39.09	-226.19	1.03
8082	-58.8	35.7763300760043	36.81	-246.78	1.03
8095	-58.8	32.5190010857763	33.28	-226.19	1.03
8108	-58.8	29.3702497285559	29.75	-271.44	1.03
8122	-58.8	26.2214983713355	27.42	-208.82	1.03
8135	-58.8	23.0184581976113	23.78	-208.82	1.03
8148	-58.8	19.8154180238871	20.3	-226.19	1.03
8161	-58.8	16.7752442996743	17.64	-246.78	1.27
8174	-58.8	13.6807817589577	14.28	-246.78	1.27
8187	-58.8	10.5320304017372	11.89	-246.78	1.27
8200	-58.8	7.43756786102063	8.52	-246.78	1.27
8213	-58.8	4.28881650380022	5.1	-226.19	1.27
8226	-58.8	1.2486427795874	2.82	-226.19	1.27
8239	-58.8	-1.90010857763301	-0.54	-271.44	1.27
8252	-58.8	-4.99457111834962	-4.02	-226.19	1.27
8265	-58.8	-8.08903365906623	-6.57	-226.19	1.51
8278	-58.8	-11.2377850162866	-9.99	-246.78	1.51
8291	-58.8	-14.3322475570033	-12.21	-226.19	1.51
8304	80.6	-17.4809989142237	-15.74	-226.19	1.51
8317	80.6	-20.4125950054289	-19.11	-246.78	1.51
8330	80.6	-22.8555917480999	-21.44	-246.78	1.51
8343	80.6	-25.0814332247557	-24.86	-246.78	1.51
8356	80.6	-26.9272529858849	-28.12	-246.78	1.51
8369	80.6	-28.3387622149837	-30.67	-150.79	1.15
8382	80.6	-29.4788273615635	-32.36	0	1.15
8395	80.6	-30.2388707926167	-31.98	87.56	1.15
8408	80.6	-30.6188925081433	-30.78	71.44	1.15
8421	80.6	-30.6188925081433	-29.91	35.7	1.15
8434	80.6	-30.2388707926167	-29.64	14.2	1.15
8447	80.6	-29.5331161780673	-29.42	32.7	1.15
8460	80.6	-28.4473398479913	-28.66	87.56	1.15
8473	80.6	-26.9815418023887	-27.63	123.39	-1.52
8486	80.6	-25.1357220412595	-25.52	180.98	-1.52
8499	80.6	-22.9641693811075	-23.83	169.64	-1.52
8512	80.6	-20.3040173724213	-20.79	226.19	-1.52
8525	80.6	-17.3724212812161	-17.43	246.78	-1.52
8538	80.6	-14.4408251900109	-15.09	226.19	-1.52
8551	80.6	-11.2377850162866	-11.62	226.19	-1.52
8564	80.6	-8.08903365906623	-8.25	226.19	-1.52
8577	80.6	-5.10314875135722	-5.65	226.19	-0.49
8590	80.6	-1.95439739413681	-2.17	246.78	-0.49
8603	80.6	1.1400651465798	0.05	271.44	-0.49
8616	80.6	4.28881650380022	3.64	226.19	-0.49
8629	80.6	7.43756786102063	7.22	246.78	-0.49
8642	80.6	10.4234527687296	9.55	226.19	-0.49
8655	80.6	13.6807817589577	13.08	208.82	-0.49
8668	80.6	16.7209554831705	16.56	246.78	-0.49
8681	80.6	19.7611292073833	19.06	246.78	-0.78
8694	80.6	22.8555917480999	22.69	226.19	-0.78
8707	80.6	26.0043431053203	25.03	246.78	-0.78
8720	80.6	29.1530944625407	28.56	226.19	-0.78
8733	80.6	32.3018458197611	32.03	208.82	-0.78
8746	80.6	35.2877307274701	34.31	246.78	-0.78
8759	80.6	38.4364820846906	37.79	246.78	-0.78
8772	80.6	41.585233441911	41.37	226.19	-0.78
8785	80.6	44.6254071661238	43.97	271.44	-0.76
8798	-58.8	47.828447339848	47.61	271.44	-0.76
8811	-58.8	50.7600434310532	49.95	226.19	-0.76
8824	-58.8	53.528773072747	53.37	208.82	-0.76
8837	-58.8	55.971769815418	56.24	159.65	-0.76
8850	-58.8	57.9261672095548	57.65	118	-0.76
8863	-58.8	59.6091205211726	59.34	93.59	-0.76
8876	-58.8	60.85776330076	60.64	75.4	-0.76
8889	-58.8	61.7263843648208	61.45	63.11	-0.15
8902	-58.8	62.2692725298588	62.27	33.09	-0.15
8915	-58.8	62.4321389793702	62.49	9.03	-0.15
8928	-58.8	62.2692725298588	62.32	-26.36	-0.15
8941	-58.8	61.7263843648208	62	-46.82	-0.15
8954	-58.8	60.8034744842562	61.18	-75.4	-0.15
8967	-58.8	59.4462540716612	59.83	-113.09	-0.15
8980	-58.8	57.8175895765472	58.58	-159.65	-0.15
8993	-58.8	55.8631921824104	55.97	-180.98	1.57
9006	-58.8	53.528773072747	54.18	-226.19	1.57
9019	-58.8	50.7057546145494	51.19	-208.82	1.57
9033	-58.8	47.557003257329	47.72	-246.78	1.57
9046	-58.8	44.3539630836048	45.44	-208.82	1.57
9059	-58.8	41.2052117263844	41.8	-246.78	1.57
9072	-58.8	38.0021715526602	38.27	-246.78	1.57
9086	-58.8	34.7991313789359	35.78	-226.19	1.57
9099	-58.8	31.6503800217155	31.98	-246.78	1.09
9112	-58.8	28.5559174809989	29.64	-246.78	1.09
9125	-58.8	25.4071661237785	26.11	-246.78	1.09
9138	-58.8	22.2584147665581	22.69	-271.44	1.09
9151	-58.8	19.3268186753529	20.36	-208.82	1.09
9164	-58.8	16.1237785016287	16.99	-246.78	1.09
9178	-58.8	12.9207383279045	13.41	-271.44	1.09
9191	-58.8	9.77198697068404	11.13	-226.19	1.09
9204	-58.8	6.62323561346363	7.27	-246.78	1.38
9217	-58.8	3.52877307274701	4.94	-246.78	1.38
9230	-58.8	0.380021715526601	1.47	-226.19	1.38
9243	-58.8	-2.66015200868621	-1.9	-271.44	1.38
9256	-58.8	-5.75461454940282	-4.18	-208.82	1.38
9269	-58.8	-9.01194353963084	-7.71	-246.78	1.38
9282	-58.8	-12.1606948968512	-11.18	-246.78	1.38
9296	80.6	-15.3094462540717	-13.41	-226.19	1.38
9309	80.6	-18.4581976112921	-17.21	-193.88	1.53
9322	80.6	-21.4440825190011	-19.54	-226.19	1.53
9335	80.6	-24.2671009771987	-22.96	-226.19	1.53
9348	80.6	-26.7100977198697	-26.44	-208.82	1.53
9361	80.6	-28.6644951140065	-28.66	-271.44	1.53
9374	80.6	-30.2931596091205	-32.08	-226.19	1.53
9387	80.6	-31.5418023887079	-34.2	-75.4	1.53
9400	80.6	-32.4647122692725	-34.74	54.29	1.53
9413	80.6	-33.0076004343105	-33.98	93.59	-1.61
9426	80.6	-33.2247557003257	-32.84	45.26	-1.61
9439	80.6	-33.0618892508143	-32.3	19.98	-1.61
9452	80.6	-32.5190010857763	-32.19	15.42	-1.61
9465	80.6	-31.5960912052117	-31.81	61.67	-1.61
9478	80.6	-30.2931596091205	-30.67	104.41	-1.61
9491	80.6	-28.7187839305103	-29.59	159.65	-1.61
9504	80.6	-26.6015200868621	-27.14	193.88	-1.61
9517	80.6	-24.2671009771987	-25.08	208.82	-1.18
9530	80.6	-21.4983713355049	-21.99	271.44	-1.18
9543	80.6	-18.4039087947883	-18.46	226.19	-1.18
9556	80.6	-15.3094462540717	-16.12	246.78	-1.18
9569	80.6	-12.2692725298588	-12.49	246.78	-1.18
9582	80.6	-9.22909880564604	-9.99	246.78	-1.18
9595	80.6	-6.08034744842562	-6.57	226.19	-1.18
9608	80.6	-2.87730727470141	-3.2	271.44	-1.18
9621	80.6	0.162866449511401	-0.76	271.44	-0.76
9634	80.6	3.25732899022801	2.93	226.19	-0.76
9647	80.6	6.29750271444082	5.27	271.44	-0.76
9660	80.6	9.50054288816504	8.9	246.78	-0.76
9673	80.6	12.6492942453855	12.54	208.82	-0.76
9686	80.6	15.6894679695983	14.82	208.82	-0.76
9699	80.6	18.8382193268187	18.35	208.82	-0.76
9712	80.6	21.9326818675353	21.72	246.78	-0.76
9725	80.6	25.0271444082519	24.32	246.78	-0.79
9738	80.6	28.1758957654723	27.9	226.19	-0.79
9751	80.6	31.3246471226927	30.24	271.44	-0.79
9764	80.6	34.3648208469055	33.82	226.19	-0.79
9777	80.6	37.5678610206297	37.4	246.78	-0.79
9790	80.6	40.6080347448426	39.69	226.19	-0.79
9803	-58.8	43.7024972855592	43.11	246.78	-0.79
9816	-58.8	46.6340933767644	46.58	246.78	-0.79
9829	-58.8	49.185667752443	48.91	208.82	0.07
9842	-58.8	51.4657980456026	51.57	135.72	0.07
9855	-58.8	53.257328990228	52.88	108.58	0.07
9868	-58.8	54.7231270358306	54.45	90.47	0.07
9881	-58.8	55.8089033659066	55.65	64.63	0.07
9894	-58.8	56.5689467969598	56.3	46.82	0.07
9907	-58.8	56.9489685124864	56.89	22.45	0.07
9920	-58.8	56.8946796959826	57	0	0.07
9933	-58.8	56.5689467969598	56.84	-36.7	0.94
9946	-58.8	55.8631921824104	56.08	-69.62	0.94
9959	-58.8	54.7774158523344	55.37	-96.94	0.94
9972	-58.8	53.2030401737242	53.75	-123.39	0.94
9985	-58.8	51.4115092290988	51.63	-159.65	0.94
9998	-58.8	49.2942453854506	49.95	-180.98	0.94
10011	-58.8	46.6340933767644	47.12	-193.88	0.94
10025	-58.8	43.6482084690554	43.87	-246.78	0.94
10038	-58.8	40.499457111835	41.31	-226.19	1.32
10051	-58.8	37.4592833876221	37.68	-246.78	1.32
10064	-58.8	34.3105320304017	35.4	-226.19	1.32
10077	-58.8	31.2160694896851	31.87	-246.78	1.32
10090	-58.8	28.0673181324647	28.39	-246.78	1.32
10103	-58.8	24.9728555917481	26.11	-226.19	1.32
10116	-58.8	21.9326818675353	22.64	-246.78	1.32
10129	-58.8	18.7296416938111	19.11	-208.82	1.32
10142	-58.8	15.6894679695983	16.56	-246.78	1.17
10155	-58.8	12.5407166123779	13.03	-208.82	1.17
10168	-58.8	9.44625407166124	10.75	-226.19	1.17
10181	-58.8	6.29750271444082	7.17	-246.78	1.17
10194	-58.8	3.25732899022801	3.8	-226.19	1.17
10207	-58.8	0.1085776330076	1.63	-226.19	1.17
10220	-58.8	-3.04017372421281	-2.06	-246.78	1.17
10233	-58.8	-6.13463626492942	-5.43	-246.78	1.17
10246	-58.8	-9.17480998914224	-7.93	-271.44	1.37
10259	-58.8	-12.3778501628664	-11.51	-246.78	1.37
10272	-58.8	-15.4180238870793	-13.74	-226.19	1.37
10285	-58.8	-18.5667752442997	-17.1	-226.19	1.37
10298	80.6	-21.6612377850163	-20.58	-208.82	1.37
10311	80.6	-24.7014115092291	-22.8	-246.78	1.37
10324	80.6	-27.6330076004343	-26.28	-226.19	1.37
10337	80.6	-30.1302931596091	-29.64	-246.78	1.37
10350	80.6	-32.2475570032573	-32.25	-226.19	1.49
10363	80.6	-34.0390879478827	-35.67	-208.82	1.49
10376	80.6	-35.3963083604777	-37.79	-108.58	1.49
10389	80.6	-36.4820846905537	-39.03	18.98	1.49
10402	80.6	-37.1335504885993	-38.49	87.56	1.49
10415	80.6	-37.4592833876221	-37.3	64.63	1.49
10428	80.6	-37.4049945711183	-36.59	19.98	1.49
10441	80.6	-37.0249728555917	-36.48	8.95	1.49
10454	80.6	-36.2649294245385	-36.21	42.43	-0.74
10467	80.6	-35.0705754614549	-35.72	79.83	-0.74
10480	80.6	-33.5504885993485	-34.2	150.79	-0.74
10493	80.6	-31.7046688382193	-32.03	169.64	-0.74
10506	80.6	-29.4788273615635	-30.24	208.82	-0.74
10519	80.6	-26.7100977198697	-27.25	226.19	-0.74
10533	80.6	-23.6699239956569	-23.89	208.82	-0.74
10546	80.6	-20.4668838219327	-21.5	226.19	-0.74
10559	80.6	-17.3181324647123	-17.48	208.82	-0.58
10572	80.6	-14.2236699239957	-15.09	226.19	-0.58
10585	80.6	-11.0749185667752	-11.51	208.82	-0.58
10598	80.6	-8.03474484256243	-8.2	226.19	-0.58
10611	80.6	-4.94028230184582	-5.97	226.19	-0.58
10624	80.6	-1.79153094462541	-2.5	246.78	-0.58
10637	80.6	1.35722041259501	1.09	226.19	-0.58
10650	80.6	4.45168295331162	3.42	246.78	-0.58
10663	80.6	7.60043431053203	7.27	246.78	-0.71
10676	80.6	10.586319218241	9.72	271.44	-0.71
10689	80.6	13.7350705754615	13.19	246.78	-0.71
10702	80.6	16.8838219326819	16.72	226.19	-0.71
10715	80.6	19.9782844733985	19	246.78	-0.71
10728	80.6	23.1270358306189	22.53	208.82	-0.71
10741	80.6	26.1672095548317	25.95	226.19	-0.71
10754	80.6	29.2616720955483	28.23	246.78	-0.71
10767	80.6	32.4104234527687	32.08	208.82	-0.79
10780	80.6	35.5048859934853	34.36	246.78	-0.79
10793	80.6	38.6536373507057	38.06	246.78	-0.79
10806	-58.8	41.7480998914224	41.53	271.44	-0.79
10819	-58.8	44.7339847991314	43.87	226.19	-0.79
10832	-58.8	47.557003257329	47.34	193.88	-0.79
10845	-58.8	49.9457111834962	50.27	150.79	-0.79
10858	-58.8	51.900108577633	51.68	123.39	-0.79
10871	-58.8	53.528773072747	53.37	104.41	0.08
10884	-58.8	54.8317046688382	54.29	84.82	0.08
10897	-58.8	55.8089033659066	55.48	66.19	0.08
10910	-58.8	56.2975027144408	56.3	39.91	0.08
10923	-58.8	56.514657980456	56.51	13.29	0.08
10936	-58.8	56.2975027144408	56.46	-20.54	0.08
10949	-58.8	55.8089033659066	55.97	-45.26	0.08
10962	-58.8	54.9402823018458	55.48	-82.26	0.08
10975	-58.8	53.6373507057546	54.02	-123.39	1.61
10988	-58.8	52.0086862106406	52.77	-159.65	1.61
11001	-58.8	50	50.43	-169.64	1.61
11014	-58.8	47.6112920738328	47.72	-226.19	1.61
11027	-58.8	44.7882736156352	45.71	-208.82	1.61
11040	-58.8	41.8023887079262	42.29	-208.82	1.61
11053	-58.8	38.5993485342019	38.82	-246.78	1.61
11066	-58.8	35.5591748099891	36.54	-271.44	1.61
11079	-58.8	32.3561346362649	32.68	-246.78	0.98
11092	-58.8	29.3159609120521	30.4	-246.78	0.98
11105	-58.8	26.1672095548317	26.76	-246.78	0.98
11118	-58.8	23.0727470141151	23.34	-226.19	0.98
11131	-58.8	19.9782844733985	21.17	-226.19	0.98
11144	-58.8	16.8295331161781	17.54	-271.44	0.98
11157	-58.8	13.7893593919653	14.12	-226.19	0.98
11170	-58.8	10.6406080347448	11.83	-246.78	0.98
11183	-58.8	7.43756786102063	7.98	-226.19	1.22
11196	-58.8	4.39739413680782	5.7	-246.78	1.22
11209	-58.8	1.30293159609121	2.12	-226.19	1.22
11222	-58.8	-1.84581976112921	-1.25	-226.19	1.22
11235	-58.8	-4.94028230184582	-3.42	-208.82	1.22
11248	-58.8	-8.08903365906623	-7	-246.78	1.22
11261	-58.8	-11.129207383279	-10.37	-271.44	1.22
11274	-58.8	-14.2779587404995	-12.54	-208.82	1.22
11287	-58.8	-17.3724212812161	-16.4	-226.19	1.36
11300	80.6	-20.5211726384365	-18.73	-246.78	1.36
11313	80.6	-23.6699239956569	-22.26	-246.78	1.36
11326	80.6	-26.3843648208469	-25.68	-246.78	1.36
11339	80.6	-28.7730727470141	-27.9	-271.44	1.36
11352	80.6	-30.8360477741585	-31.27	-226.19	1.36
11365	80.6	-32.4647122692725	-34.69	-193.88	1.36
11378	80.6	-33.8219326818675	-36.37	-69.62	1.36
11391	80.6	-34.7991313789359	-36.81	64.63	-3.36
11404	80.6	-35.3963083604777	-36.16	69.62	-3.36
11417	80.6	-35.6134636264929	-35.12	39.35	-3.36
11430	80.6	-35.4505971769815	-34.8	10.94	-3.36
11443	80.6	-34.9619978284473	-34.69	11.38	-3.36
11456	80.6	-34.0933767643865	-34.31	60.33	-3.36
11469	80.6	-32.8447339847991	-33.17	100.54	-3.36
11482	80.6	-31.3246471226927	-32.08	135.72	-3.36
11495	80.6	-29.3159609120521	-29.59	169.64	-1.22
11508	80.6	-27.0901194353963	-27.85	208.82	-1.22
11521	80.6	-24.3213897937025	-24.81	208.82	-1.22
11534	80.6	-21.2269272529859	-21.55	246.78	-1.22
11547	80.6	-18.2410423452769	-19.22	271.44	-1.22
11560	80.6	-15.0922909880565	-15.58	226.19	-1.22
11573	80.6	-11.943539630836	-12.05	226.19	-1.22
11586	80.6	-8.95765472312704	-9.66	226.19	-1.22
11599	80.6	-5.75461454940282	-5.86	246.78	-0.42
11612	80.6	-2.71444082519001	-3.53	246.78	-0.42
11625	80.6	0.488599348534202	-0.11	246.78	-0.42
11638	80.6	3.69163952225841	3.31	271.44	-0.42
11651	80.6	6.67752442996743	5.65	226.19	-0.42
11664	80.6	9.82627578718784	9.23	246.78	-0.42
11677	80.6	12.9750271444083	12.65	246.78	-0.42
11690	80.6	15.9609120521173	14.98	208.82	-0.42
11703	80.6	19.1639522258415	18.89	208.82	-0.71
11716	80.6	22.2041259500543	21.17	226.19	-0.71
11729	80.6	25.3528773072747	24.81	246.78	-0.71
11742	80.6	28.4473398479913	28.23	246.78	-0.71
11755	80.6	31.4875135722041	30.46	226.19	-0.71
11768	80.6	34.6362649294245	33.98	246.78	-0.71
11781	80.6	37.8393051031487	37.46	246.78	-0.71
11794	80.6	40.8794788273616	39.79	246.78	-0.71
11807	-58.8	43.9739413680782	43.65	208.82	-0.8
11820	-58.8	47.0684039087948	45.98	226.19	-0.8
11833	-58.8	49.728555917481	49.57	193.88	-0.8
11846	-58.8	52.171552660152	52.39	135.72	-0.8
11859	-58.8	54.1259500542888	53.8	118	-0.8
11872	-58.8	55.7546145494028	55.54	104.41	-0.8
11885	-58.8	57.0032573289902	56.84	77.57	-0.8
11898	-58.8	57.9261672095548	57.55	61.67	-0.8
11911	-58.8	58.414766558089	58.36	32.31	0.06
11924	-58.8	58.6319218241042	58.58	10.86	0.06
11937	-58.8	58.414766558089	58.52	-16.46	0.06
11950	-58.8	57.871878393051	58.09	-43.78	0.06
11963	-58.8	56.8946796959826	57.55	-90.47	0.06
11976	-58.8	55.5374592833876	56.08	-118	0.06
11989	-58.8	53.9087947882736	54.07	-150.79	0.06
12002	-58.8	51.900108577633	52.5	-159.65	0.06
12015	-58.8	49.457111834962	49.62	-193.88	1.3
12028	-58.8	46.742671009772	47.67	-226.19	1.3
12041	-58.8	43.5939196525516	44.25	-226.19	1.3
12054	-58.8	40.5537459283388	40.88	-246.78	1.3
12067	-58.8	37.4049945711183	38.6	-246.78	1.3
12080	-58.8	34.3105320304017	34.96	-271.44	1.3
12093	-58.8	31.1617806731813	31.49	-246.78	1.3
12106	-58.8	28.0673181324647	29.21	-226.19	1.3
12119	-58.8	24.9185667752443	25.41	-226.19	1.06
12132	-58.8	21.8783930510315	23.02	-226.19	1.06
12145	-58.8	18.6753528773073	19.38	-246.78	1.06
12158	-58.8	15.6351791530945	15.96	-246.78	1.06
12171	-58.8	12.5407166123779	13.79	-246.78	1.06
12184	-58.8	9.39196525515744	10.21	-246.78	1.06
12197	-58.8	6.24321389793702	6.79	-226.19	1.06
12210	-58.8	3.25732899022801	4.56	-226.19	1.06
12223	-58.8	0.1085776330076	0.76	-271.44	1.28
12236	-58.8	-2.98588490770901	-1.57	-246.78	1.28
12249	-58.8	-6.24321389793702	-5.05	-226.19	1.28
12262	-58.8	-9.39196525515744	-8.63	-246.78	1.28
12275	-58.8	-12.3778501628664	-10.8	-208.82	1.28
12288	-58.8	-15.5266015200869	-14.17	-246.78	1.28
12301	80.6	-18.5667752442997	-17.59	-226.19	1.28
12314	80.6	-21.5526601520087	-19.87	-226.19	1.28
12327	80.6	-24.3213897937025	-23.67	-246.78	1.49
12340	80.6	-26.7100977198697	-25.9	-226.19	1.49
12353	80.6	-28.7187839305103	-29.37	-246.78	1.49
12366	80.6	-30.4017372421281	-32.74	-193.88	1.49
12379	80.6	-31.6503800217155	-34.36	-39.91	1.49
12392	80.6	-32.5190010857763	-34.47	63.11	1.49
12405	80.6	-33.1161780673181	-33.44	63.11	1.49
12418	80.6	-33.2790445168295	-32.84	33.92	1.49
12431	80.6	-33.1161780673181	-32.41	13.03	0.75
12444	80.6	-32.5190010857763	-32.36	16.76	0.75
12457	80.6	-31.5960912052117	-31.87	64.63	0.75
12470	80.6	-30.2931596091205	-30.67	118	0.75
12483	80.6	-28.7187839305103	-29.48	159.65	0.75
12496	80.6	-26.7100977198697	-27.2	180.98	0.75
12509	80.6	-24.2671009771987	-25.19	208.82	0.75
12522	80.6	-21.5526601520087	-21.99	226.19	0.75
12535	80.6	-18.4581976112921	-19.22	271.44	-1.21
12548	80.6	-15.2551574375679	-15.36	246.78	-1.21
12561	80.6	-12.214983713355	-13.03	301.59	-1.21
12574	80.6	-9.06623235613464	-9.45	246.78	-1.21
12587	80.6	-5.91748099891422	-6.03	226.19	-1.21
12600	80.6	-2.93159609120521	-3.69	246.78	-1.21
12613	80.6	0.217155266015201	-0.38	226.19	-1.21
12626	80.6	3.42019543973941	3.15	246.78	-1.21
12639	80.6	6.40608034744843	5.75	226.19	-0.76
12652	80.6	9.55483170466884	9.28	246.78	-0.76
12665	80.6	12.6492942453855	11.62	246.78	-0.76
12678	80.6	15.8523344191097	15.2	246.78	-0.76
12691	80.6	19.0553745928339	18.78	246.78	-0.76
12704	80.6	22.0412595005429	21.17	226.19	-0.76
12717	80.6	25.1357220412595	24.97	246.78	-0.76
12730	80.6	28.2844733984799	27.14	246.78	-0.76
12743	80.6	31.3789359391965	31.22	226.19	-0.76
12756	80.6	34.4733984799131	33.5	246.78	-0.76
12769	80.6	37.5678610206297	37.02	246.78	-0.76
12782	80.6	40.7166123778502	40.45	246.78	-0.76
12795	80.6	43.8110749185668	42.73	271.44	-0.76
12808	-58.8	46.9598262757872	46.31	226.19	-0.76
12822	-58.8	50	49.89	226.19	-0.76
12835	-58.8	52.5515743756786	52.12	193.88	-0.76
12848	-58.8	54.7774158523344	54.89	150.79	0.58
12861	-58.8	56.5689467969598	56.13	108.58	0.58
12874	-58.8	57.9804560260586	57.71	90.47	0.58
12887	-58.8	59.0662323561346	58.9	66.19	0.58
12900	-58.8	59.771986970684	59.5	50.25	0.58
12913	-58.8	60.0977198697068	60.1	21.54	0.58
12926	-58.8	60.0977198697068	60.21	0	0.58
12939	-58.8	59.7176981541802	59.93	-41.13	0.58
12952	-58.8	58.957654723127	59.45	-64.63	1.19
12965	-58.8	57.8175895765472	58.31	-108.58	1.19
12978	-58.8	56.2975027144408	56.57	-135.72	1.19
12991	-58.8	54.5602605863192	55.1	-159.65	1.19
13004	-58.8	52.2801302931596	52.44	-193.88	1.19
13017	-58.8	49.728555917481	50.65	-208.82	1.19
13030	-58.8	46.6340933767644	47.34	-246.78	1.19
13044	-58.8	43.4310532030402	43.7	-246.78	1.19
13057	-58.8	40.3365906623236	41.1	-246.78	0.93
13070	-58.8	37.1878393051031	37.35	-246.78	0.93
13083	-58.8	34.0933767643865	35.12	-271.44	0.93
13096	-58.8	31.0532030401737	31.49	-246.78	0.93
13109	-58.8	27.8501628664495	28.07	-271.44	0.93
13122	-58.8	24.8099891422367	25.73	-246.78	0.93
13135	-58.8	21.6612377850163	22.26	-271.44	0.93
13148	-58.8	18.4039087947883	18.73	-226.19	0.93
13161	-58.8	15.4723127035831	16.18	-208.82	1.18
13174	-58.8	12.3778501628664	12.7	-226.19	1.18
13187	-58.8	9.33767643865364	10.42	-226.19	1.18
13200	-58.8	6.18892508143322	6.95	-246.78	1.18
13213	-58.8	2.98588490770901	3.47	-246.78	1.18
13226	-58.8	-0.0542888165038002	1.3	-226.19	1.18
13239	-58.8	-3.09446254071661	-2.17	-246.78	1.18
13252	-58.8	-6.29750271444082	-5.65	-246.78	1.18
13265	-58.8	-9.44625407166124	-8.2	-246.78	1.35
13278	-58.8	-12.5407166123779	-11.73	-226.19	1.35
13291	-58.8	-15.5808903365907	-14.01	-271.44	1.35
13304	80.6	-18.7296416938111	-17.48	-226.19	1.35
13317	80.6	-21.7155266015201	-20.96	-226.19	1.35
13330	80.6	-24.2671009771987	-23.18	-246.78	1.35
13343	80.6	-26.4929424538545	-26.66	-246.78	1.35
13356	80.6	-28.2844733984799	-29.97	-208.82	1.35
13369	80.6	-29.7502714440825	-32.08	-90.47	-0.86
13382	80.6	-30.8360477741585	-32.74	29.84	-0.86
13395	80.6	-31.5418023887079	-32.3	50.25	-0.86
13408	80.6	-31.9761129207383	-31.6	29.49	-0.86
13421	80.6	-32.0304017372421	-31.38	0	-0.86
13434	80.6	-31.6503800217155	-31.38	2.78	-0.86
13447	80.6	-30.9446254071661	-31.05	45.99	-0.86
13460	80.6	-29.8045602605863	-30.13	96.94	-0.86
13473	80.6	-28.3930510314875	-28.99	123.39	-1.52
13486	80.6	-26.6015200868621	-26.87	159.65	-1.52
13499	80.6	-24.4299674267101	-25.14	193.88	-1.52
13512	80.6	-21.8783930510315	-22.37	208.82	-1.52
13525	80.6	-18.9467969598263	-19.16	246.78	-1.52
13538	80.6	-15.7980456026059	-16.83	271.44	-1.52
13551	80.6	-12.6492942453855	-13.14	246.78	-1.52
13564	80.6	-9.60912052117264	-9.61	246.78	-1.52
13577	80.6	-6.56894679695983	-7.06	226.19	-0.28
13590	80.6	-3.36590662323561	-3.64	226.19	-0.28
13603	80.6	-0.271444082519001	-1.3	246.78	-0.28
13616	80.6	2.76872964169381	2.12	246.78	-0.28
13629	80.6	6.02605863192182	5.7	246.78	-0.28
13642	80.6	9.01194353963084	8.03	226.19	-0.28
13655	80.6	12.1606948968512	11.62	226.19	-0.28
13668	80.6	15.3094462540717	15.15	246.78	-0.28
13681	80.6	18.3496199782845	17.75	226.19	-0.62
13694	80.6	21.4983713355049	21.28	246.78	-0.62
13707	80.6	24.5928338762215	23.56	226.19	-0.62
13720	80.6	27.6330076004343	27.04	226.19	-0.62
13733	80.6	30.8903365906623	30.56	246.78	-0.62
13746	80.6	33.8762214983713	32.84	246.78	-0.62
13759	80.6	36.9163952225841	36.54	246.78	-0.62
13772	80.6	40.1194353963084	39.03	246.78	-0.62
13785	80.6	43.2681867535288	43	246.78	-0.81
13798	80.6	46.3626492942454	45.28	271.44	-0.81
13811	-58.8	49.4028230184582	48.86	246.78	-0.81
13824	-58.8	52.3887079261672	52.28	226.19	-0.81
13837	-58.8	54.9402823018458	54.51	180.98	-0.81
13850	-58.8	57.1661237785016	57.11	135.72	-0.81
13863	-58.8	59.0119435396308	59.01	104.41	-0.81
13876	-58.8	60.4234527687296	59.99	96.94	-0.81
13889	-58.8	61.5635179153094	61.4	67.84	-0.23
13902	-58.8	62.3235613463626	62.05	51.21	-0.23
13915	-58.8	62.6492942453855	62.65	23.19	-0.23
13928	-58.8	62.6492942453855	62.76	0	-0.23
13941	-58.8	62.3235613463626	62.6	-31.57	-0.23
13954	-58.8	61.6178067318132	61.94	-60.33	-0.23
13967	-58.8	60.5320304017372	60.91	-104.41	-0.23
13980	-58.8	59.1205211726384	59.83	-135.72	-0.23
13993	-58.8	57.2747014115092	57.44	-180.98	1.56
14006	-58.8	55.157437567861	55.81	-169.64	1.56
14019	-58.8	52.5515743756786	52.99	-208.82	1.56
14032	-58.8	49.6199782844734	49.78	-246.78	1.56
14045	-58.8	46.6340933767644	47.5	-246.78	1.56
14058	-58.8	43.4310532030402	44.08	-246.78	1.56
14071	-58.8	40.2823018458198	40.5	-246.78	1.56
14084	-58.8	37.2421281216069	38.22	-208.82	1.56
14097	-58.8	34.1476655808903	34.36	-246.78	1
14110	-58.8	30.9989142236699	31.98	-246.78	1
14123	-58.8	27.9044516829533	28.45	-226.19	1
14136	-58.8	24.7557003257329	25.03	-271.44	1
14149	-58.8	21.6612377850163	22.75	-246.78	1
14162	-58.8	18.5124864277959	19.22	-226.19	1
14175	-58.8	15.4723127035831	15.85	-246.78	1
14188	-58.8	12.3235613463626	13.57	-226.19	1
14201	-58.8	9.17480998914224	9.77	-271.44	1.27
14214	-58.8	6.13463626492942	7.44	-246.78	1.27
14227	-58.8	3.04017372421281	3.96	-226.19	1.27
14240	-58.8	-0.1085776330076	0.6	-226.19	1.27
14253	-58.8	-3.20304017372421	-1.74	-208.82	1.27
14266	-58.8	-6.35179153094463	-5.21	-246.78	1.27
14279	-58.8	-9.50054288816504	-8.69	-226.19	1.27
14292	-58.8	-12.4321389793702	-10.86	-226.19	1.27
14305	80.6	-15.5808903365907	-14.6	-193.88	1.46
14318	80.6	-18.6210640608035	-16.94	-246.78	1.46
14331	80.6	-21.3897937024973	-20.36	-208.82	1.46
14344	80.6	-23.8327904451683	-23.83	-226.19	1.46
14357	80.6	-25.7871878393051	-26.06	-208.82	1.46
14370	80.6	-27.4158523344191	-29.48	-193.88	1.46
14383	80.6	-28.6644951140065	-31.6	-38.78	1.46
14396	80.6	-29.5331161780673	-31.49	69.62	1.46
14409	80.6	-30.0760043431053	-30.35	75.4	-1.09
14422	80.6	-30.2388707926167	-29.75	33.92	-1.09
14435	80.6	-30.0217155266015	-29.37	10.08	-1.09
14448	80.6	-29.5331161780673	-29.26	12.38	-1.09
14462	80.6	-28.5559174809989	-28.83	67.84	-1.09
14474	80.6	-27.2529858849077	-27.63	100.54	-1.09
14487	80.6	-25.6786102062975	-26.44	150.79	-1.09
14500	80.6	-23.5613463626493	-24.16	193.88	-1.09
14513	80.6	-21.1726384364821	-22.04	193.88	-1.16
14526	80.6	-18.4581976112921	-18.78	246.78	-1.16
14539	80.6	-15.3637350705755	-16.29	246.78	-1.16
14552	80.6	-12.214983713355	-12.7	246.78	-1.16
14565	80.6	-9.06623235613464	-9.17	246.78	-1.16
14578	80.6	-5.97176981541802	-6.79	246.78	-1.16
14591	80.6	-2.93159609120521	-3.26	246.78	-1.16
14604	80.6	0.1085776330076	-0.92	226.19	-1.16
14617	80.6	3.31161780673181	2.93	246.78	-0.71
14630	80.6	6.35179153094463	5.32	246.78	-0.71
14643	80.6	9.39196525515744	8.79	246.78	-0.71
14656	80.6	12.5950054288817	12.32	246.78	-0.71
14669	80.6	15.6351791530945	14.71	246.78	-0.71
14682	80.6	18.7839305103149	18.24	226.19	-0.71
14695	80.6	21.9869706840391	21.72	246.78	-0.71
14708	80.6	25.1357220412595	24.05	246.78	-0.71
14721	80.6	28.2301845819761	28.01	246.78	-0.72
14734	80.6	31.2703583061889	30.18	246.78	-0.72
14747	80.6	34.3105320304017	33.77	226.19	-0.72
14760	80.6	37.4592833876221	37.24	208.82	-0.72
14773	80.6	40.499457111835	39.41	271.44	-0.72
14786	80.6	43.6482084690554	43.05	246.78	-0.72
14799	80.6	46.7969598262758	46.58	246.78	-0.72
14812	-58.8	49.8914223669924	48.91	246.78	-0.72
14825	-58.8	52.71444082519	52.71	226.19	-0.76
14838	-58.8	55.2117263843648	54.78	169.64	-0.76
14851	-58.8	57.4375678610206	57.38	142.84	-0.76
14864	-58.8	59.2833876221498	59.23	108.58	-0.76
14877	-58.8	60.6948968512486	60.26	87.56	-0.76
14890	-58.8	61.7263843648208	61.51	73.36	-0.76
14903	-58.8	62.4321389793702	62.38	41.13	-0.76
14916	-58.8	62.7035830618893	62.76	17.98	-0.76
14929	-58.8	62.7035830618893	62.76	-13.64	0.54
14942	-58.8	62.3235613463626	62.54	-31.18	0.54
14955	-58.8	61.5092290988056	61.94	-67.84	0.54
14968	-58.8	60.3691639522258	60.75	-113.09	0.54
14981	-58.8	58.8490770901194	59.61	-135.72	0.54
14994	-58.8	57.057546145494	57.44	-169.64	0.54
15007	-58.8	54.7774158523344	54.83	-208.82	0.54
15020	-58.8	52.171552660152	52.93	-208.82	0.54
15033	-58.8	49.2399565689468	49.4	-246.78	1.48
15046	-58.8	46.199782844734	47.07	-271.44	1.48
15059	-58.8	43.0510314875136	43.59	-246.78	1.48
15072	-58.8	39.956568946797	40.12	-208.82	1.48
15085	-58.8	36.8621064060803	37.73	-246.78	1.48
15098	-58.8	33.7133550488599	34.2	-226.19	1.48
15111	-58.8	30.6731813246471	30.84	-226.19	1.48
15124	-58.8	27.5787187839305	28.56	-246.78	1.48
15137	-58.8	24.4842562432139	24.76	-226.19	1.18
15150	-58.8	21.3897937024973	22.48	-246.78	1.18
15163	-58.8	18.2410423452769	19	-208.82	1.18
15176	-58.8	15.1465798045603	15.58	-246.78	1.18
15189	-58.8	12.1064060803474	13.3	-246.78	1.18
15202	-58.8	8.95765472312704	9.83	-246.78	1.18
15215	-58.8	5.80890336590662	6.35	-226.19	1.18
15228	-58.8	2.71444082519001	4.13	-226.19	1.18
15241	-58.8	-0.380021715526601	0.33	-246.78	1.34
15254	-58.8	-3.52877307274701	-1.9	-208.82	1.34
15267	-58.8	-6.78610206297503	-5.48	-271.44	1.34
15280	-58.8	-9.82627578718784	-8.9	-246.78	1.34
15293	-58.8	-12.9207383279045	-11.18	-246.78	1.34
15306	80.6	-16.0694896851249	-14.6	-226.19	1.34
15319	80.6	-18.9467969598263	-17.97	-246.78	1.34
15332	80.6	-21.4983713355049	-20.2	-226.19	1.34
15345	80.6	-23.6699239956569	-23.94	-246.78	1.54
15358	80.6	-25.5157437567861	-26.17	-246.78	1.54
15371	80.6	-27.0901194353963	-29.59	-142.84	1.54
15384	80.6	-28.1758957654723	-30.94	0	1.54
15397	80.6	-28.9359391965255	-30.51	84.82	1.54
15410	80.6	-29.2616720955483	-29.37	69.62	1.54
15423	80.6	-29.2616720955483	-28.56	32.31	1.54
15436	80.6	-28.9902280130293	-28.39	11.51	1.54
15449	80.6	-28.2844733984799	-28.12	27.4	-0.4
15462	80.6	-27.1986970684039	-27.74	82.26	-0.4
15475	80.6	-25.7328990228013	-26.33	118	-0.4
15488	80.6	-23.8870792616721	-24.27	180.98	-0.4
15501	80.6	-21.7698154180239	-22.48	180.98	-0.4
15514	80.6	-19.2182410423453	-19.6	226.19	-0.4
15527	80.6	-16.3409337676439	-16.4	246.78	-0.4
15540	80.6	-13.2464712269273	-14.12	246.78	-0.4
15553	80.6	-10.0977198697068	-10.21	226.19	-0.56
15566	80.6	-7.00325732899023	-7.82	246.78	-0.56
15579	80.6	-3.90879478827362	-4.34	226.19	-0.56
15592	80.6	-0.760043431053203	-0.92	226.19	-0.56
15605	80.6	2.33441910966341	1.19	246.78	-0.56
15618	80.6	5.48317046688382	4.78	246.78	-0.56
15631	80.6	8.52334419109663	8.25	226.19	-0.56
15644	80.6	11.672095548317	10.59	246.78	-0.56
15657	80.6	14.7122692725299	14.5	246.78	-0.66
15670	80.6	17.8067318132465	16.88	246.78	-0.66
15683	80.6	20.9554831704669	20.41	208.82	-0.66
15696	80.6	24.1042345276873	23.89	208.82	-0.66
15709	80.6	27.1986970684039	26.17	246.78	-0.66
15722	80.6	30.2388707926167	29.59	246.78	-0.66
15735	80.6	33.3876221498371	33.12	226.19	-0.66
15748	80.6	36.4820846905537	35.34	246.78	-0.66
15761	80.6	39.5222584147666	39.31	246.78	-0.79
15774	80.6	42.671009771987	41.64	271.44	-0.79
15787	80.6	45.7111834961998	45.22	246.78	-0.79
15800	80.6	48.9685124864278	48.81	246.78	-0.79
15813	-58.8	52.0086862106406	51.09	246.78	-0.79
15826	-58.8	54.885993485342	54.45	208.82	-0.79
15839	-58.8	57.328990228013	57.49	193.88	-0.79
15852	-58.8	59.500542888165	59.12	150.79	-0.79
15865	-58.8	61.2920738327904	61.24	96.94	0.3
15878	-58.8	62.7035830618893	62.27	90.47	0.3
15891	-58.8	63.7893593919653	63.52	73.36	0.3
15904	-58.8	64.4951140065147	64.39	44.52	0.3
15917	-58.8	64.7665580890337	64.71	23.58	0.3
15930	-58.8	64.7122692725299	64.82	0	0.3
15943	-58.8	64.3322475570033	64.5	-39.91	0.3
15956	-58.8	63.5722041259501	64.06	-64.63	0.3
15969	-58.8	62.4321389793702	62.81	-113.09	1.57
15982	-58.8	60.9120521172638	61.73	-142.84	1.57
15995	-58.8	59.0119435396308	59.5	-159.65	1.57
16008	-58.8	56.786102062975	56.89	-193.88	1.57
16021	-58.8	54.1259500542888	55.05	-208.82	1.57
16034	-58.8	51.1943539630836	51.68	-226.19	1.57
16047	-58.8	48.0456026058632	48.15	-226.19	1.57
16060	-58.8	44.9511400651466	45.98	-226.19	1.57
16073	-58.8	41.85667752443	42.02	-226.19	0.88
16086	-58.8	38.8165038002171	39.74	-226.19	0.88
16099	-58.8	35.7220412595005	36.16	-246.78	0.88
16112	-58.8	32.5732899022801	33.71	-271.44	0.88
16125	-58.8	29.4245385450597	29.97	-271.44	0.88
16138	-58.8	26.3300760043431	26.6	-246.78	0.88
16151	-58.8	23.2899022801303	24.32	-226.19	0.88
16164	-58.8	20.1411509229099	20.85	-226.19	0.88
16177	-58.8	17.0466883821933	18.3	-226.19	1.18
16190	-58.8	13.8436482084691	14.71	-208.82	1.18
16203	-58.8	10.7491856677524	11.29	-246.78	1.18
16216	-58.8	7.65472312703583	9.07	-208.82	1.18
16229	-58.8	4.50597176981542	5.59	-208.82	1.18
16242	-58.8	1.46579804560261	2.17	-246.78	1.18
16255	-58.8	-1.68295331161781	-0.05	-226.19	1.18
16268	-58.8	-4.83170466883822	-3.53	-226.19	1.18
16281	-58.8	-7.92616720955483	-6.13	-246.78	1.43
16294	-58.8	-11.0749185667752	-9.72	-246.78	1.43
16307	80.6	-14.1693811074919	-13.08	-246.78	1.43
16320	80.6	-17.1552660152009	-15.31	-246.78	1.43
16333	80.6	-19.9239956568947	-18.78	-246.78	1.43
16346	80.6	-22.3127035830619	-22.15	-226.19	1.43
16359	80.6	-24.3213897937025	-24.38	-193.88	1.43
16372	80.6	-26.0586319218241	-27.85	-226.19	1.43
16385	80.6	-27.2529858849077	-29.91	-64.63	-1.82
16398	80.6	-28.1758957654723	-30.24	66.19	-1.82
16411	80.6	-28.7187839305103	-29.26	73.36	-1.82
16424	80.6	-28.9359391965255	-28.56	41.78	-1.82
16437	80.6	-28.7730727470141	-28.07	13.03	-1.82
16450	80.6	-28.2844733984799	-27.96	10.68	-1.82
16463	80.6	-27.3615635179153	-27.69	54.29	-1.82
16476	80.6	-26.0586319218241	-26.66	108.58	-1.82
16489	80.6	-24.4842562432139	-25.3	169.64	-1.58
16502	80.6	-22.5298588490771	-22.91	169.64	-1.58
16515	80.6	-20.1411509229099	-20.96	193.88	-1.58
16528	80.6	-17.3724212812161	-17.81	193.88	-1.58
16541	80.6	-14.3865363735071	-14.5	246.78	-1.58
16554	80.6	-11.2377850162866	-12.05	271.44	-1.58
16567	80.6	-8.03474484256243	-8.47	226.19	-1.58
16580	80.6	-4.99457111834962	-5.05	208.82	-1.58
16593	80.6	-1.95439739413681	-2.61	246.78	-0.45
16606	80.6	1.1400651465798	0.81	246.78	-0.45
16619	80.6	4.28881650380022	3.04	246.78	-0.45
16632	80.6	7.32899022801303	6.73	246.78	-0.45
16645	80.6	10.4777415852334	10.26	246.78	-0.45
16658	80.6	13.5722041259501	12.6	246.78	-0.45
16671	80.6	16.7209554831705	16.18	208.82	-0.45
16684	80.6	19.8154180238871	19.6	226.19	-0.45
16697	80.6	22.8555917480999	22.2	246.78	-0.77
16710	80.6	26.0586319218241	25.84	226.19	-0.77
16723	80.6	29.0988056460369	28.12	226.19	-0.77
16736	80.6	32.2475570032573	31.65	246.78	-0.77
16750	80.6	35.5048859934853	35.29	226.19	-0.77
16763	80.6	38.6536373507057	37.51	226.19	-0.77
16776	80.6	41.7480998914224	41.26	271.44	-0.77
16789	80.6	44.9511400651466	44.73	226.19	-0.77
16802	80.6	47.9913137893594	47.45	246.78	-0.82
16815	-58.8	51.1400651465798	50.98	246.78	-0.82
16828	-58.8	54.1802388707926	53.26	246.78	-0.82
16841	-58.8	56.9489685124864	56.68	208.82	-0.82
16854	-58.8	59.3919652551574	59.45	180.98	-0.82
16867	-58.8	61.3463626492942	60.97	129.25	-0.82
16880	-58.8	62.9207383279045	62.76	87.56	-0.82
16893	-58.8	64.1693811074918	64.12	73.36	-0.82
16906	-58.8	65.0922909880565	64.88	48.47	-0.03
16919	-58.8	65.6351791530945	65.53	29.49	-0.03
16932	-58.8	65.7980456026059	65.74	9.12	-0.03
16945	-58.8	65.5808903365907	65.69	-14.16	-0.03
16958	-58.8	64.9837133550489	65.26	-44.52	-0.03
16971	-58.8	64.0608034744843	64.71	-84.82	-0.03
16984	-58.8	62.757871878393	63.3	-118	-0.03
16997	-58.8	61.0749185667752	61.29	-159.65	-0.03
17010	-58.8	59.0662323561346	59.5	-169.64	1.42
17023	-58.8	56.6775244299674	56.79	-180.98	1.42
17036	-58.8	53.9087947882736	54.78	-246.78	1.42
17049	-58.8	50.9229098805646	51.41	-246.78	1.42
17062	-58.8	47.7198697068404	47.88	-208.82	1.42
17075	-58.8	44.6254071661238	45.6	-246.78	1.42
17088	-58.8	41.4766558089034	42.02	-246.78	1.42
17101	-58.8	38.4364820846906	38.6	-226.19	1.42
17114	-58.8	35.2877307274701	35.99	-246.78	1
17127	-58.8	32.1932681867535	32.41	-226.19	1
17140	-58.8	29.1530944625407	30.18	-271.44	1
17153	-58.8	26.0043431053203	26.6	-226.19	1
17166	-58.8	22.8013029315961	23.13	-226.19	1
17179	-58.8	19.7068403908795	20.96	-226.19	1
17192	-58.8	16.5580890336591	17.37	-246.78	1
17205	-58.8	13.4093376764387	13.84	-246.78	1
17218	-58.8	10.4777415852334	11.29	-246.78	1.23
17231	-58.8	7.32899022801303	7.82	-271.44	1.23
17244	-58.8	4.23452768729642	5.59	-246.78	1.23
17257	-58.8	1.085776330076	2.12	-246.78	1.23
17270	-58.8	-2.06297502714441	-1.36	-246.78	1.23
17284	-58.8	-5.32030401737242	-3.58	-226.19	1.23
17297	-58.8	-8.46905537459283	-7.27	-226.19	1.23
17310	80.6	-11.6178067318132	-10.69	-246.78	1.23
17323	80.6	-14.5494028230185	-13.25	-208.82	1.53
17336	80.6	-17.4809989142237	-16.67	-271.44	1.53
17349	80.6	-19.8154180238871	-18.89	-226.19	1.53
17362	80.6	-21.9326818675353	-22.37	-226.19	1.53
17376	80.6	-23.6156351791531	-25.84	-208.82	1.53
17389	80.6	-24.9185667752443	-27.47	-39.91	1.53
17402	80.6	-25.8957654723127	-27.63	54.29	1.53
17415	80.6	-26.3843648208469	-26.66	61.67	1.53
17428	80.6	-26.6015200868621	-26.11	27.4	0.44
17441	80.6	-26.4386536373507	-25.79	10.03	0.44
17454	80.6	-25.8957654723127	-25.73	11.03	0.44
17467	80.6	-24.9728555917481	-25.3	66.19	0.44
17480	80.6	-23.6699239956569	-24.05	108.58	0.44
17493	80.6	-22.0955483170467	-22.8	159.65	0.44
17506	80.6	-20.1411509229099	-20.47	180.98	0.44
17519	80.6	-17.8610206297503	-18.57	208.82	0.44
17532	80.6	-15.0922909880565	-15.31	208.82	-1
17545	80.6	-11.9978284473398	-13.03	208.82	-1
17558	80.6	-8.90336590662323	-9.45	246.78	-1
17571	80.6	-5.70032573289902	-5.81	271.44	-1
17584	80.6	-2.66015200868621	-3.47	271.44	-1
17597	80.6	0.488599348534202	0.16	246.78	-1
17610	80.6	3.58306188925081	3.47	208.82	-1
17623	80.6	6.62323561346363	5.59	246.78	-1
17636	80.6	9.82627578718784	9.39	246.78	-0.93
17649	80.6	12.8664495114007	11.83	246.78	-0.93
17662	80.6	15.9609120521173	15.36	271.44	-0.93
17675	80.6	19.1096634093377	18.89	246.78	-0.93
17688	80.6	22.2041259500543	21.23	271.44	-0.93
17701	80.6	25.3528773072747	24.7	226.19	-0.93
17714	80.6	28.5016286644951	28.39	226.19	-0.93
17727	80.6	31.5418023887079	30.56	246.78	-0.93
17740	80.6	34.5819761129207	34.31	246.78	-0.59
17753	80.6	37.7307274701411	36.7	226.19	-0.59
17766	80.6	40.8794788273616	40.17	246.78	-0.59
17779	80.6	43.9739413680782	43.65	246.78	-0.59
17792	80.6	47.0684039087948	45.93	226.19	-0.59
17805	80.6	50.1085776330076	49.51	246.78	-0.59
17818	-58.8	53.2030401737242	53.09	246.78	-0.59
17831	-58.8	56.0803474484256	55.37	226.19	-0.59
17844	-58.8	58.5776330076004	58.74	180.98	0.18
17857	-58.8	60.6406080347448	60.37	142.84	0.18
17870	-58.8	62.4321389793702	62.16	108.58	0.18
17883	-58.8	63.7893593919653	63.63	75.4	0.18
17896	-58.8	64.8208469055375	64.39	64.63	0.18
17909	-58.8	65.4723127035831	65.31	43.78	0.18
17922	-58.8	65.7980456026059	65.8	17.85	0.18
17935	-58.8	65.6894679695983	65.85	-14.38	0.18
17948	-58.8	65.3094462540717	65.47	-44.52	0.87
17961	-58.8	64.4408251900109	65.04	-67.84	0.87
17974	-58.8	63.300760043431	63.79	-113.09	0.87
17987	-58.8	61.672095548317	62.05	-150.79	0.87
18000	-58.8	59.8262757871878	60.48	-169.64	0.87
18013	-58.8	57.4918566775244	57.87	-169.64	0.87
18026	-58.8	54.8317046688382	54.94	-226.19	0.87
18039	-58.8	51.9543973941368	52.88	-208.82	0.87
18052	-58.8	48.8056460369164	49.19	-246.78	1.22
18065	-58.8	45.7654723127036	46.8	-246.78	1.22
18078	-58.8	42.5081433224756	43.11	-271.44	1.22
18091	-58.8	39.3593919652552	39.58	-208.82	1.22
18104	-58.8	36.3735070575461	37.24	-226.19	1.22
18117	-58.8	33.2790445168295	33.55	-226.19	1.22
18130	-58.8	30.1302931596091	31.22	-246.78	1.22
18143	-58.8	26.9815418023887	27.63	-246.78	1.22
18156	-58.8	23.9413680781759	24.97	-226.19	1.13
18169	-58.8	20.7926167209555	21.44	-246.78	1.13
18182	-58.8	17.6438653637351	17.97	-226.19	1.13
18196	-58.8	14.5494028230185	15.69	-226.19	1.13
18209	-58.8	11.2920738327904	12	-246.78	1.13
18222	-58.8	8.14332247557003	8.52	-271.44	1.13
18236	-58.8	4.99457111834962	6.24	-246.78	1.13
18249	-58.8	1.84581976112921	2.71	-246.78	1.13
18262	-58.8	-1.2486427795874	0.05	-208.82	1.4
18275	-58.8	-4.50597176981542	-3.47	-246.78	1.4
18288	-58.8	-7.54614549402823	-6.84	-193.88	1.4
18301	-58.8	-10.6406080347448	-9.12	-246.78	1.4
18314	80.6	-13.6807817589577	-12.65	-246.78	1.4
18327	80.6	-16.7752442996743	-14.98	-246.78	1.4
18340	80.6	-19.4353963083605	-18.51	-208.82	1.4
18353	80.6	-21.8783930510315	-21.99	-246.78	1.4
18366	80.6	-23.8870792616721	-24.48	-226.19	1.5
18379	80.6	-25.5700325732899	-27.9	-180.98	1.5
18392	80.6	-26.8186753528773	-29.04	0	1.5
18405	80.6	-27.6872964169381	-28.94	52.2	1.5
18418	80.6	-28.2301845819761	-28.23	43.78	1.5
18431	80.6	-28.4473398479913	-27.9	18.33	1.5
18444	80.6	-28.2301845819761	-27.8	0	1.5
18457	80.6	-27.6330076004343	-27.69	29.84	1.5
18470	80.6	-26.7100977198697	-27.09	77.57	-1.48
18483	80.6	-25.4071661237785	-25.73	129.25	-1.48
18496	80.6	-23.7785016286645	-24.54	169.64	-1.48
18509	80.6	-21.7698154180239	-22.2	180.98	-1.48
18522	80.6	-19.2725298588491	-19.49	208.82	-1.48
18535	80.6	-16.5580890336591	-17.43	246.78	-1.48
18548	80.6	-13.5179153094463	-13.95	271.44	-1.48
18561	80.6	-10.3691639522258	-11.29	271.44	-1.48
18574	80.6	-7.32899022801303	-7.27	246.78	-0.49
18587	80.6	-4.18023887079262	-4.99	226.19	-0.49
18600	80.6	-1.0314875135722	-1.47	226.19	-0.49
18613	80.6	2.06297502714441	1.79	246.78	-0.49
18626	80.6	5.15743756786102	4.02	246.78	-0.49
18639	80.6	8.30618892508143	7.6	271.44	-0.49
18652	80.6	11.4549402823018	11.24	271.44	-0.49
18665	80.6	14.4408251900109	13.57	226.19	-0.49
18678	80.6	17.5895765472313	17.32	246.78	-0.61
18691	80.6	20.6840390879479	19.65	246.78	-0.61
18704	80.6	23.8327904451683	23.29	226.19	-0.61
18717	80.6	26.9272529858849	26.71	208.82	-0.61
18730	80.6	30.0760043431053	28.99	226.19	-0.61
18743	80.6	33.1161780673181	32.57	271.44	-0.61
18756	80.6	36.2649294245385	36.05	246.78	-0.61
18769	80.6	39.3593919652552	38.33	271.44	-0.61
18782	80.6	42.4538545059718	42.07	246.78	-0.67
18795	80.6	45.6026058631922	44.46	271.44	-0.67
18808	-58.8	48.642779587405	47.99	226.19	-0.67
18821	-58.8	51.7915309446254	51.57	208.82	-0.67
18834	-58.8	54.614549402823	53.91	208.82	-0.67
18847	-58.8	57.1118349619978	57.11	169.64	-0.67
18860	-58.8	59.2833876221498	59.5	129.25	-0.67
18873	-58.8	60.9663409337676	60.59	108.58	-0.67
18886	-58.8	62.3235613463626	62.11	82.26	-0.09
18899	-58.8	63.300760043431	62.92	69.62	-0.09
18912	-58.8	64.0065146579804	63.84	43.08	-0.09
18925	-58.8	64.3322475570033	64.28	19.24	-0.09
18938	-58.8	64.2236699239957	64.33	0	-0.09
18951	-58.8	63.7350705754615	64.01	-41.78	-0.09
18964	-58.8	62.9207383279045	63.25	-82.26	-0.09
18977	-58.8	61.8349619978284	62.43	-113.09	-0.09
18990	-58.8	60.2062975027144	60.59	-135.72	1.62
19003	-58.8	58.3061889250814	59.07	-180.98	1.62
19016	-58.8	56.0260586319218	56.41	-208.82	1.62
19029	-58.8	53.3659066232356	53.53	-193.88	1.62
19042	-58.8	50.4343105320304	51.3	-271.44	1.62
19055	-58.8	47.28555917481	47.77	-226.19	1.62
19068	-58.8	44.1910966340934	44.35	-246.78	1.62
19081	-58.8	41.1509229098806	42.02	-246.78	1.62
19094	-58.8	38.056460369164	38.22	-246.78	0.93
19107	-58.8	34.9077090119435	35.83	-226.19	0.93
19120	-58.8	31.7046688382193	32.3	-271.44	0.93
19133	-58.8	28.6644951140065	28.94	-246.78	0.93
19146	-58.8	25.6243213897937	26.55	-246.78	0.93
19159	-58.8	22.3669923995657	23.02	-226.19	0.93
19172	-58.8	19.2725298588491	19.65	-246.78	0.93
19185	-58.8	16.2323561346363	17.37	-208.82	0.93
19198	-58.8	13.1921824104235	13.57	-226.19	1.24
19211	-58.8	10.0977198697068	11.24	-246.78	1.24
19224	-58.8	6.84039087947883	7.76	-246.78	1.24
19237	-58.8	3.80021715526601	4.4	-226.19	1.24
19250	-58.8	0.760043431053203	2.12	-226.19	1.24
19263	-58.8	-2.38870792616721	-1.36	-246.78	1.24
19276	-58.8	-5.42888165038002	-4.72	-208.82	1.24
19289	-58.8	-8.52334419109663	-6.95	-208.82	1.24
19302	-58.8	-11.672095548317	-10.69	-226.19	1.41
19315	80.6	-14.7665580890337	-13.03	-226.19	1.41
19328	80.6	-17.8610206297503	-16.5	-226.19	1.41
19341	80.6	-20.6840390879479	-19.87	-208.82	1.41
19354	80.6	-23.0727470141151	-22.2	-226.19	1.41
19367	80.6	-25.1357220412595	-25.57	-246.78	1.41
19380	80.6	-26.8186753528773	-28.88	-226.19	1.41
19393	80.6	-28.1758957654723	-30.78	-79.83	1.41
19406	80.6	-29.1530944625407	-31.32	54.29	-3.41
19419	80.6	-29.8588490770901	-30.67	75.4	-3.41
19432	80.6	-30.0760043431053	-29.7	41.13	-3.41
19445	80.6	-29.9674267100977	-29.26	11.51	-3.41
19458	80.6	-29.4788273615635	-29.21	5.17	-3.41
19471	80.6	-28.6102062975027	-28.83	61.67	-3.41
19484	80.6	-27.4701411509229	-27.8	96.94	-3.41
19497	80.6	-25.8414766558089	-26.71	135.72	-3.41
19510	80.6	-23.9413680781759	-24.21	180.98	-1.35
19523	80.6	-21.6612377850163	-22.48	193.88	-1.35
19536	80.6	-18.8382193268187	-19.27	208.82	-1.35
19550	80.6	-15.7437567861021	-15.91	246.78	-1.35
19563	80.6	-12.5950054288817	-13.57	246.78	-1.35
19576	80.6	-9.44625407166124	-9.83	246.78	-1.35
19589	80.6	-6.35179153094463	-6.35	246.78	-1.35
19602	80.6	-3.20304017372421	-4.07	246.78	-1.35
19615	80.6	-0.1085776330076	-0.38	226.19	-0.51
19628	80.6	2.98588490770901	1.85	246.78	-0.51
19641	80.6	6.18892508143322	5.43	226.19	-0.51
19654	80.6	9.33767643865364	8.96	246.78	-0.51
19667	80.6	12.3778501628664	11.29	271.44	-0.51
19680	80.6	15.5266015200869	15.04	246.78	-0.51
19693	80.6	18.6210640608035	18.46	246.78	-0.51
19706	80.6	21.7155266015201	20.74	271.44	-0.51
19719	80.6	24.8642779587405	24.7	226.19	-0.65
19732	80.6	27.9044516829533	26.93	246.78	-0.65
19745	80.6	31.1074918566775	30.46	246.78	-0.65
19758	80.6	34.3105320304017	33.93	246.78	-0.65
19771	80.6	37.2964169381107	36.26	246.78	-0.65
19784	80.6	40.3908794788274	39.74	271.44	-0.65
19797	80.6	43.5396308360478	43.32	226.19	-0.65
19810	-58.8	46.6340933767644	45.55	271.44	-0.65
19823	-58.8	49.728555917481	49.51	246.78	-0.81
19836	-58.8	52.6058631921824	51.79	208.82	-0.81
19849	-58.8	55.1031487513572	55.05	193.88	-0.81
19862	-58.8	57.1661237785016	57.33	123.39	-0.81
19875	-58.8	58.9033659066232	58.52	108.58	-0.81
19888	-58.8	60.314875135722	59.99	82.26	-0.81
19901	-58.8	61.3463626492942	61.18	69.62	-0.81
19914	-58.8	61.9978284473398	61.78	43.78	-0.81
19927	-58.8	62.2692725298588	62.32	17.63	0.15
19940	-58.8	62.2692725298588	62.38	0	0.15
19953	-58.8	61.8349619978284	62.05	-39.91	0.15
19966	-58.8	61.0206297502714	61.35	-73.36	0.15
19979	-58.8	59.8262757871878	60.53	-113.09	0.15
19992	-58.8	58.2519001085776	58.79	-150.79	0.15
20005	-58.8	56.3517915309446	56.51	-159.65	0.15
20018	-58.8	54.071661237785	54.78	-208.82	0.15
20031	-58.8	51.4657980456026	51.63	-208.82	1.28
20044	-58.8	48.4799131378936	49.46	-226.19	1.28
20057	-58.8	45.3311617806732	45.93	-246.78	1.28
20070	-58.8	42.1824104234528	42.4	-271.44	1.28
20083	-58.8	39.14223669924	40.07	-246.78	1.28
20096	-58.8	36.1020629750271	36.64	-246.78	1.28
20109	-58.8	32.9533116178067	33.12	-226.19	1.28
20122	-58.8	29.8588490770901	30.73	-246.78	1.28
20135	-58.8	26.7643865363735	27.04	-246.78	1.08
20148	-58.8	23.6699239956569	24.65	-246.78	1.08
20161	-58.8	20.6297502714441	21.17	-246.78	1.08
20174	-58.8	17.4809989142237	18.62	-246.78	1.08
20187	-58.8	14.4408251900109	15.15	-246.78	1.08
20200	-58.8	11.2377850162866	11.67	-246.78	1.08
20213	-58.8	8.19761129207383	9.39	-246.78	1.08
20226	-58.8	5.04885993485342	5.92	-226.19	1.08
20239	-58.8	2.00868621064061	3.31	-246.78	1.35
20252	-58.8	-1.1400651465798	-0.16	-226.19	1.35
20265	-58.8	-4.28881650380022	-3.64	-271.44	1.35
20278	-58.8	-7.38327904451683	-5.97	-226.19	1.35
20291	-58.8	-10.4234527687296	-9.45	-246.78	1.35
20304	-58.8	-13.5179153094463	-11.78	-226.19	1.35
20317	80.6	-16.6666666666667	-15.42	-226.19	1.35
20331	80.6	-19.7068403908795	-18.89	-226.19	1.35
20344	80.6	-22.3127035830619	-21.39	-246.78	1.5
20357	80.6	-24.5385450597177	-24.97	-226.19	1.5
20370	80.6	-26.3843648208469	-27.2	-208.82	1.5
20383	80.6	-27.8501628664495	-30.29	-118	1.5
20396	80.6	-28.9359391965255	-31.05	21.89	1.5
20409	80.6	-29.6959826275787	-30.56	59.02	1.5
20422	80.6	-30.1302931596091	-29.8	34.35	1.5
20435	80.6	-30.1302931596091	-29.48	12.46	1.5
20448	80.6	-29.6959826275787	-29.48	0	0.07
20461	80.6	-28.9902280130293	-29.1	59.02	0.07
20474	80.6	-27.8501628664495	-28.45	96.94	0.07
20487	80.6	-26.3843648208469	-26.93	129.25	0.07
20500	80.6	-24.4842562432139	-24.81	159.65	0.07
20513	80.6	-22.3127035830619	-23.13	193.88	0.07
20526	80.6	-19.7068403908795	-20.14	208.82	0.07
20539	80.6	-16.7752442996743	-16.94	246.78	0.07
20552	80.6	-13.6807817589577	-14.22	271.44	-0.88
20565	80.6	-10.6406080347448	-10.64	226.19	-0.88
20578	80.6	-7.60043431053203	-8.47	271.44	-0.88
20591	80.6	-4.45168295331162	-4.99	226.19	-0.88
20604	80.6	-1.41150922909881	-1.68	226.19	-0.88
20617	80.6	1.73724212812161	0.6	246.78	-0.88
20630	80.6	4.88599348534202	4.29	226.19	-0.88
20643	80.6	7.98045602605863	7.76	226.19	-0.88
20656	80.6	11.0206297502714	10.37	226.19	-0.5
20669	80.6	14.2779587404995	14.01	246.78	-0.5
20682	80.6	17.2095548317047	16.4	226.19	-0.5
20695	80.6	20.3583061889251	19.76	246.78	-0.5
20708	80.6	23.4527687296417	23.24	226.19	-0.5
20721	80.6	26.5472312703583	25.52	246.78	-0.5
20734	80.6	29.8045602605863	29.1	271.44	-0.5
20747	80.6	32.8447339847991	32.68	246.78	-0.5
20760	80.6	35.7763300760043	35.29	226.19	-0.7
20773	80.6	38.9793702497286	38.82	246.78	-0.7
20786	80.6	42.0195439739414	41.1	271.44	-0.7
20799	80.6	45.2768729641694	44.63	208.82	-0.7
20812	-58.8	48.3170466883822	48.1	246.78	-0.7
20825	-58.8	51.3029315960912	50.38	226.19	-0.7
20838	-58.8	54.1259500542888	53.8	208.82	-0.7
20851	-58.8	56.514657980456	56.62	180.98	-0.7
20864	-58.8	58.4690553745928	58.36	142.84	0.45
20877	-58.8	60.1520086862106	60.1	96.94	0.45
20890	-58.8	61.400651465798	61.02	87.56	0.45
20903	-58.8	62.3235613463626	62.11	60.33	0.45
20916	-58.8	62.9207383279045	62.87	35.27	0.45
20929	-58.8	63.0836047774158	63.08	12.99	0.45
20942	-58.8	62.8664495114006	63.03	-27.4	0.45
20955	-58.8	62.3235613463626	62.54	-49.34	0.45
20968	-58.8	61.4549402823018	61.89	-87.56	1.39
20981	-58.8	60.1520086862106	60.53	-113.09	1.39
20994	-58.8	58.4690553745928	59.28	-135.72	1.39
21007	-58.8	56.4060803474484	56.84	-193.88	1.39
21020	-58.8	54.071661237785	54.13	-193.88	1.39
21033	-58.8	51.357220412595	52.06	-246.78	1.39
21046	-58.8	48.2627578718784	48.86	-271.44	1.39
21059	-58.8	45.0597176981542	45.28	-246.78	1.39
21072	-58.8	42.0738327904452	42.73	-226.19	0.93
21085	-58.8	38.9250814332248	39.14	-271.44	0.93
21098	-58.8	35.8849077090119	36.86	-246.78	0.93
21111	-58.8	32.6818675352877	33.33	-226.19	0.93
21124	-58.8	29.5331161780673	30.02	-226.19	0.93
21137	-58.8	26.4929424538545	27.52	-226.19	0.93
21150	-58.8	23.3984799131379	24	-208.82	0.93
21163	-58.8	20.2497285559175	20.63	-246.78	0.93
21176	-58.8	17.1552660152009	18.08	-226.19	1.19
21189	-58.8	14.0065146579805	14.55	-226.19	1.19
21202	-58.8	10.9120521172638	12.21	-271.44	1.19
21215	-58.8	7.76330076004343	8.79	-226.19	1.19
21228	-58.8	4.72312703583062	5.32	-226.19	1.19
21241	-58.8	1.62866449511401	3.04	-246.78	1.19
21254	-58.8	-1.52008686210641	-0.43	-226.19	1.19
21267	-58.8	-4.56026058631922	-3.8	-208.82	1.19
21280	-58.8	-7.70901194353963	-6.3	-208.82	1.42
21293	-58.8	-10.9120521172638	-9.99	-208.82	1.42
21306	-58.8	-13.9522258414767	-12.21	-226.19	1.42
21319	80.6	-17.1552660152009	-15.58	-246.78	1.42
21332	80.6	-19.9782844733985	-19	-226.19	1.42
21345	80.6	-22.5298588490771	-21.28	-208.82	1.42
21358	80.6	-24.7014115092291	-24.59	-226.19	1.42
21371	80.6	-26.5472312703583	-27.96	-226.19	1.42
21384	80.6	-27.9587404994571	-30.4	-135.72	0.69
21397	80.6	-29.0988056460369	-31.76	0.39	0.69
21410	80.6	-29.8588490770901	-31.32	87.56	0.69
21423	80.6	-30.1845819761129	-30.24	64.63	0.69
21436	80.6	-30.1845819761129	-29.48	25.36	0.69
21449	80.6	-29.8588490770901	-29.37	11.25	0.69
21462	80.6	-29.1530944625407	-29.1	39.35	0.69
21475	80.6	-28.0673181324647	-28.28	90.47	0.69
21488	80.6	-26.6558089033659	-27.25	129.25	-1.54
21501	80.6	-24.7557003257329	-25.14	150.79	-1.54
21514	80.6	-22.5841476655809	-23.45	193.88	-1.54
21527	80.6	-20.0325732899023	-20.47	246.78	-1.54
21540	80.6	-17.1009771986971	-17.1	226.19	-1.54
21554	80.6	-13.7893593919653	-14.71	246.78	-1.54
21567	80.6	-10.6406080347448	-11.02	226.19	-1.54
21580	80.6	-7.54614549402823	-7.55	246.78	-1.54
21593	80.6	-4.56026058631922	-5.1	226.19	-0.41
21606	80.6	-1.41150922909881	-1.74	246.78	-0.41
21619	80.6	1.68295331161781	0.54	226.19	-0.41
21632	80.6	4.88599348534202	4.23	246.78	-0.41
21645	80.6	8.03474484256243	7.82	271.44	-0.41
21658	80.6	11.0206297502714	10.15	226.19	-0.41
21671	80.6	14.1693811074919	13.68	226.19	-0.41
21684	80.6	17.3724212812161	17.05	226.19	-0.41
21697	80.6	20.4125950054289	19.6	226.19	-0.68
21710	80.6	23.6156351791531	23.29	246.78	-0.68
21723	80.6	26.6558089033659	25.68	246.78	-0.68
21736	80.6	29.7502714440825	29.21	246.78	-0.68
21749	80.6	32.8990228013029	32.63	246.78	-0.68
21762	80.6	35.9391965255157	35.02	226.19	-0.68
21775	80.6	39.0879478827362	38.49	208.82	-0.68
21788	80.6	42.2909880564604	41.97	226.19	-0.68
21801	80.6	45.2768729641694	44.57	246.78	-0.89
21814	-58.8	48.4256243213898	48.15	226.19	-0.89
21827	-58.8	51.4657980456026	50.49	226.19	-0.89
21840	-58.8	54.343105320304	54.07	226.19	-0.89
21854	-58.8	56.7318132464712	57.06	159.65	-0.89
21867	-58.8	58.7947882736156	58.58	113.09	-0.89
21880	-58.8	60.5320304017372	60.31	93.59	-0.89
21893	-58.8	61.7263843648208	61.56	79.83	-0.89
21906	-58.8	62.6492942453855	62.38	61.67	-0.2
21919	-58.8	63.1921824104234	63.08	38.78	-0.2
21932	-58.8	63.3550488599349	63.36	11.03	-0.2
21945	-58.8	63.1378935939197	63.3	-17.63	-0.2
21958	-58.8	62.5950054288816	62.81	-49.34	-0.2
21971	-58.8	61.672095548317	62.27	-84.82	-0.2
21984	-58.8	60.3691639522258	60.86	-108.58	-0.2
21997	-58.8	58.686210640608	58.9	-159.65	-0.2
22010	-58.8	56.6775244299674	57.17	-169.64	1.43
22023	-58.8	54.2888165038002	54.4	-208.82	1.43
22036	-58.8	51.628664495114	52.33	-226.19	1.43
22049	-58.8	48.5342019543974	49.08	-226.19	1.43
22062	-58.8	45.3311617806732	45.49	-271.44	1.43
22075	-58.8	42.1824104234528	43.21	-226.19	1.43
22088	-58.8	39.1965255157438	39.69	-208.82	1.43
22101	-58.8	36.1563517915309	37.08	-246.78	1.43
22114	-58.8	33.0076004343105	33.17	-271.44	1.01
22127	-58.8	29.9131378935939	30.89	-226.19	1.01
22140	-58.8	26.7643865363735	27.42	-208.82	1.01
22153	-58.8	23.6156351791531	23.89	-246.78	1.01
22166	-58.8	20.5211726384365	21.61	-246.78	1.01
22179	-58.8	17.4809989142237	18.24	-246.78	1.01
22192	-58.8	14.3322475570033	14.77	-246.78	1.01
22205	-58.8	11.2377850162866	12.49	-246.78	1.01
22218	-58.8	8.14332247557003	8.74	-246.78	1.31
22231	-58.8	4.99457111834962	6.41	-246.78	1.31
22244	-58.8	1.84581976112921	2.93	-246.78	1.31
22257	-58.8	-1.2486427795874	-0.49	-246.78	1.31
22270	-58.8	-4.28881650380022	-2.82	-226.19	1.31
22283	-58.8	-7.43756786102063	-6.24	-226.19	1.31
22296	-58.8	-10.5320304017372	-8.79	-246.78	1.31
22309	-58.8	-13.7893593919653	-12.32	-208.82	1.31
22322	80.6	-16.7752442996743	-14.82	-226.19	1.6
22335	80.6	-19.7611292073833	-18.24	-246.78	1.6
22348	80.6	-22.2584147665581	-21.66	-226.19	1.6
22361	80.6	-24.3213897937025	-23.94	-226.19	1.6
22374	80.6	-26.0586319218241	-27.47	-271.44	1.6
22387	80.6	-27.5244299674267	-29.75	-142.84	1.6
22400	80.6	-28.6102062975027	-31.27	0	1.6
22413	80.6	-29.2616720955483	-30.51	77.57	1.6
22426	80.6	-29.5874049945711	-29.59	67.84	-0.34
22439	80.6	-29.5874049945711	-28.83	30.84	-0.34
22452	80.6	-29.2616720955483	-28.66	8.17	-0.34
22465	80.6	-28.4473398479913	-28.5	43.78	-0.34
22478	80.6	-27.2529858849077	-27.63	100.54	-0.34
22491	80.6	-25.7871878393051	-26.66	142.84	-0.34
22504	80.6	-23.9413680781759	-24.54	180.98	-0.34
22517	80.6	-21.7698154180239	-21.88	193.88	-0.34
22530	80.6	-19.2182410423453	-19.71	226.19	-1.03
22543	80.6	-16.2323561346363	-16.45	226.19	-1.03
22556	80.6	-13.0836047774159	-14.06	246.78	-1.03
22569	80.6	-9.98914223669924	-10.42	271.44	-1.03
22582	80.6	-6.94896851248643	-7	246.78	-1.03
22595	80.6	-3.80021715526601	-4.72	226.19	-1.03
22608	80.6	-0.651465798045603	-1.14	208.82	-1.03
22621	80.6	2.44299674267101	2.17	246.78	-1.03
22634	80.6	5.42888165038002	4.72	246.78	-0.72
22647	80.6	8.63192182410423	8.41	226.19	-0.72
22660	80.6	11.672095548317	10.75	226.19	-0.72
22673	80.6	14.8751357220413	14.33	246.78	-0.72
22687	80.6	18.0781758957655	17.86	246.78	-0.72
22700	80.6	21.2812160694897	20.2	246.78	-0.72
22713	80.6	24.4299674267101	23.78	271.44	-0.72
22727	80.6	27.7415852334419	27.42	246.78	-0.72
22740	80.6	30.7817589576547	30.13	246.78	-0.8
22753	80.6	33.9847991313789	33.82	246.78	-0.8
22766	80.6	36.9706840390879	35.99	246.78	-0.8
22779	80.6	40.228013029316	39.63	246.78	-0.8
