0	0	0	0	0	-0.05
13	0	0	0	0	-0.05
26	0	0	0	0	-0.05
39	0	0	0	0	-0.05
52	0	0	0	0	-0.05
65	0	0	0	0	-0.05
78	0	0	0	0	-0.05
91	0	0	0	0	-0.05
104	0	0	0	0	-0.05
117	0	0	0	0	-0.05
130	0	0	0	0	-0.05
143	0	0	0	0	-0.05
156	0	0	0	0	-0.05
169	0	0	0	0	-0.05
182	0	0	0	0	-0.05
195	0	0	0	0	-0.05
208	0	0	0	0	-0.05
221	0	0	0	0	-0.05
234	0	0	0	0	-0.05
247	0	0	0	0	-0.05
260	0	0	0	0	-0.05
273	0	0	0	0	-0.05
286	0	0	0	0	-0.05
299	0	0	0	0	-0.05
312	0	0	0	0	-0.05
325	0	0	0	0	-0.05
338	0	0	0	0	-0.05
351	0	0	0	0	-0.05
364	0	0	0	0	-0.05
377	0	0	0	0	-0.05
390	0	0	0	0	-0.05
403	0	0	0	0	-0.05
416	0	0	0	0	-0.05
429	0	0	0	0	-0.05
442	0	0	0	0	-0.05
455	0	0	0	0	-0.05
468	0	0	0	0	-0.05
481	0	0	0	0	-0.05
494	0	0	0	0	-0.05
507	0	0	0	0	-0.05
520	0	0	0	0	-0.05
533	0	0	0	0	-0.05
546	0	0	0	0	-0.05
559	0	0	0	0	-0.05
572	0	0	0	0	-0.05
585	0	0	0	0	-0.05
598	0	0	0	0	-0.05
611	0	0	0	0	-0.05
624	0	0	0	0	-0.05
637	0	0	0	0	-0.05
650	0	0	0	0	-0.05
663	0	0	0	0	-0.05
676	0	0	0	0	-0.05
689	0	0	0	0	-0.05
702	0	0	0	0	-0.05
715	0	0	0	0	-0.05
728	0	0	0	0	-0.05
741	0	0	0	0	-0.05
754	0	0	0	0	-0.05
767	0	0	0	0	-0.05
780	0	0	0	0	-0.05
793	0	0	0	0	-0.05
806	0	0	0	0	-0.05
819	0	0	0	0	-0.05
832	0	0	0	0	-0.05
845	0	0	0	0	-0.06
858	0	0	0	0	-0.06
871	0	0	0	0	-0.06
884	0	0	0	0	-0.06
897	0	0	0	0	-0.06
910	0	0	0	0	-0.06
923	0	0	0	0	-0.06
936	0	0	0	0	-0.06
949	0	0	0	0	-0.05
962	0	0	0	0	-0.05
975	0	0	0	0	-0.05
988	0	0	0	0	-0.05
1001	0	0	0	0	-0.05
1014	0	0	0	0	-0.05
1027	0	0	0	0	-0.05
1040	0	0	0	0	-0.05
1053	0	0	0	0	-0.05
1066	0	0	0	0	-0.05
1079	0	0	0	0	-0.05
1092	0	0	0	0	-0.05
1105	0	0	0	0	-0.05
1118	0	0	0	0	-0.05
1131	0	0	0	0	-0.05
1144	0	0	0	0	-0.05
1157	0	0	0	0	-0.05
1170	0	0	0	0	-0.05
1183	0	0	0	0	-0.05
1196	0	0	0	0	-0.05
1209	0	0	0	0	-0.05
1222	0	0	0	0	-0.05
1235	0	0	0	0	-0.05
1249	0	0	0	0	-0.05
1262	0	0	0	0	-0.05
1275	0	0	0	0	-0.05
1288	0	0	0	0	-0.05
1301	0	0	0	0	-0.05
1314	0	0	0	0	-0.05
1327	0	0	0	0	-0.05
1340	0	0	0	0	-0.05
1353	0	0	0	0	-0.05
1366	0	0	0	0	-0.05
1379	0	0	0	0	-0.05
1392	0	0	0	0	-0.05
1405	0	0	0	0	-0.05
1418	0	0	0	0	-0.05
1431	0	0	0	0	-0.05
1444	0	0	0	0	-0.05
1457	0	0	0	0	-0.05
1470	0	0	0	0	-0.05
1483	0	0	0	0	-0.05
1496	0	0	0	0	-0.05
1509	0	0	0	0	-0.05
1522	0	0	0	0	-0.05
1535	0	0	0	0	-0.05
1548	0	0	0	0	-0.05
1561	0	0	0	0	-0.05
1574	0	0	0	0	-0.05
1587	0	0	0	0	-0.05
1600	0	0	0	0	-0.05
1613	0	0	0	0	-0.05
1626	0	0	0	0	-0.05
1639	0	0	0	0	-0.05
1652	0	0	0	0	-0.05
1665	0	0	0	0	-0.05
1678	0	0	0	0	-0.05
1691	0	0	0	0	-0.05
1704	0	0	0	0	-0.05
1717	0	0	0	0	-0.05
1730	0	0	0	0	-0.05
1743	0	0	0	0	-0.05
1756	0	0	0	0	-0.05
1769	0	0	0	0	-0.05
1782	0	0	0	0	-0.05
1795	0	0	0	0	-0.05
1808	0	0	0	0	-0.05
1821	0	0	0	0	-0.05
1834	0	0	0	0	-0.05
1847	0	0	0	0	-0.05
1860	0	0	0	0	-0.05
1873	0	0	0	0	-0.05
1886	0	0	0	0	-0.05
1899	0	0	0	0	-0.05
1912	0	0	0	0	-0.05
1925	0	0	0	0	-0.05
1938	0	0	0	0	-0.05
1951	0	0	0	0	-0.05
1964	0	0	0	0	-0.05
1977	0	0	0	0	-0.05
1990	0	0	0	0	-0.05
2003	0	0	0	0	-0.05
2016	0	0	0	0	-0.05
2029	0	0	0	0	-0.05
2042	0	0	0	0	-0.05
2055	0	0	0	0	-0.05
2068	0	0	0	0	-0.05
2081	0	0	0	0	-0.05
2094	0	0	0	0	-0.05
2107	0	0	0	0	-0.05
2120	0	0	0	0	-0.05
2133	0	0	0	0	-0.05
2146	0	0	0	0	-0.05
2159	0	0	0	0	-0.05
2172	0	0	0	0	-0.05
2185	0	0	0	0	-0.05
2198	0	0	0	0	-0.05
2211	0	0	0	0	-0.05
2224	0	0	0	0	-0.05
2237	0	0	0	0	-0.05
2250	0	0	0	0	-0.05
2263	0	0	0	0	-0.05
2276	0	0	0	0	-0.05
2289	0	0	0	0	-0.05
2302	0	0	0	0	-0.05
2315	0	0	0	0	-0.05
2328	0	0	0	0	-0.05
2341	0	0	0	0	-0.05
2354	0	0	0	0	-0.05
2367	0	0	0	0	-0.05
2380	0	0	0	0	-0.05
2393	0	0	0	0	-0.05
2406	0	0	0	0	-0.05
2419	0	0	0	0	-0.05
2432	0	0	0	0	-0.05
2445	0	0	0	0	-0.05
2458	0	0	0	0	-0.05
2471	0	0	0	0	-0.05
2484	0	0	0	0	-0.05
2497	0	0	0	0	-0.05
2510	0	0	0	0	-0.05
2523	0	0	0	0	-0.05
2536	0	0	0	0	-0.05
2549	0	0	0	0	-0.05
2562	0	0	0	0	-0.05
2575	0	0	0	0	-0.05
2588	0	0	0	0	-0.05
2601	0	0	0	0	-0.05
2614	0	0	0	0	-0.05
2627	0	0	0	0	-0.05
2640	0	0	0	0	-0.05
2653	0	0	0	0	-0.05
2666	0	0	0	0	-0.05
2679	0	0	0	0	-0.05
2692	0	0	0	0	-0.05
2705	0	0	0	0	-0.05
2718	0	0	0	0	-0.05
2731	0	0	0	0	-0.05
2744	0	0	0	0	-0.05
2757	0	0	0	0	-0.05
2770	0	0	0	0	-0.05
2783	0	0	0	0	-0.05
2796	0	0	0	0	-0.05
2809	0	0	0	0	-0.05
2822	0	0	0	0	-0.05
2835	0	0	0	0	-0.05
2848	0	0	0	0	-0.05
2861	0	0	0	0	-0.05
2874	0	0	0	0	-0.05
2887	0	0	0	0	-0.05
2900	0	0	0	0	-0.05
2913	0	0	0	0	-0.05
2926	0	0	0	0	-0.05
2939	0	0	0	0	-0.05
2952	0	0	0	0	-0.05
2965	0	0	0	0	-0.05
2978	0	0	0	0	-0.05
2991	0	0	0	0	-0.05
3004	0	0	0	0	-0.05
3017	0	0	0	0	-0.05
3030	0	0	0	0	-0.05
3043	0	0	0	0	-0.05
3056	0	0	0	0	-0.05
3069	0	0	0	0	-0.05
3082	0	0	0	0	-0.05
3095	0	0	0	0	-0.05
3108	0	0	0	0	-0.05
3121	0	0	0	0	-0.05
3134	0	0	0	0	-0.05
3147	0	0	0	0	-0.05
3160	0	0	0	0	-0.05
3173	0	0	0	0	-0.05
3186	0	0	0	0	-0.05
3199	0	0	0	0	-0.05
3212	0	0	0	0	-0.05
3225	0	0	0	0	-0.05
3238	0	0	0	0	-0.05
3251	0	0	0	0	-0.05
3264	0	0	0	0	-0.05
3277	0	0	0	0	-0.05
3290	0	0	0	0	-0.05
3303	0	0	0	0	-0.05
3316	0	0	0	0	-0.05
3329	0	0	0	0	-0.05
3342	0	0	0	0	-0.05
3355	0	0	0	0	-0.05
3368	0	0	0	0	-0.05
3381	0	0	0	0	-0.05
3394	0	0	0	0	-0.05
3407	0	0	0	0	-0.05
3420	0	0	0	0	-0.05
3433	0	0	0	0	-0.05
3446	0	0	0	0	-0.05
3459	0	0	0	0	-0.05
3472	0	0	0	0	-0.05
3485	0	0	0	0	-0.05
3498	0	0	0	0	-0.05
3511	0	0	0	0	-0.05
3524	0	0	0	0	-0.05
3537	0	0	0	0	-0.05
3550	0	0	0	0	-0.05
3563	0	0	0	0	-0.05
3576	0	0	0	0	-0.05
3589	0	0	0	0	-0.05
3602	0	0	0	0	-0.05
3615	0	0	0	0	-0.05
3628	0	0	0	0	-0.05
3641	0	0	0	0	-0.05
3654	0	0	0	0	-0.05
3667	0	0	0	0	-0.05
3680	0	0	0	0	-0.05
3693	0	0	0	0	-0.05
3706	0	0	0	0	-0.05
3719	0	0	0	0	-0.05
3732	0	0	0	0	-0.05
3745	0	0	0	0	-0.05
3758	0	0	0	0	-0.05
3771	0	0	0	0	-0.05
3784	0	0	0	0	-0.05
3797	0	0	0	0	-0.05
3810	0	0	0	0	-0.05
3823	0	0	0	0	-0.05
3836	0	0	0	0	-0.05
3849	0	0	0	0	-0.05
3862	0	0	0	0	-0.05
3875	0	0	0	0	-0.05
3888	0	0	0	0	-0.05
3901	0	0	0	0	-0.05
3914	0	0	0	0	-0.05
3927	0	0	0	0	-0.05
3940	0	0	0	0	-0.05
3953	0	0	0	0	-0.05
3966	0	0	0	0	-0.05
3979	0	0	0	0	-0.05
3992	0	0	0	0	-0.05
4005	0	0	0	0	-0.05
4018	0	0	0	0	-0.05
4031	0	0	0	0	-0.05
4044	0	0	0	0	-0.05
4057	0	0	0	0	-0.05
4070	0	0	0	0	-0.05
4083	0	0	0	0	-0.05
4096	0	0	0	0	-0.05
4109	0	0	0	0	-0.05
4122	0	0	0	0	-0.05
4135	0	0	0	0	-0.05
4148	0	0	0	0	-0.05
4161	0	0	0	0	-0.05
4174	0	0	0	0	-0.05
4187	0	0	0	0	-0.05
4200	0	0	0	0	-0.05
4213	0	0	0	0	-0.05
4226	0	0	0	0	-0.05
4239	0	0	0	0	-0.05
4252	0	0	0	0	-0.05
4265	0	0	0	0	-0.05
4278	0	0	0	0	-0.05
4291	0	0	0	0	-0.05
4304	0	0	0	0	-0.05
4317	0	0	0	0	-0.05
4330	0	0	0	0	-0.05
4343	0	0	0	0	-0.05
4356	0	0	0	0	-0.05
4369	0	0	0	0	-0.05
4382	0	0	0	0	-0.05
4395	0	0	0	0	-0.05
4408	0	0	0	0	-0.05
4421	0	0	0	0	-0.05
4434	0	0	0	0	-0.05
4447	0	0	0	0	-0.05
4460	0	0	0	0	-0.05
4473	0	0	0	0	-0.05
4486	0	0	0	0	-0.05
4499	0	0	0	0	-0.05
4513	0	0	0	0	-0.05
4526	0	0	0	0	-0.05
4539	0	0	0	0	-0.05
4552	0	0	0	0	-0.05
4565	0	0	0	0	-0.05
4578	0	0	0	0	-0.05
4591	0	0	0	0	-0.05
4604	0	0	0	0	-0.05
4617	0	0	0	0	-0.05
4630	0	0	0	0	-0.05
4643	0	0	0	0	-0.05
4656	0	0	0	0	-0.05
4669	0	0	0	0	-0.05
4682	0	0	0	0	-0.05
4695	0	0	0	0	-0.06
4708	0	0	0	0	-0.06
4721	0	0	0	0	-0.06
4734	0	0	0	0	-0.06
4747	0	0	0	0	-0.06
4760	0	0	0	0	-0.06
4773	0	0	0	0	-0.06
4786	0	0	0	0	-0.06
4799	0	0	0	0	-0.05
4812	0	0	0	0	-0.05
4825	0	0	0	0	-0.05
4838	0	0	0	0	-0.05
4851	0	0	0	0	-0.05
4864	0	0	0	0	-0.05
4877	0	0	0	0	-0.05
4890	0	0	0	0	-0.05
4903	0	0	0	0	-0.05
4916	0	0	0	0	-0.05
4929	0	0	0	0	-0.05
4942	0	0	0	0	-0.05
4955	0	0	0	0	-0.05
4968	0	0	0	0	-0.05
4981	0	0	0	0	-0.05
4994	0	0	0	0	-0.05
5007	0	0	0	0	-0.05
5020	0	0	0	0	-0.05
5033	0	0	0	0	-0.05
5046	0	0	0	0	-0.05
5059	0	0	0	0	-0.05
5072	0	0	0	0	-0.05
5085	0	0	0	0	-0.05
5098	0	0	0	0	-0.05
5111	0	0	0	0	-0.05
5124	0	0	0	0	-0.05
5137	0	0	0	0	-0.05
5150	0	0	0	0	-0.05
5163	0	0	0	0	-0.05
5176	0	0	0	0	-0.05
5189	0	0	0	0	-0.05
5202	0	0	0	0	-0.05
5215	0	0	0	0	-0.05
5228	0	0	0	0	-0.05
5241	0	0	0	0	-0.05
5254	0	0	0	0	-0.05
5267	0	0	0	0	-0.05
5280	-58.8	0	0	0	-0.05
5293	-58.8	-0.0542888165038002	0	0	-0.05
5306	-58.8	-0.380021715526601	-0.11	-8.47	-0.05
5319	-58.8	-1.0314875135722	-0.49	-64.63	1.83
5332	-58.8	-2.11726384364821	-1.63	-113.09	1.83
5345	-58.8	-3.52877307274701	-2.77	-142.84	1.83
5359	-58.8	-5.42888165038002	-5.05	-193.88	1.83
5372	-58.8	-7.60043431053203	-7.6	-193.88	1.83
5385	-58.8	-10.2062975027144	-9.39	-180.98	1.83
5398	-58.8	-13.1378935939197	-12.6	-226.19	1.83
5412	-58.8	-16.3952225841477	-16.18	-226.19	1.83
5425	-58.8	-19.4353963083605	-18.73	-226.19	1.14
5438	-58.8	-22.6384364820847	-22.31	-246.78	1.14
5451	-58.8	-25.6786102062975	-24.59	-246.78	1.14
5464	-58.8	-28.9359391965255	-28.23	-246.78	1.14
5477	-58.8	-32.0846905537459	-31.76	-246.78	1.14
5491	-58.8	-35.2334419109663	-34.04	-208.82	1.14
5504	-58.8	-38.4364820846906	-37.62	-246.78	1.14
5517	-58.8	-41.6395222584148	-41.15	-246.78	1.14
5530	-58.8	-44.57111834962	-43.7	-246.78	1.22
5543	-58.8	-47.6655808903366	-47.23	-226.19	1.22
5556	-58.8	-50.271444082519	-49.57	-226.19	1.22
5569	-58.8	-52.6058631921824	-53.04	-226.19	1.22
5582	-58.8	-54.5602605863192	-55.86	-135.72	1.22
5595	-58.8	-56.1346362649294	-56.79	-51.21	1.22
5608	-58.8	-57.3832790445168	-57.38	-22.24	1.22
5621	-58.8	-58.1976112920738	-57.76	-31.18	1.22
5634	-58.8	-58.686210640608	-58.14	-36.18	1.09
5647	-58.8	-58.8490770901194	-58.69	-24.67	1.09
5660	-58.8	-58.8490770901194	-58.79	0	1.09
5673	-58.8	-58.8490770901194	-58.79	-2.74	1.09
5686	-58.8	-58.8490770901194	-58.85	-2.74	1.09
5699	-58.8	-58.8490770901194	-58.85	-1.91	1.09
5712	-58.8	-58.8490770901194	-58.85	0	1.09
5725	-58.8	-58.8490770901194	-58.85	0	1.09
5738	-58.8	-58.8490770901194	-58.85	0	0.52
5751	-58.8	-58.8490770901194	-58.85	0	0.52
5764	-58.8	-58.8490770901194	-58.85	0	0.52
5777	-58.8	-58.8490770901194	-58.85	0	0.52
5790	-58.8	-58.8490770901194	-58.85	0	0.52
5803	-58.8	-58.8490770901194	-58.85	0	0.52
5816	-58.8	-58.8490770901194	-58.85	0	0.52
5829	-58.8	-58.8490770901194	-58.85	0	0.52
5842	-58.8	-58.8490770901194	-58.85	0	0.51
5855	80.6	-58.8490770901194	-58.85	0	0.51
5868	80.6	-58.5776330076004	-58.85	0	0.51
5881	80.6	-57.9261672095548	-58.52	61.67	0.51
5894	80.6	-56.9489685124864	-57.44	93.59	0.51
5907	80.6	-55.4831704668838	-56.35	135.72	0.51
5920	80.6	-53.6916395222584	-54.18	159.65	0.51
5933	80.6	-51.628664495114	-51.74	180.98	0.51
5946	80.6	-49.185667752443	-49.62	208.82	-1
5959	80.6	-46.3083604777416	-46.53	226.19	-1
5972	80.6	-43.213897937025	-44.19	246.78	-1
5985	80.6	-40.0651465798046	-40.61	246.78	-1
5998	80.6	-37.0249728555917	-37.08	271.44	-1
6011	80.6	-33.9305103148751	-34.74	226.19	-1
6024	80.6	-30.7817589576547	-31.27	246.78	-1
6037	80.6	-27.6330076004343	-27.8	226.19	-1
6050	80.6	-24.5928338762215	-25.24	226.19	-0.72
6063	80.6	-21.5526601520087	-21.82	226.19	-0.72
6076	80.6	-18.3496199782845	-19.49	246.78	-0.72
6089	80.6	-15.2008686210641	-15.85	271.44	-0.72
6102	80.6	-12.1606948968512	-12.38	246.78	-0.72
6115	80.6	-9.06623235613464	-10.04	271.44	-0.72
6128	80.6	-6.02605863192182	-6.46	246.78	-0.72
6141	80.6	-2.82301845819761	-3.85	208.82	-0.72
6154	80.6	0.325732899022801	0.05	246.78	-0.79
6167	80.6	3.42019543973941	2.44	208.82	-0.79
6180	80.6	6.56894679695983	5.97	246.78	-0.79
6193	80.6	9.60912052117264	9.39	226.19	-0.79
6206	80.6	12.7035830618893	11.73	226.19	-0.79
6219	80.6	15.9609120521173	15.36	226.19	-0.79
6233	80.6	19.1096634093377	18.89	246.78	-0.79
6246	80.6	22.2584147665581	21.23	226.19	-0.79
6259	80.6	25.4614549402823	25.14	246.78	-0.74
6272	80.6	28.5016286644951	27.42	226.19	-0.74
6285	80.6	31.6503800217155	31.05	246.78	-0.74
6298	80.6	34.7991313789359	34.58	246.78	-0.74
6311	80.6	37.8935939196525	36.86	246.78	-0.74
6324	80.6	41.1509229098806	40.39	246.78	-0.74
6337	80.6	44.1910966340934	43.87	246.78	-0.74
6350	80.6	47.1769815418024	46.15	246.78	-0.74
6363	80.6	50.3800217155266	50.05	246.78	-1.01
6376	80.6	53.4201954397394	52.39	226.19	-1.01
6389	80.6	56.5689467969598	55.92	246.78	-1.01
6402	80.6	59.6091205211726	59.39	226.19	-1.01
6415	80.6	62.7035830618893	61.67	226.19	-1.01
6428	80.6	65.7980456026059	65.26	246.78	-1.01
6441	80.6	68.8382193268187	68.73	226.19	-1.01
6454	80.6	71.5526601520087	71.06	226.19	-1.01
6467	80.6	73.9413680781759	74.43	159.65	0.51
6480	80.6	75.8957654723127	75.9	104.41	0.51
6493	80.6	77.5787187839305	77.42	84.82	0.51
6506	80.6	78.9359391965255	78.56	66.19	0.51
6519	80.6	79.7502714440825	79.32	64.63	0.51
6532	80.6	80.3474484256243	80.18	43.78	0.51
6545	80.6	80.5103148751357	80.62	12.81	0.51
6558	80.6	80.5646036916395	80.62	-0.39	0.51
6571	80.6	80.5646036916395	80.46	-10.42	0.38
6584	80.6	80.5646036916395	80.46	0	0.38
6597	80.6	80.5646036916395	80.51	5.47	0.38
6610	80.6	80.5646036916395	80.56	3.82	0.38
6623	80.6	80.5646036916395	80.51	0	0.38
6636	80.6	80.5646036916395	80.56	0	0.38
6649	80.6	80.5646036916395	80.56	0	0.38
6662	80.6	80.5646036916395	80.56	0	0.38
6675	80.6	80.5646036916395	80.56	0	-0.1
6688	80.6	80.5646036916395	80.56	0	-0.1
6701	80.6	80.5646036916395	80.56	0	-0.1
6714	80.6	80.5646036916395	80.56	0	-0.1
6727	80.6	80.5646036916395	80.56	0	-0.1
6740	80.6	80.5646036916395	80.56	0	-0.1
6753	80.6	80.5646036916395	80.56	0	-0.1
6766	80.6	80.5646036916395	80.56	0	-0.1
6779	80.6	80.5646036916395	80.56	0	-0.1
6792	80.6	80.5646036916395	80.56	0	-0.1
6805	80.6	80.5646036916395	80.56	0	-0.1
6818	80.6	80.5646036916395	80.56	0	-0.1
6831	80.6	80.5646036916395	80.56	0	-0.1
6844	80.6	80.5646036916395	80.56	0	-0.1
6857	-58.8	80.5646036916395	80.56	0	-0.1
6870	-58.8	80.2931596091205	80.51	-9.69	-0.1
6883	-58.8	79.6416938110749	80.08	-53.2	1.44
6896	-58.8	78.6644951140065	79.37	-100.54	1.44
6909	-58.8	77.3072747014115	77.8	-129.25	1.44
6922	-58.8	75.5700325732899	75.68	-169.64	1.44
6935	-58.8	73.4527687296417	74.1	-193.88	1.44
6948	-58.8	70.9554831704669	71.39	-208.82	1.44
6961	-58.8	68.1867535287731	68.35	-226.19	1.44
6974	-58.8	65.2008686210641	66.12	-208.82	1.44
6987	-58.8	62.1064060803474	62.27	-246.78	0.97
7000	-58.8	58.9033659066232	59.93	-226.19	0.97
7013	-58.8	55.8631921824104	56.3	-226.19	0.97
7026	-58.8	52.7687296416938	52.82	-226.19	0.97
7039	-58.8	49.6742671009772	50.43	-246.78	0.97
7052	-58.8	46.6340933767644	47.01	-246.78	0.97
7065	-58.8	43.4310532030402	43.59	-271.44	0.97
7078	-58.8	40.3908794788274	41.31	-246.78	0.97
7091	-58.8	37.2421281216069	37.57	-226.19	1.1
7104	-58.8	34.1476655808903	35.18	-246.78	1.1
7117	-58.8	30.9989142236699	31.65	-226.19	1.1
7130	-58.8	27.9044516829533	28.28	-246.78	1.1
7143	-58.8	24.8642779587405	26	-226.19	1.1
7156	-58.8	21.7155266015201	22.53	-226.19	1.1
7169	-58.8	18.5124864277959	19.06	-226.19	1.1
7182	-58.8	15.4723127035831	16.83	-246.78	1.1
7195	-58.8	12.3778501628664	13.03	-226.19	1.37
7208	-58.8	9.22909880564604	10.69	-226.19	1.37
7221	-58.8	6.08034744842562	7.22	-208.82	1.37
7234	-58.8	2.87730727470141	3.75	-226.19	1.37
7247	-58.8	-0.0542888165038002	1.52	-226.19	1.37
7260	-58.8	-3.25732899022801	-1.85	-246.78	1.37
7273	-58.8	-6.40608034744843	-5.32	-226.19	1.37
7286	-58.8	-9.33767643865364	-7.55	-246.78	1.37
7299	-58.8	-12.5407166123779	-11.29	-226.19	1.52
7312	-58.8	-15.6351791530945	-13.52	-226.19	1.52
7325	-58.8	-18.7839305103149	-16.94	-208.82	1.52
7338	-58.8	-21.9326818675353	-20.41	-208.82	1.52
7351	-58.8	-25.0271444082519	-22.64	-208.82	1.52
7364	-58.8	-28.1758957654723	-26.06	-208.82	1.52
7377	-58.8	-31.3246471226927	-29.53	-226.19	1.52
7390	-58.8	-34.2562432138979	-31.65	-246.78	1.52
7403	-58.8	-37.4049945711183	-35.4	-271.44	1.49
7416	-58.8	-40.499457111835	-37.73	-226.19	1.49
7429	-58.8	-43.6482084690554	-41.21	-226.19	1.49
7442	-58.8	-46.742671009772	-44.68	-246.78	1.49
7455	-58.8	-49.5114006514658	-46.96	-226.19	1.49
7468	-58.8	-51.900108577633	-50.43	-246.78	1.49
7481	-58.8	-53.9630836047774	-53.04	-246.78	1.49
7494	-58.8	-55.700325732899	-56.62	-226.19	1.49
7507	-58.8	-57.0032573289902	-59.17	-180.98	0.87
7520	-58.8	-57.9804560260586	-61.13	0	0.87
7533	-58.8	-58.5776330076004	-60.31	113.09	0.87
7546	-58.8	-58.8490770901194	-59.28	104.41	0.87
7559	-58.8	-58.8490770901194	-58.03	45.26	0.87
7572	-58.8	-58.8490770901194	-57.76	0	0.87
7585	-58.8	-58.8490770901194	-58.14	-36.7	0.87
7598	-58.8	-58.8490770901194	-58.69	-29.19	0.87
7611	-58.8	-58.8490770901194	-58.96	-15.07	0.43
7624	-58.8	-58.8490770901194	-59.07	0	0.43
7637	-58.8	-58.8490770901194	-59.07	0	0.43
7650	-58.8	-58.8490770901194	-59.01	0	0.43
7663	-58.8	-58.8490770901194	-59.01	0	0.43
7676	-58.8	-58.8490770901194	-58.96	8.9	0.43
7689	-58.8	-58.8490770901194	-58.79	9.82	0.43
7702	-58.8	-58.8490770901194	-58.79	0	0.43
7715	-58.8	-58.8490770901194	-58.79	0	0.06
7728	-58.8	-58.8490770901194	-58.79	0	0.06
7741	-58.8	-58.8490770901194	-58.79	0	0.06
7754	-58.8	-58.8490770901194	-58.85	0	0.06
7767	-58.8	-58.8490770901194	-58.85	0	0.06
7780	-58.8	-58.8490770901194	-58.85	0	0.06
7793	-58.8	-58.8490770901194	-58.85	0	0.06
7806	-58.8	-58.8490770901194	-58.85	0	0.06
7819	-58.8	-58.8490770901194	-58.85	0	0.13
7832	-58.8	-58.8490770901194	-58.79	0	0.13
7845	-58.8	-58.8490770901194	-58.79	0	0.13
7858	80.6	-58.8490770901194	-58.85	0	0.13
7871	80.6	-58.7947882736156	-58.85	0	0.13
7884	80.6	-58.3604777415852	-58.74	18.11	0.13
7897	80.6	-57.6547231270358	-58.09	79.83	0.13
7910	80.6	-56.5689467969598	-57.27	123.39	0.13
7923	80.6	-55.0488599348534	-55.37	135.72	-1.33
7936	80.6	-53.257328990228	-53.96	159.65	-1.33
7949	80.6	-50.9771986970684	-51.36	193.88	-1.33
7962	80.6	-48.371335504886	-48.53	208.82	-1.33
7975	80.6	-45.4940282301846	-46.53	226.19	-1.33
7988	80.6	-42.3452768729642	-43.05	246.78	-1.33
8001	80.6	-39.3051031487514	-39.52	271.44	-1.33
8014	80.6	-36.1563517915309	-37.19	246.78	-1.33
8027	80.6	-33.0618892508143	-33.17	271.44	-0.72
8040	80.6	-29.8588490770901	-30.73	246.78	-0.72
8053	80.6	-26.7100977198697	-27.2	246.78	-0.72
8066	80.6	-23.6699239956569	-23.78	226.19	-0.72
8079	80.6	-20.5754614549403	-21.5	246.78	-0.72
8092	80.6	-17.4267100977199	-18.02	246.78	-0.72
8105	80.6	-14.2779587404995	-14.55	271.44	-0.72
8118	80.6	-11.2920738327904	-12.32	271.44	-0.72
8131	80.6	-8.19761129207383	-8.47	208.82	-0.79
8144	80.6	-5.10314875135722	-6.03	246.78	-0.79
8157	80.6	-1.95439739413681	-2.5	246.78	-0.79
8170	80.6	1.1943539630836	1.03	271.44	-0.79
8183	80.6	4.23452768729642	3.26	226.19	-0.79
8196	80.6	7.38327904451683	6.73	208.82	-0.79
8209	80.6	10.4234527687296	10.1	246.78	-0.79
8222	80.6	13.5722041259501	12.43	271.44	-0.79
8235	80.6	16.6123778501629	16.29	246.78	-0.84
8248	80.6	19.7068403908795	18.62	226.19	-0.84
8261	80.6	22.8555917480999	22.15	246.78	-0.84
8274	80.6	26.0043431053203	25.84	246.78	-0.84
8287	80.6	28.9902280130293	28.01	208.82	-0.84
8300	80.6	32.1389793702497	31.6	208.82	-0.84
8313	80.6	35.2334419109663	35.02	271.44	-0.84
8326	80.6	38.3821932681867	37.35	226.19	-0.84
8339	80.6	41.4766558089034	41.26	246.78	-0.99
8352	80.6	44.6254071661238	43.54	246.78	-0.99
8365	80.6	47.6655808903366	47.07	246.78	-0.99
8378	80.6	50.7600434310532	50.54	246.78	-0.99
8391	80.6	53.9087947882736	52.82	246.78	-0.99
8404	80.6	57.057546145494	56.41	226.19	-0.99
8417	80.6	60.2062975027144	59.93	246.78	-0.99
8430	80.6	63.2464712269273	62.21	246.78	-0.99
8443	80.6	66.4495114006515	66.12	226.19	-0.91
8456	80.6	69.4353963083605	68.51	246.78	-0.91
8469	80.6	72.0955483170467	71.99	208.82	-0.91
8482	80.6	74.3756786102063	74.81	159.65	-0.91
8495	80.6	76.3300760043431	76.22	113.09	-0.91
8508	80.6	77.8501628664495	77.69	84.82	-0.91
8521	80.6	79.0988056460369	78.83	69.62	-0.91
8534	80.6	79.9131378935939	79.48	57.76	-0.91
8547	80.6	80.4017372421281	80.35	35.7	0.02
8560	80.6	80.5646036916395	80.62	0	0.02
8573	80.6	80.5646036916395	80.56	0	0.02
8586	80.6	80.5646036916395	80.46	-7.77	0.02
8599	80.6	80.5646036916395	80.51	6.73	0.02
8612	80.6	80.5646036916395	80.56	3.82	0.02
8625	80.6	80.5646036916395	80.51	0	0.02
8638	80.6	80.5646036916395	80.56	0	0.02
8651	80.6	80.5646036916395	80.56	0	-0.14
8664	80.6	80.5646036916395	80.56	0	-0.14
8677	80.6	80.5646036916395	80.56	0	-0.14
8690	80.6	80.5646036916395	80.56	0	-0.14
8703	80.6	80.5646036916395	80.56	0	-0.14
8716	80.6	80.5646036916395	80.56	0	-0.14
8729	80.6	80.5646036916395	80.56	0	-0.14
8742	80.6	80.5646036916395	80.56	0	-0.14
8755	80.6	80.5646036916395	80.56	0	-0.07
8768	80.6	80.5646036916395	80.56	0	-0.07
8781	80.6	80.5646036916395	80.56	0	-0.07
8794	80.6	80.5646036916395	80.56	0	-0.07
8807	80.6	80.5646036916395	80.56	0	-0.07
8820	80.6	80.5646036916395	80.56	0	-0.07
8833	80.6	80.5646036916395	80.56	0	-0.07
8846	80.6	80.5646036916395	80.56	0	-0.07
8859	-58.8	80.5646036916395	80.56	0	-0.07
8872	-58.8	80.5103148751357	80.56	0	-0.07
8885	-58.8	80.1302931596091	80.46	-30.84	-0.07
8898	-58.8	79.3702497285559	79.8	-66.19	-0.07
8911	-58.8	78.3387622149837	79.04	-100.54	-0.07
8924	-58.8	76.8186753528773	77.31	-150.79	-0.07
8937	-58.8	74.9185667752443	75.08	-169.64	-0.07
8950	-58.8	72.7470141150923	73.4	-193.88	-0.07
8963	-58.8	70.1954397394137	70.3	-208.82	1.35
8976	-58.8	67.2638436482085	68.24	-246.78	1.35
8989	-58.8	64.0065146579804	64.66	-226.19	1.35
9002	-58.8	60.85776330076	61.13	-226.19	1.35
9015	-58.8	57.871878393051	58.9	-271.44	1.35
9028	-58.8	54.7231270358306	55.32	-246.78	1.35
9041	-58.8	51.5743756786102	51.79	-226.19	1.35
9054	-58.8	48.5884907709012	49.57	-271.44	1.35
9067	-58.8	45.4940282301846	45.66	-226.19	1.08
9080	-58.8	42.399565689468	43.38	-271.44	1.08
9093	-58.8	39.2508143322476	39.85	-208.82	1.08
9106	-58.8	36.1563517915309	36.43	-246.78	1.08
9119	-58.8	33.1161780673181	34.15	-226.19	1.08
9132	-58.8	29.9674267100977	30.67	-246.78	1.08
9145	-58.8	26.8729641693811	27.25	-226.19	1.08
9158	-58.8	23.7242128121607	24.97	-226.19	1.08
9171	-58.8	20.6297502714441	21.23	-246.78	1.31
9184	-58.8	17.4809989142237	18.95	-226.19	1.31
9197	-58.8	14.4408251900109	15.36	-246.78	1.31
9210	-58.8	11.2920738327904	12	-271.44	1.31
9223	-58.8	8.25190010857763	9.72	-226.19	1.31
9236	-58.8	5.15743756786102	6.19	-271.44	1.31
9249	-58.8	2.00868621064061	2.82	-246.78	1.31
9262	-58.8	-1.085776330076	0.54	-246.78	1.31
9275	-58.8	-4.23452768729642	-3.26	-226.19	1.55
9288	-58.8	-7.32899022801303	-5.43	-246.78	1.55
9301	-58.8	-10.4777415852334	-8.96	-226.19	1.55
9314	-58.8	-13.5179153094463	-12.32	-208.82	1.55
9327	-58.8	-16.6666666666667	-14.55	-246.78	1.55
9340	-58.8	-19.8154180238871	-18.08	-246.78	1.55
9353	-58.8	-23.0184581976113	-21.5	-226.19	1.55
9366	-58.8	-26.0586319218241	-23.72	-246.78	1.55
9379	-58.8	-29.1530944625407	-27.47	-226.19	1.55
9392	-58.8	-32.1932681867535	-29.7	-226.19	1.55
9405	-58.8	-35.3963083604777	-33.17	-246.78	1.55
9418	-58.8	-38.4364820846906	-36.54	-246.78	1.55
9431	-58.8	-41.5309446254072	-38.76	-246.78	1.55
9444	-58.8	-44.6796959826276	-42.24	-246.78	1.55
9457	-58.8	-47.6112920738328	-45.66	-246.78	1.55
9470	-58.8	-50.3800217155266	-47.94	-226.19	1.55
9483	-58.8	-52.6058631921824	-51.85	-208.82	1.24
9496	-58.8	-54.5602605863192	-54.13	-226.19	1.24
9509	-58.8	-56.1889250814332	-57.71	-208.82	1.24
9522	-58.8	-57.4375678610206	-60.69	-93.59	1.24
9535	-58.8	-58.2519001085776	-61.13	61.67	1.24
9549	-58.8	-58.7404994571118	-59.93	108.58	1.24
9562	-58.8	-58.9033659066232	-58.47	79.83	1.24
9575	-58.8	-58.8490770901194	-57.87	17.98	1.24
9588	-58.8	-58.8490770901194	-57.93	-35.7	1.6
9601	-58.8	-58.8490770901194	-58.31	-43.08	1.6
9614	-58.8	-58.8490770901194	-58.79	-25.62	1.6
9627	-58.8	-58.8490770901194	-59.07	-10.16	1.6
9640	-58.8	-58.8490770901194	-59.07	0	1.6
9653	-58.8	-58.8490770901194	-59.01	0	1.6
9666	-58.8	-58.8490770901194	-59.01	0	1.6
9679	-58.8	-58.8490770901194	-59.01	1.39	1.6
9692	-58.8	-58.8490770901194	-58.85	10.81	-0.3
9705	-58.8	-58.8490770901194	-58.79	0	-0.3
9718	-58.8	-58.8490770901194	-58.79	0	-0.3
9731	-58.8	-58.8490770901194	-58.79	0	-0.3
9744	-58.8	-58.8490770901194	-58.79	0	-0.3
9757	-58.8	-58.8490770901194	-58.85	0	-0.3
9770	-58.8	-58.8490770901194	-58.85	0	-0.3
9783	-58.8	-58.8490770901194	-58.85	0	-0.3
9796	-58.8	-58.8490770901194	-58.85	0	0.19
9809	-58.8	-58.8490770901194	-58.85	0	0.19
9822	-58.8	-58.8490770901194	-58.85	0	0.19
9835	-58.8	-58.8490770901194	-58.85	0	0.19
9848	-58.8	-58.8490770901194	-58.85	0	0.19
9861	80.6	-58.8490770901194	-58.85	0	0.19
9874	80.6	-58.686210640608	-58.79	0	0.19
9887	80.6	-58.0890336590662	-58.63	53.2	0.19
9900	80.6	-57.2204125950054	-57.65	93.59	-1.49
9913	80.6	-55.971769815418	-56.62	123.39	-1.49
9926	80.6	-54.343105320304	-54.72	159.65	-1.49
9939	80.6	-52.3344191096634	-52.39	180.98	-1.49
9952	80.6	-50.1085776330076	-50.71	180.98	-1.49
9965	80.6	-47.28555917481	-47.83	226.19	-1.49
9978	80.6	-44.1368078175896	-44.46	271.44	-1.49
9991	80.6	-41.2052117263844	-42.18	246.78	-1.49
10004	80.6	-38.056460369164	-38.38	246.78	-0.79
10017	80.6	-35.0162866449511	-35.94	246.78	-0.79
10030	80.6	-31.8675352877307	-32.36	226.19	-0.79
10043	80.6	-28.7730727470141	-28.83	271.44	-0.79
10056	80.6	-25.7328990228013	-26.49	226.19	-0.79
10069	80.6	-22.5298588490771	-23.02	246.78	-0.79
10083	80.6	-19.3268186753529	-19.54	226.19	-0.79
10096	80.6	-16.1237785016287	-17.32	226.19	-0.79
10109	80.6	-13.0836047774159	-13.41	246.78	-0.94
10122	80.6	-9.98914223669924	-11.13	271.44	-0.94
10135	80.6	-6.84039087947883	-7.49	271.44	-0.94
10148	80.6	-3.80021715526601	-4.02	226.19	-0.94
10161	80.6	-0.651465798045603	-1.74	246.78	-0.94
10174	80.6	2.49728555917481	1.95	226.19	-0.94
10187	80.6	5.59174809989142	5.43	246.78	-0.94
10200	80.6	8.63192182410423	7.6	246.78	-0.94
10213	80.6	11.7263843648208	11.51	271.44	-0.81
10226	80.6	14.8751357220413	13.79	226.19	-0.81
10239	80.6	18.0781758957655	17.48	208.82	-0.81
10253	80.6	21.2812160694897	21.01	271.44	-0.81
10266	80.6	24.4299674267101	23.34	271.44	-0.81
10279	80.6	27.5787187839305	26.93	226.19	-0.81
10293	80.6	30.8360477741585	30.46	246.78	-0.81
10306	80.6	33.9847991313789	32.84	246.78	-0.81
10319	80.6	37.0249728555917	36.64	246.78	-1.06
10332	80.6	40.1737242128122	39.03	271.44	-1.06
10345	80.6	43.213897937025	42.56	226.19	-1.06
10358	80.6	46.3626492942454	46.09	271.44	-1.06
10371	80.6	49.457111834962	48.26	226.19	-1.06
10384	80.6	52.71444082519	51.9	271.44	-1.06
10397	80.6	55.7546145494028	55.48	246.78	-1.06
10410	80.6	58.7404994571118	57.76	226.19	-1.06
10423	80.6	61.943539630836	61.51	246.78	-1.03
10436	80.6	64.9837133550489	63.84	246.78	-1.03
10449	80.6	68.0781758957655	67.48	208.82	-1.03
10462	80.6	70.9011943539631	70.96	226.19	-1.03
10475	80.6	73.3441910966341	73.29	208.82	-1.03
10488	80.6	75.4614549402823	76.17	123.39	-1.03
10501	80.6	77.1986970684039	77.63	67.84	-1.03
10514	80.6	78.6102062975027	78.23	63.11	-1.03
10527	80.6	79.6416938110749	79.15	57.76	-0.74
10540	80.6	80.2388707926167	79.75	55.42	-0.74
10553	80.6	80.5646036916395	80.51	31.57	-0.74
10566	80.6	80.5646036916395	80.67	0	-0.74
10579	80.6	80.5646036916395	80.62	-11.64	-0.74
10592	80.6	80.5646036916395	80.51	0	-0.74
10605	80.6	80.5646036916395	80.51	0	-0.74
10618	80.6	80.5646036916395	80.51	0	-0.74
10631	80.6	80.5646036916395	80.51	0	-0.14
10644	80.6	80.5646036916395	80.56	0	-0.14
10657	80.6	80.5646036916395	80.62	0	-0.14
10670	80.6	80.5646036916395	80.56	0	-0.14
10683	80.6	80.5646036916395	80.56	0	-0.14
10696	80.6	80.5646036916395	80.62	0	-0.14
10709	80.6	80.5646036916395	80.56	0	-0.14
10722	80.6	80.5646036916395	80.56	0	-0.14
10735	80.6	80.5646036916395	80.56	0	0.07
10748	80.6	80.5646036916395	80.56	0	0.07
10761	80.6	80.5646036916395	80.56	0	0.07
10774	80.6	80.5646036916395	80.56	0	0.07
10787	80.6	80.5646036916395	80.56	0	0.07
10800	80.6	80.5646036916395	80.56	0	0.07
10813	80.6	80.5646036916395	80.56	0	0.07
10826	80.6	80.5646036916395	80.56	0	0.07
10839	80.6	80.5646036916395	80.56	0	0.07
10852	-58.8	80.5646036916395	80.56	0	0.07
10865	-58.8	80.5103148751357	80.56	0	0.07
10878	-58.8	80.1302931596091	80.46	-36.18	0.07
10891	-58.8	79.3702497285559	79.75	-79.83	0.07
10904	-58.8	78.2844733984799	78.94	-104.41	0.07
10917	-58.8	76.7643865363735	77.25	-142.84	0.07
10930	-58.8	74.9185667752443	75.08	-159.65	0.07
10943	-58.8	72.7470141150923	73.13	-169.64	1.38
10956	-58.8	70.1411509229099	70.3	-208.82	1.38
10969	-58.8	67.1552660152009	68.19	-246.78	1.38
10982	-58.8	64.0065146579804	64.66	-246.78	1.38
10996	-58.8	60.7491856677524	61.02	-246.78	1.38
11009	-58.8	57.600434310532	58.69	-246.78	1.38
11022	-58.8	54.5602605863192	55.05	-246.78	1.38
11035	-58.8	51.4115092290988	52.44	-246.78	1.38
11048	-58.8	48.371335504886	48.53	-208.82	0.98
11061	-58.8	45.3311617806732	46.2	-226.19	0.98
11074	-58.8	42.1824104234528	42.67	-226.19	0.98
11087	-58.8	38.9250814332248	39.09	-226.19	0.98
11101	-58.8	35.7763300760043	36.81	-246.78	0.98
11114	-58.8	32.6275787187839	33.17	-271.44	0.98
11127	-58.8	29.5331161780673	29.8	-226.19	0.98
11140	-58.8	26.3843648208469	27.52	-226.19	0.98
11153	-58.8	23.2899022801303	23.67	-246.78	1.28
11166	-58.8	20.1411509229099	21.39	-226.19	1.28
11179	-58.8	17.1009771986971	17.92	-208.82	1.28
11192	-58.8	14.0608034744843	14.55	-246.78	1.28
11205	-58.8	10.8034744842562	12.32	-271.44	1.28
11218	-58.8	7.70901194353963	8.74	-208.82	1.28
11232	-58.8	4.45168295331162	5.16	-208.82	1.28
11245	-58.8	1.1943539630836	2.93	-226.19	1.28
11258	-58.8	-1.90010857763301	-0.98	-246.78	1.5
11271	-58.8	-4.94028230184582	-3.15	-226.19	1.5
11284	-58.8	-8.08903365906623	-6.73	-246.78	1.5
11297	-58.8	-11.2377850162866	-10.04	-246.78	1.5
11310	-58.8	-14.2779587404995	-12.27	-226.19	1.5
11323	-58.8	-17.4267100977199	-15.74	-226.19	1.5
11336	-58.8	-20.5211726384365	-19.06	-226.19	1.5
11349	-58.8	-23.5613463626493	-21.34	-246.78	1.5
11362	-58.8	-26.7643865363735	-25.14	-246.78	1.58
11375	-58.8	-29.9131378935939	-27.36	-208.82	1.58
11388	-58.8	-33.0076004343105	-30.84	-226.19	1.58
11401	-58.8	-36.1563517915309	-34.31	-246.78	1.58
11414	-58.8	-39.2508143322476	-36.64	-246.78	1.58
11427	-58.8	-42.399565689468	-40.01	-226.19	1.58
11440	-58.8	-45.4940282301846	-43.43	-246.78	1.58
11453	-58.8	-48.4256243213898	-45.66	-226.19	1.58
11466	-58.8	-51.0314875135722	-49.57	-226.19	1.32
11479	-58.8	-53.1487513572204	-51.85	-246.78	1.32
11492	-58.8	-55.0488599348534	-55.32	-246.78	1.32
11505	-58.8	-56.514657980456	-58.63	-226.19	1.32
11518	-58.8	-57.6547231270358	-60.59	-53.2	1.32
11531	-58.8	-58.414766558089	-60.86	87.56	1.32
11544	-58.8	-58.8490770901194	-59.45	108.58	1.32
11557	-58.8	-58.9033659066232	-58.52	66.19	1.32
11570	-58.8	-58.8490770901194	-57.76	16.76	1.08
11583	-58.8	-58.8490770901194	-57.93	-38.22	1.08
11596	-58.8	-58.8490770901194	-58.52	-30.49	1.08
11609	-58.8	-58.8490770901194	-58.9	-20.41	1.08
11622	-58.8	-58.8490770901194	-59.01	-7.86	1.08
11635	-58.8	-58.8490770901194	-59.01	0	1.08
11648	-58.8	-58.8490770901194	-59.01	0	1.08
11661	-58.8	-58.8490770901194	-59.01	0	1.08
11674	-58.8	-58.8490770901194	-58.9	5.91	-0.35
11687	-58.8	-58.8490770901194	-58.85	6.25	-0.35
11700	-58.8	-58.8490770901194	-58.85	0	-0.35
11713	-58.8	-58.8490770901194	-58.85	0	-0.35
11726	-58.8	-58.8490770901194	-58.85	0	-0.35
11739	-58.8	-58.8490770901194	-58.85	0	-0.35
11752	-58.8	-58.8490770901194	-58.85	0	-0.35
11765	-58.8	-58.8490770901194	-58.85	0	-0.35
11778	-58.8	-58.8490770901194	-58.85	0	-0.07
11791	-58.8	-58.8490770901194	-58.85	0	-0.07
11804	-58.8	-58.8490770901194	-58.85	0	-0.07
11817	-58.8	-58.8490770901194	-58.79	0	-0.07
11830	-58.8	-58.8490770901194	-58.85	0	-0.07
11843	-58.8	-58.8490770901194	-58.85	0	-0.07
11856	80.6	-58.8490770901194	-58.85	0	-0.07
11869	80.6	-58.7947882736156	-58.85	0	-0.07
11882	80.6	-58.414766558089	-58.69	30.14	-0.6
11895	80.6	-57.6547231270358	-58.31	77.57	-0.6
11908	80.6	-56.514657980456	-57	113.09	-0.6
11921	80.6	-54.9402823018458	-55.21	142.84	-0.6
11934	80.6	-53.2030401737242	-53.8	159.65	-0.6
11947	80.6	-50.9771986970684	-51.3	180.98	-0.6
11960	80.6	-48.4256243213898	-48.48	208.82	-0.6
11973	80.6	-45.5483170466884	-46.42	246.78	-0.6
11986	80.6	-42.3452768729642	-42.67	226.19	-1.21
11999	80.6	-39.3051031487514	-40.23	226.19	-1.21
12012	80.6	-36.1563517915309	-36.59	271.44	-1.21
12025	80.6	-32.9533116178067	-33.06	246.78	-1.21
12038	80.6	-29.9131378935939	-30.89	246.78	-1.21
12051	80.6	-26.7643865363735	-27.36	246.78	-1.21
12064	80.6	-23.6699239956569	-23.89	246.78	-1.21
12077	80.6	-20.6297502714441	-21.61	246.78	-1.21
12090	80.6	-17.5352877307275	-17.75	246.78	-0.83
12103	80.6	-14.3322475570033	-15.42	226.19	-0.83
12116	80.6	-11.1834961997828	-11.83	246.78	-0.83
12129	80.6	-8.08903365906623	-8.25	246.78	-0.83
12142	80.6	-4.99457111834962	-6.03	246.78	-0.83
12155	80.6	-1.90010857763301	-2.44	246.78	-0.83
12168	80.6	1.1943539630836	0.98	226.19	-0.83
12181	80.6	4.28881650380022	3.26	246.78	-0.83
12194	80.6	7.38327904451683	7.17	246.78	-0.9
12207	80.6	10.5320304017372	9.45	226.19	-0.9
12220	80.6	13.5722041259501	13.03	246.78	-0.9
12233	80.6	16.7752442996743	16.56	246.78	-0.9
12246	80.6	19.8697068403909	18.84	246.78	-0.9
12259	80.6	23.0184581976113	22.37	246.78	-0.9
12272	80.6	26.1672095548317	25.95	246.78	-0.9
12285	80.6	29.0988056460369	28.23	246.78	-0.9
12298	80.6	32.3018458197611	31.98	208.82	-0.99
12311	80.6	35.3963083604777	34.36	246.78	-0.99
12324	80.6	38.4907709011944	37.89	246.78	-0.99
12337	80.6	41.6938110749186	41.42	246.78	-0.99
12350	80.6	44.6796959826276	43.65	208.82	-0.99
12363	80.6	47.9370249728556	47.18	226.19	-0.99
12376	80.6	50.9771986970684	50.76	226.19	-0.99
12389	80.6	54.071661237785	53.04	271.44	-0.99
12402	80.6	57.1661237785016	56.89	246.78	-0.94
12415	80.6	60.314875135722	59.17	271.44	-0.94
12428	80.6	63.4093376764386	62.87	271.44	-0.94
12441	80.6	66.5038002171553	66.34	226.19	-0.94
12454	80.6	69.4896851248643	68.62	246.78	-0.94
12467	80.6	72.1498371335505	72.15	226.19	-0.94
12481	80.6	74.4842562432139	74.97	150.79	-0.94
12494	80.6	76.4386536373507	76.22	87.56	-0.94
12507	80.6	78.0673181324647	77.74	84.82	-0.04
12520	80.6	79.2616720955483	78.61	82.26	-0.04
12533	80.6	80.0217155266015	79.75	67.84	-0.04
12546	80.6	80.5103148751357	80.51	35.7	-0.04
12559	80.6	80.6188925081433	80.73	-0.39	-0.04
12572	80.6	80.5646036916395	80.62	-20.24	-0.04
12585	80.6	80.5646036916395	80.46	-6.51	-0.04
12598	80.6	80.5646036916395	80.51	5.78	-0.04
12611	80.6	80.5646036916395	80.51	0	0.06
12624	80.6	80.5646036916395	80.51	0	0.06
12637	80.6	80.5646036916395	80.56	0	0.06
12650	80.6	80.5646036916395	80.56	0	0.06
12663	80.6	80.5646036916395	80.56	0	0.06
12676	80.6	80.5646036916395	80.56	0	0.06
12689	80.6	80.5646036916395	80.56	0	0.06
12702	80.6	80.5646036916395	80.56	0	0.06
12715	80.6	80.5646036916395	80.56	0	-0.03
12728	80.6	80.5646036916395	80.56	0	-0.03
12741	80.6	80.5646036916395	80.56	0	-0.03
12754	80.6	80.5646036916395	80.56	0	-0.03
12767	80.6	80.5646036916395	80.56	0	-0.03
12780	80.6	80.5646036916395	80.56	0	-0.03
12793	80.6	80.5646036916395	80.56	0	-0.03
12806	80.6	80.5646036916395	80.56	0	-0.03
12819	80.6	80.5646036916395	80.56	0	-0.04
12832	80.6	80.5646036916395	80.56	0	-0.04
12845	80.6	80.5646036916395	80.56	0	-0.04
12858	-58.8	80.5646036916395	80.56	0	-0.04
12871	-58.8	80.5103148751357	80.56	0	-0.04
12884	-58.8	80.1302931596091	80.46	-32.7	-0.04
12897	-58.8	79.3702497285559	79.75	-66.19	-0.04
12910	-58.8	78.2301845819761	78.99	-108.58	-0.04
12923	-58.8	76.7643865363735	77.09	-142.84	1.69
12936	-58.8	74.8642779587405	75.52	-159.65	1.69
12949	-58.8	72.6384364820847	72.96	-180.98	1.69
12962	-58.8	70.0868621064061	70.9	-208.82	1.69
12975	-58.8	67.0466883821933	67.7	-246.78	1.69
12988	-58.8	63.8979370249728	64.28	-246.78	1.69
13001	-58.8	60.8034744842562	61.94	-226.19	1.69
13014	-58.8	57.7090119435396	58.25	-271.44	1.69
13027	-58.8	54.614549402823	55.7	-226.19	0.98
13040	-58.8	51.4657980456026	52.01	-226.19	0.98
13053	-58.8	48.3170466883822	48.48	-271.44	0.98
13066	-58.8	45.385450597177	46.2	-246.78	0.98
13079	-58.8	42.2909880564604	42.67	-226.19	0.98
13092	-58.8	39.0879478827362	40.17	-246.78	0.98
13105	-58.8	35.9934853420195	36.59	-246.78	0.98
13118	-58.8	32.7361563517915	33.06	-226.19	0.98
13131	-58.8	29.7502714440825	30.46	-246.78	1.22
13144	-58.8	26.6015200868621	26.93	-271.44	1.22
13158	-58.8	23.3441910966341	24.7	-246.78	1.22
13171	-58.8	20.2497285559175	21.12	-226.19	1.22
13184	-58.8	16.9923995656895	17.64	-246.78	1.22
13197	-58.8	14.0065146579805	15.31	-208.82	1.22
13210	-58.8	10.9663409337676	11.78	-226.19	1.22
13223	-58.8	7.76330076004343	9.28	-226.19	1.22
13236	-58.8	4.66883821932682	5.54	-208.82	1.48
13249	-58.8	1.52008686210641	3.26	-246.78	1.48
13262	-58.8	-1.62866449511401	-0.27	-226.19	1.48
13275	-58.8	-4.77741585233442	-3.64	-246.78	1.48
13288	-58.8	-7.76330076004343	-5.97	-246.78	1.48
13301	-58.8	-11.0206297502714	-9.45	-208.82	1.48
13314	-58.8	-14.1693811074919	-12.81	-246.78	1.48
13327	-58.8	-17.1552660152009	-15.04	-226.19	1.48
13340	-58.8	-20.2497285559175	-18.78	-226.19	1.52
13353	-58.8	-23.2899022801303	-20.96	-246.78	1.52
13366	-58.8	-26.4386536373507	-24.43	-208.82	1.52
13379	-58.8	-29.6416938110749	-27.9	-208.82	1.52
13392	-58.8	-32.6818675352877	-30.13	-226.19	1.52
13405	-58.8	-35.8306188925081	-33.6	-246.78	1.52
13419	-58.8	-39.0879478827362	-37.02	-208.82	1.52
13432	-58.8	-42.2366992399566	-39.31	-246.78	1.52
13445	-58.8	-45.3311617806732	-43.16	-226.19	1.38
13458	-58.8	-48.3170466883822	-45.39	-226.19	1.38
13471	-58.8	-50.8686210640608	-49.02	-226.19	1.38
13484	-58.8	-53.1487513572204	-52.44	-246.78	1.38
13497	-58.8	-54.9945711183496	-54.78	-246.78	1.38
13510	-58.8	-56.514657980456	-58.31	-226.19	1.38
13523	-58.8	-57.6547231270358	-60.97	-69.62	1.38
13536	-58.8	-58.3061889250814	-61.07	84.82	1.38
13549	-58.8	-58.7947882736156	-59.55	93.59	-2.08
13562	-58.8	-58.8490770901194	-58.58	67.84	-2.08
13575	-58.8	-58.8490770901194	-57.76	0	-2.08
13588	-58.8	-58.8490770901194	-57.98	-38.22	-2.08
13601	-58.8	-58.8490770901194	-58.36	-32.7	-2.08
13614	-58.8	-58.8490770901194	-58.85	-22.06	-2.08
13627	-58.8	-58.8490770901194	-59.01	-8.69	-2.08
13640	-58.8	-58.8490770901194	-59.01	0	-2.08
13653	-58.8	-58.8490770901194	-59.01	0	0.21
13666	-58.8	-58.8490770901194	-59.01	0	0.21
13679	-58.8	-58.8490770901194	-58.96	5.3	0.21
13692	-58.8	-58.8490770901194	-58.85	6.99	0.21
13705	-58.8	-58.8490770901194	-58.79	0	0.21
13718	-58.8	-58.8490770901194	-58.85	0	0.21
13731	-58.8	-58.8490770901194	-58.85	0	0.21
13744	-58.8	-58.8490770901194	-58.85	0	0.21
13757	-58.8	-58.8490770901194	-58.85	0	-0.06
13770	-58.8	-58.8490770901194	-58.85	0	-0.06
13783	-58.8	-58.8490770901194	-58.85	0	-0.06
13796	-58.8	-58.8490770901194	-58.79	0	-0.06
13809	-58.8	-58.8490770901194	-58.85	0	-0.06
13822	-58.8	-58.8490770901194	-58.85	0	-0.06
13835	-58.8	-58.8490770901194	-58.85	0	-0.06
13848	-58.8	-58.8490770901194	-58.85	0	-0.06
13861	80.6	-58.8490770901194	-58.85	0	0.03
13874	80.6	-58.7947882736156	-58.85	0	0.03
13887	80.6	-58.414766558089	-58.74	29.49	0.03
13900	80.6	-57.6547231270358	-58.03	75.4	0.03
13913	80.6	-56.5689467969598	-57.27	96.94	0.03
13926	80.6	-55.1031487513572	-55.48	150.79	0.03
13939	80.6	-53.2030401737242	-53.37	159.65	0.03
13952	80.6	-50.9771986970684	-51.74	193.88	0.03
13965	80.6	-48.4256243213898	-48.64	226.19	-1.27
13978	80.6	-45.4397394136808	-46.47	226.19	-1.27
13991	80.6	-42.2909880564604	-42.83	226.19	-1.27
14004	80.6	-39.14223669924	-39.2	226.19	-1.27
14017	80.6	-36.1563517915309	-36.86	246.78	-1.27
14030	80.6	-33.0076004343105	-33.39	246.78	-1.27
14043	80.6	-29.9131378935939	-30.08	226.19	-1.27
14056	80.6	-26.8729641693811	-27.85	226.19	-1.27
14069	80.6	-23.7242128121607	-24.16	226.19	-0.87
14082	80.6	-20.6297502714441	-21.82	246.78	-0.87
14095	80.6	-17.4809989142237	-18.13	226.19	-0.87
14108	80.6	-14.3865363735071	-14.6	271.44	-0.87
14121	80.6	-11.2377850162866	-12.27	246.78	-0.87
14134	80.6	-8.08903365906623	-8.74	246.78	-0.87
14147	80.6	-4.88599348534202	-5.16	208.82	-0.87
14160	80.6	-1.90010857763301	-2.77	246.78	-0.87
14173	80.6	1.1943539630836	1.03	226.19	-0.83
14186	80.6	4.34310532030402	3.31	246.78	-0.83
14199	80.6	7.49185667752443	7	246.78	-0.83
14212	80.6	10.5320304017372	10.42	246.78	-0.83
14225	80.6	13.6264929424539	12.65	226.19	-0.83
14238	80.6	16.7209554831705	16.07	271.44	-0.83
14251	80.6	19.8154180238871	19.49	226.19	-0.83
14264	80.6	22.9098805646037	21.82	226.19	-0.83
14277	80.6	26.0043431053203	25.79	246.78	-0.86
14290	80.6	29.1530944625407	28.07	271.44	-0.86
14303	80.6	32.2475570032573	31.6	271.44	-0.86
14316	80.6	35.3963083604777	35.18	246.78	-0.86
14329	80.6	38.4907709011944	37.35	226.19	-0.86
14342	80.6	41.6938110749186	40.99	271.44	-0.86
14355	80.6	44.842562432139	44.52	226.19	-0.86
14368	80.6	47.8827361563518	46.8	226.19	-0.86
14381	80.6	50.9229098805646	50.65	271.44	-1.07
14394	80.6	54.0173724212812	52.88	226.19	-1.07
14407	80.6	57.1661237785016	56.51	246.78	-1.07
14420	80.6	60.314875135722	59.99	246.78	-1.07
14433	80.6	63.4093376764386	62.43	246.78	-1.07
14446	80.6	66.5580890336591	66.02	271.44	-1.07
14459	80.6	69.4896851248643	69.49	246.78	-1.07
14472	80.6	72.0955483170467	71.72	193.88	-1.07
14485	80.6	74.4299674267101	74.97	142.84	0.72
14498	80.6	76.3300760043431	76.28	87.56	0.72
14511	80.6	77.8501628664495	77.69	79.83	0.72
14524	80.6	79.1530944625407	78.56	73.36	0.72
14537	80.6	79.9674267100977	79.64	61.67	0.72
14550	80.6	80.4560260586319	80.4	39.91	0.72
14563	80.6	80.5646036916395	80.62	10.99	0.72
14576	80.6	80.5646036916395	80.56	-14.59	0.72
14589	80.6	80.5646036916395	80.46	0	-0.21
14602	80.6	80.5646036916395	80.56	6.99	-0.21
14615	80.6	80.5646036916395	80.56	0	-0.21
14628	80.6	80.5646036916395	80.51	0	-0.21
14641	80.6	80.5646036916395	80.56	0	-0.21
14654	80.6	80.5646036916395	80.56	0	-0.21
14667	80.6	80.5646036916395	80.56	0	-0.21
14680	80.6	80.5646036916395	80.56	0	-0.21
14693	80.6	80.5646036916395	80.56	0	-0.01
14706	80.6	80.5646036916395	80.56	0	-0.01
14719	80.6	80.5646036916395	80.56	0	-0.01
14732	80.6	80.5646036916395	80.56	0	-0.01
14745	80.6	80.5646036916395	80.56	0	-0.01
14758	80.6	80.5646036916395	80.56	0	-0.01
14771	80.6	80.5646036916395	80.56	0	-0.01
14784	80.6	80.5646036916395	80.56	0	-0.01
14797	80.6	80.5646036916395	80.56	0	-0.05
14810	80.6	80.5646036916395	80.56	0	-0.05
14823	80.6	80.5646036916395	80.56	0	-0.05
14836	80.6	80.5646036916395	80.56	0	-0.05
14849	80.6	80.5646036916395	80.56	0	-0.05
14862	-58.8	80.5646036916395	80.56	0	-0.05
14875	-58.8	80.5103148751357	80.56	0	-0.05
14888	-58.8	80.1302931596091	80.46	-30.84	-0.05
14901	-58.8	79.3702497285559	79.97	-64.63	1.51
14914	-58.8	78.2301845819761	78.77	-123.39	1.51
14927	-58.8	76.6558089033659	76.98	-159.65	1.51
14940	-58.8	74.8642779587405	75.46	-169.64	1.51
14953	-58.8	72.5841476655809	72.91	-193.88	1.51
14966	-58.8	69.9782844733985	70.14	-226.19	1.51
14979	-58.8	67.1009771986971	68.02	-226.19	1.51
14992	-58.8	64.0065146579804	64.6	-246.78	1.51
15005	-58.8	60.85776330076	62.05	-246.78	0.95
15018	-58.8	57.7633007600434	58.36	-226.19	0.95
15031	-58.8	54.614549402823	54.78	-246.78	0.95
15044	-58.8	51.5743756786102	52.5	-246.78	0.95
15057	-58.8	48.371335504886	48.97	-246.78	0.95
15070	-58.8	45.3311617806732	45.49	-226.19	0.95
15083	-58.8	42.2366992399566	43.21	-246.78	0.95
15096	-58.8	39.14223669924	39.69	-246.78	0.95
15109	-58.8	36.0477741585233	37.02	-246.78	1.12
15122	-58.8	32.8447339847991	33.44	-226.19	1.12
15136	-58.8	29.6416938110749	29.97	-226.19	1.12
15149	-58.8	26.4929424538545	27.63	-226.19	1.12
15162	-58.8	23.3441910966341	24	-208.82	1.12
15175	-58.8	20.3040173724213	21.5	-226.19	1.12
15188	-58.8	17.2095548317047	18.02	-246.78	1.12
15201	-58.8	14.0065146579805	14.55	-208.82	1.12
15214	-58.8	11.0206297502714	12	-246.78	1.29
15227	-58.8	7.76330076004343	8.52	-271.44	1.29
15240	-58.8	4.77741585233442	6.24	-208.82	1.29
15253	-58.8	1.62866449511401	2.82	-226.19	1.29
15266	-58.8	-1.52008686210641	-0.65	-226.19	1.29
15279	-58.8	-4.61454940282302	-2.88	-246.78	1.29
15292	-58.8	-7.76330076004343	-6.35	-226.19	1.29
15306	-58.8	-11.0206297502714	-9.88	-246.78	1.29
15319	-58.8	-14.1693811074919	-12.38	-226.19	1.54
15332	-58.8	-17.2638436482085	-15.96	-246.78	1.54
15345	-58.8	-20.4125950054289	-18.19	-226.19	1.54
15358	-58.8	-23.5613463626493	-21.72	-246.78	1.54
15371	-58.8	-26.7100977198697	-25.08	-226.19	1.54
15384	-58.8	-29.6959826275787	-27.31	-246.78	1.54
15397	-58.8	-32.8447339847991	-30.78	-246.78	1.54
15410	-58.8	-35.9391965255157	-34.15	-246.78	1.54
15423	-58.8	-38.9793702497286	-36.75	-208.82	1.38
15436	-58.8	-42.2366992399566	-40.28	-226.19	1.38
15449	-58.8	-45.2225841476656	-42.62	-271.44	1.38
15462	-58.8	-48.2084690553746	-46.04	-246.78	1.38
15475	-58.8	-50.8686210640608	-49.51	-226.19	1.38
15488	-58.8	-53.0401737242128	-51.79	-226.19	1.38
15501	-58.8	-54.9945711183496	-55.21	-246.78	1.38
15514	-58.8	-56.514657980456	-58.74	-246.78	1.38
15527	-58.8	-57.6547231270358	-60.8	-64.63	-1.57
15540	-58.8	-58.5233441910966	-60.97	75.4	-1.57
15553	-58.8	-58.9033659066232	-59.99	113.09	-1.57
15566	-58.8	-59.0119435396308	-58.52	71.44	-1.57
15579	-58.8	-58.8490770901194	-57.82	24.89	-1.57
15592	-58.8	-58.8490770901194	-57.87	-37.18	-1.57
15605	-58.8	-58.8490770901194	-58.41	-35.27	-1.57
15618	-58.8	-58.8490770901194	-58.85	-24.45	-1.57
15631	-58.8	-58.8490770901194	-59.01	0	0.23
15644	-58.8	-58.8490770901194	-59.01	0	0.23
15657	-58.8	-58.8490770901194	-59.01	0	0.23
15670	-58.8	-58.8490770901194	-59.01	0	0.23
15683	-58.8	-58.8490770901194	-58.96	0	0.23
15696	-58.8	-58.8490770901194	-58.85	10.12	0.23
15709	-58.8	-58.8490770901194	-58.79	0	0.23
15722	-58.8	-58.8490770901194	-58.85	0	0.23
15735	-58.8	-58.8490770901194	-58.79	0	-0.03
15748	-58.8	-58.8490770901194	-58.85	0	-0.03
15761	-58.8	-58.8490770901194	-58.79	0	-0.03
15774	-58.8	-58.8490770901194	-58.79	0	-0.03
15787	-58.8	-58.8490770901194	-58.85	0	-0.03
15800	-58.8	-58.8490770901194	-58.85	0	-0.03
15813	-58.8	-58.8490770901194	-58.85	0	-0.03
15826	-58.8	-58.8490770901194	-58.85	0	-0.03
15839	-58.8	-58.8490770901194	-58.85	0	0.21
15852	-58.8	-58.8490770901194	-58.85	0	0.21
15865	80.6	-58.8490770901194	-58.85	0	0.21
15878	80.6	-58.7947882736156	-58.85	0.39	0.21
15891	80.6	-58.4690553745928	-58.74	5.43	0.21
15904	80.6	-57.8175895765472	-58.41	66.19	0.21
15917	80.6	-56.786102062975	-57.27	100.54	0.21
15930	80.6	-55.3203040173724	-55.59	142.84	0.21
15943	80.6	-53.5830618892508	-54.02	169.64	-1.31
15956	80.6	-51.357220412595	-51.57	180.98	-1.31
15969	80.6	-48.9685124864278	-49.67	208.82	-1.31
15982	80.6	-46.0369163952226	-46.58	226.19	-1.31
15995	80.6	-42.8881650380022	-43.16	271.44	-1.31
16008	80.6	-39.7394136807817	-40.83	246.78	-1.31
16021	80.6	-36.6992399565689	-37.24	246.78	-1.31
16034	80.6	-33.6047774158523	-33.71	271.44	-1.31
16047	80.6	-30.5103148751357	-31.11	208.82	-0.73
16060	80.6	-27.4158523344191	-27.47	226.19	-0.73
16073	80.6	-24.2671009771987	-25.24	246.78	-0.73
16086	80.6	-21.2269272529859	-21.77	246.78	-0.73
16099	80.6	-18.0238870792617	-18.4	246.78	-0.73
16112	80.6	-14.9837133550489	-16.02	246.78	-0.73
16125	80.6	-11.8349619978284	-12.43	226.19	-0.73
16138	80.6	-8.63192182410423	-8.85	246.78	-0.73
16151	80.6	-5.59174809989142	-6.19	271.44	-0.74
16164	80.6	-2.49728555917481	-2.71	226.19	-0.74
16177	80.6	0.597176981541802	-0.43	246.78	-0.74
16190	80.6	3.74592833876221	3.15	226.19	-0.74
16204	80.6	7.00325732899023	6.84	226.19	-0.74
16217	80.6	10.2062975027144	9.23	246.78	-0.74
16230	80.6	13.3550488599349	12.76	226.19	-0.74
16244	80.6	16.6123778501629	16.45	246.78	-0.74
16257	80.6	19.9239956568947	19.06	246.78	-0.88
16270	80.6	23.0727470141151	22.48	246.78	-0.88
16284	80.6	26.2214983713355	26.06	226.19	-0.88
16297	80.6	29.3702497285559	28.34	246.78	-0.88
16310	80.6	32.5190010857763	31.98	208.82	-0.88
16324	80.6	35.7763300760043	35.61	246.78	-0.88
16337	80.6	38.9250814332248	37.89	226.19	-0.88
16350	80.6	42.0738327904452	41.53	246.78	-0.88
16363	80.6	45.1682953311618	44.08	246.78	-1
16376	80.6	48.371335504886	47.72	226.19	-1
16389	80.6	51.5743756786102	51.25	226.19	-1
16402	80.6	54.5059717698154	53.58	246.78	-1
16415	80.6	57.7633007600434	57.11	226.19	-1
16429	80.6	60.9663409337676	60.69	208.82	-1
16442	80.6	64.1693811074918	63.03	246.78	-1
16455	80.6	67.3724212812161	66.67	226.19	-1
16468	80.6	70.1954397394137	69.38	208.82	-0.87
16481	80.6	72.8013029315961	72.86	226.19	-0.87
16494	80.6	74.9185667752443	75.52	142.84	-0.87
16507	80.6	76.7643865363735	76.71	93.59	-0.87
16520	80.6	78.2301845819761	77.96	75.4	-0.87
16533	80.6	79.3159609120521	78.99	69.62	-0.87
16546	80.6	80.0760043431053	79.64	57.76	-0.87
16559	80.6	80.5103148751357	80.4	28.27	-0.87
16572	80.6	80.5646036916395	80.62	0	0.44
16585	80.6	80.5646036916395	80.56	-9.73	0.44
16598	80.6	80.5646036916395	80.46	-7.3	0.44
16611	80.6	80.5646036916395	80.51	5.91	0.44
16624	80.6	80.5646036916395	80.56	3.34	0.44
16637	80.6	80.5646036916395	80.51	0	0.44
16650	80.6	80.5646036916395	80.56	0	0.44
16663	80.6	80.5646036916395	80.56	0	0.44
16676	80.6	80.5646036916395	80.56	0	-0.07
16689	80.6	80.5646036916395	80.56	0	-0.07
16702	80.6	80.5646036916395	80.56	0	-0.07
16715	80.6	80.5646036916395	80.56	0	-0.07
16728	80.6	80.5646036916395	80.56	0	-0.07
16741	80.6	80.5646036916395	80.56	0	-0.07
16754	80.6	80.5646036916395	80.56	0	-0.07
16767	80.6	80.5646036916395	80.56	0	-0.07
16780	80.6	80.5646036916395	80.56	0	-0.08
16793	80.6	80.5646036916395	80.56	0	-0.08
16806	80.6	80.5646036916395	80.56	0	-0.08
16819	80.6	80.5646036916395	80.56	0	-0.08
16832	80.6	80.5646036916395	80.56	0	-0.08
16845	80.6	80.5646036916395	80.56	0	-0.08
16858	-58.8	80.5646036916395	80.56	0	-0.08
16871	-58.8	80.5646036916395	80.56	0	-0.08
16884	-58.8	80.2388707926167	80.51	-9.42	0.26
16897	-58.8	79.5331161780673	80.02	-63.11	0.26
16910	-58.8	78.5559174809989	79.32	-96.94	0.26
16923	-58.8	77.1444082519001	77.69	-129.25	0.26
16936	-58.8	75.3528773072747	75.57	-169.64	0.26
16949	-58.8	73.3441910966341	74	-180.98	0.26
16962	-58.8	70.7926167209555	71.28	-226.19	0.26
16975	-58.8	67.9695982627579	68.19	-246.78	0.26
16988	-58.8	64.9294245385451	65.8	-271.44	1.51
17001	-58.8	61.7263843648208	62.05	-246.78	1.51
17014	-58.8	58.686210640608	59.83	-208.82	1.51
17027	-58.8	55.4831704668838	56.13	-271.44	1.51
17040	-58.8	52.3887079261672	52.66	-246.78	1.51
17053	-58.8	49.3485342019544	50.38	-226.19	1.51
17066	-58.8	46.0912052117264	46.74	-246.78	1.51
17079	-58.8	42.942453854506	43.21	-246.78	1.51
17093	-58.8	39.685124864278	40.61	-271.44	1.06
17106	-58.8	36.6449511400651	37.19	-246.78	1.06
17119	-58.8	33.4419109663409	33.77	-226.19	1.06
17132	-58.8	30.4017372421281	31.54	-226.19	1.06
17145	-58.8	27.3072747014115	27.96	-208.82	1.06
17158	-58.8	24.1585233441911	24.54	-226.19	1.06
17171	-58.8	21.0640608034745	22.26	-246.78	1.06
17184	-58.8	17.9153094462541	18.78	-246.78	1.06
17197	-58.8	14.9294245385451	16.18	-226.19	1.38
17210	-58.8	11.7806731813246	12.65	-246.78	1.38
17223	-58.8	8.57763300760043	9.17	-226.19	1.38
17236	-58.8	5.59174809989142	7	-246.78	1.38
17249	-58.8	2.44299674267101	3.53	-226.19	1.38
17262	-58.8	-0.705754614549403	0.11	-226.19	1.38
17275	-58.8	-3.80021715526601	-2.17	-226.19	1.38
17288	-58.8	-6.84039087947883	-5.48	-208.82	1.38
17301	-58.8	-9.98914223669924	-8.03	-208.82	1.54
17314	-58.8	-13.1378935939197	-11.56	-246.78	1.54
17327	-58.8	-16.1780673181325	-15.04	-208.82	1.54
17340	-58.8	-19.2725298588491	-17.26	-246.78	1.54
17353	-58.8	-22.4212812160695	-20.68	-246.78	1.54
17366	-58.8	-25.5700325732899	-24.16	-226.19	1.54
17379	-58.8	-28.5559174809989	-26.28	-208.82	1.54
17392	-58.8	-31.7046688382193	-29.75	-226.19	1.54
17405	-58.8	-34.7991313789359	-32.36	-226.19	1.46
17418	-58.8	-37.9478827361563	-35.83	-246.78	1.46
17431	-58.8	-41.0966340933768	-39.31	-246.78	1.46
17444	-58.8	-44.1910966340934	-41.59	-208.82	1.46
17457	-58.8	-47.1769815418024	-45.01	-271.44	1.46
17470	-58.8	-50.0542888165038	-48.48	-271.44	1.46
17483	-58.8	-52.3887079261672	-50.76	-246.78	1.46
17496	-58.8	-54.2888165038002	-54.34	-246.78	1.46
17509	-58.8	-55.9174809989142	-57.22	-246.78	1.24
17522	-58.8	-57.2204125950054	-60.37	-123.39	1.24
17535	-58.8	-58.0890336590662	-61.02	43.08	1.24
17548	-58.8	-58.6319218241042	-60.04	118	1.24
17561	-58.8	-58.8490770901194	-58.52	71.44	1.24
17574	-58.8	-58.8490770901194	-57.93	27.4	1.24
17587	-58.8	-58.8490770901194	-57.87	-30.84	1.24
17600	-58.8	-58.8490770901194	-58.36	-34.35	1.24
17613	-58.8	-58.8490770901194	-58.74	-26.62	0.5
17626	-58.8	-58.8490770901194	-59.01	-12.38	0.5
17639	-58.8	-58.8490770901194	-59.01	0	0.5
17652	-58.8	-58.8490770901194	-59.01	0	0.5
17665	-58.8	-58.8490770901194	-59.01	0	0.5
17678	-58.8	-58.8490770901194	-58.96	0	0.5
17691	-58.8	-58.8490770901194	-58.85	7.99	0.5
17704	-58.8	-58.8490770901194	-58.79	5.65	0.5
17717	-58.8	-58.8490770901194	-58.85	0	0.18
17730	-58.8	-58.8490770901194	-58.79	0	0.18
17743	-58.8	-58.8490770901194	-58.85	0	0.18
17756	-58.8	-58.8490770901194	-58.85	0	0.18
17769	-58.8	-58.8490770901194	-58.85	0	0.18
17782	-58.8	-58.8490770901194	-58.85	0	0.18
17795	-58.8	-58.8490770901194	-58.85	0	0.18
17808	-58.8	-58.8490770901194	-58.85	0	0.18
17821	-58.8	-58.8490770901194	-58.85	0	0.03
17834	-58.8	-58.8490770901194	-58.85	0	0.03
17847	-58.8	-58.8490770901194	-58.85	0	0.03
17860	80.6	-58.8490770901194	-58.85	0	0.03
17873	80.6	-58.8490770901194	-58.85	0	0.03
17886	80.6	-58.5233441910966	-58.79	6.82	0.03
17899	80.6	-57.871878393051	-58.36	67.84	0.03
17912	80.6	-56.8946796959826	-57.27	93.59	0.03
17925	80.6	-55.4831704668838	-56.08	135.72	-1.39
17938	80.6	-53.800217155266	-53.96	150.79	-1.39
17951	80.6	-51.6829533116178	-52.39	180.98	-1.39
17964	80.6	-49.185667752443	-49.62	226.19	-1.39
17977	80.6	-46.3083604777416	-46.53	246.78	-1.39
17990	80.6	-43.213897937025	-44.25	246.78	-1.39
18003	80.6	-40.0651465798046	-40.66	226.19	-1.39
18016	80.6	-37.0249728555917	-37.13	246.78	-1.39
18029	80.6	-33.9847991313789	-34.53	271.44	-0.7
18042	80.6	-30.8360477741585	-30.84	226.19	-0.7
18055	80.6	-27.7415852334419	-28.56	226.19	-0.7
18068	80.6	-24.5385450597177	-25.03	246.78	-0.7
18081	80.6	-21.4440825190011	-21.72	226.19	-0.7
18094	80.6	-18.4581976112921	-19.44	271.44	-0.7
18107	80.6	-15.3094462540717	-15.96	271.44	-0.7
18120	80.6	-12.1606948968512	-12.38	246.78	-0.7
18133	80.6	-9.12052117263844	-9.77	271.44	-0.8
18146	80.6	-5.91748099891422	-6.13	246.78	-0.8
18159	80.6	-2.82301845819761	-3.85	246.78	-0.8
18172	80.6	0.325732899022801	-0.38	226.19	-0.8
18185	80.6	3.36590662323561	3.2	226.19	-0.8
18198	80.6	6.46036916395223	5.54	226.19	-0.8
18211	80.6	9.60912052117264	9.07	226.19	-0.8
18224	80.6	12.7578718783931	12.6	246.78	-0.8
18237	80.6	15.6894679695983	15.09	271.44	-0.85
18250	80.6	18.8925081433225	18.62	246.78	-0.85
18263	80.6	21.9326818675353	20.9	246.78	-0.85
18276	80.6	25.1900108577633	24.43	246.78	-0.85
18289	80.6	28.3387622149837	27.96	246.78	-0.85
18302	80.6	31.3246471226927	30.4	226.19	-0.85
18315	80.6	34.3648208469055	33.93	246.78	-0.85
18328	80.6	37.4592833876221	36.43	246.78	-0.85
18341	80.6	40.6623235613464	40.23	226.19	-1.04
18354	80.6	43.7024972855592	42.56	246.78	-1.04
18367	80.6	46.8512486427796	46.2	246.78	-1.04
18380	80.6	50.0542888165038	49.67	246.78	-1.04
18393	80.6	53.0944625407166	51.95	226.19	-1.04
18406	80.6	56.243213897937	55.65	246.78	-1.04
18419	80.6	59.3919652551574	59.17	226.19	-1.04
18432	80.6	62.3778501628664	61.51	208.82	-1.04
18445	80.6	65.5808903365907	65.26	208.82	-0.88
18458	80.6	68.6210640608035	67.7	226.19	-0.88
18471	80.6	71.4440825190011	71.28	226.19	-0.88
18484	80.6	73.8870792616721	74.54	169.64	-0.88
18497	80.6	75.8414766558089	76.06	100.54	-0.88
18510	80.6	77.5244299674267	77.52	69.62	-0.88
18523	80.6	78.8273615635179	78.56	71.44	-0.88
18536	80.6	79.7502714440825	79.15	66.19	-0.88
18549	80.6	80.4017372421281	80.13	48.47	-0.37
18562	80.6	80.6188925081433	80.56	26.62	-0.37
18575	80.6	80.6188925081433	80.67	-11.55	-0.37
18588	80.6	80.5646036916395	80.46	-12.51	-0.37
18601	80.6	80.5646036916395	80.51	8.86	-0.37
18614	80.6	80.5646036916395	80.62	6.34	-0.37
18628	80.6	80.5646036916395	80.51	-5.99	-0.37
18641	80.6	80.5646036916395	80.56	0	-0.37
18654	80.6	80.5646036916395	80.62	5.26	-0.1
18667	80.6	80.5646036916395	80.56	0	-0.1
18680	80.6	80.5646036916395	80.56	-2.56	-0.1
18693	80.6	80.5646036916395	80.56	0	-0.1
18706	80.6	80.5646036916395	80.56	0	-0.1
18719	80.6	80.5646036916395	80.56	0	-0.1
18732	80.6	80.5646036916395	80.56	0	-0.1
18745	80.6	80.5646036916395	80.56	0	-0.1
18758	80.6	80.5646036916395	80.56	0	-0.01
18771	80.6	80.5646036916395	80.56	0	-0.01
18784	80.6	80.5646036916395	80.56	0	-0.01
18797	80.6	80.5646036916395	80.56	0	-0.01
18810	80.6	80.5646036916395	80.56	0	-0.01
18823	80.6	80.5646036916395	80.56	0	-0.01
18836	80.6	80.5646036916395	80.56	0	-0.01
18849	80.6	80.5646036916395	80.56	0	-0.01
18862	-58.8	80.5646036916395	80.56	0	-0.01
18875	-58.8	80.5646036916395	80.56	0	-0.01
18888	-58.8	80.2388707926167	80.51	-8.17	-0.01
18901	-58.8	79.6416938110749	80.08	-57.76	-0.01
18914	-58.8	78.6102062975027	78.99	-104.41	-0.01
18927	-58.8	77.1986970684039	77.96	-142.84	-0.01
18940	-58.8	75.3528773072747	75.84	-159.65	-0.01
18953	-58.8	73.2356134636265	73.34	-169.64	-0.01
18966	-58.8	70.7926167209555	71.17	-208.82	1.4
18979	-58.8	67.9695982627579	68.13	-246.78	1.4
18992	-58.8	64.9294245385451	65.85	-246.78	1.4
19005	-58.8	61.7806731813247	62.32	-271.44	1.4
19018	-58.8	58.6319218241042	58.74	-246.78	1.4
19031	-58.8	55.5374592833876	56.46	-208.82	1.4
19044	-58.8	52.4972855591748	52.88	-208.82	1.4
19057	-58.8	49.457111834962	50.43	-271.44	1.4
19070	-58.8	46.2540716612378	46.53	-226.19	0.87
19083	-58.8	43.213897937025	44.3	-246.78	0.87
19096	-58.8	40.0651465798046	40.66	-226.19	0.87
19109	-58.8	36.8621064060803	37.19	-271.44	0.87
19122	-58.8	33.8219326818675	34.91	-246.78	0.87
19135	-58.8	30.7274701411509	31.49	-246.78	0.87
19148	-58.8	27.5244299674267	27.96	-226.19	0.87
19161	-58.8	24.5385450597177	25.73	-246.78	0.87
19174	-58.8	21.4983713355049	21.93	-226.19	1.22
19187	-58.8	18.4039087947883	19.65	-246.78	1.22
19200	-58.8	15.2551574375679	16.07	-226.19	1.22
19213	-58.8	12.0521172638436	12.6	-246.78	1.22
19227	-58.8	8.84907709011944	10.31	-208.82	1.22
19240	-58.8	5.64603691639522	6.68	-246.78	1.22
19253	-58.8	2.49728555917481	3.2	-208.82	1.22
19267	-58.8	-0.705754614549403	0.98	-226.19	1.22
19280	-58.8	-3.80021715526601	-2.99	-226.19	1.49
19293	-58.8	-6.94896851248643	-5.21	-226.19	1.49
19306	-58.8	-10.043431053203	-8.69	-226.19	1.49
19319	-58.8	-13.1921824104235	-12.05	-246.78	1.49
19332	-58.8	-16.2866449511401	-14.28	-246.78	1.49
19345	-58.8	-19.4353963083605	-17.86	-246.78	1.49
19358	-58.8	-22.4755700325733	-21.17	-226.19	1.49
19371	-58.8	-25.6243213897937	-23.45	-246.78	1.49
19384	-58.8	-28.7187839305103	-27.14	-246.78	1.5
19397	-58.8	-31.7589576547231	-29.48	-246.78	1.5
19410	-58.8	-35.0162866449511	-33.06	-226.19	1.5
19423	-58.8	-38.0021715526602	-36.32	-226.19	1.5
19436	-58.8	-41.2052117263844	-38.6	-226.19	1.5
19449	-58.8	-44.2453854505972	-42.07	-271.44	1.5
19462	-58.8	-47.3398479913138	-45.55	-226.19	1.5
19475	-58.8	-50	-47.83	-246.78	1.5
19488	-58.8	-52.3344191096634	-51.63	-226.19	1.28
19501	-58.8	-54.343105320304	-53.91	-246.78	1.28
19514	-58.8	-55.971769815418	-57.44	-226.19	1.28
19527	-58.8	-57.2747014115092	-60.53	-100.54	1.28
19540	-58.8	-58.0890336590662	-60.91	61.67	1.28
19553	-58.8	-58.6319218241042	-59.77	108.58	1.28
19566	-58.8	-58.8490770901194	-58.47	75.4	1.28
19579	-58.8	-58.8490770901194	-57.93	20.41	1.28
19592	-58.8	-58.8490770901194	-57.93	-37.18	1.4
19605	-58.8	-58.8490770901194	-58.31	-38.78	1.4
19618	-58.8	-58.8490770901194	-58.79	-25.84	1.4
19631	-58.8	-58.8490770901194	-59.01	-10.29	1.4
19644	-58.8	-58.8490770901194	-59.01	0	1.4
19657	-58.8	-58.8490770901194	-59.01	0	1.4
19670	-58.8	-58.8490770901194	-59.01	0	1.4
19683	-58.8	-58.8490770901194	-58.96	0	1.4
19696	-58.8	-58.8490770901194	-58.9	7.08	-0.34
19709	-58.8	-58.8490770901194	-58.79	6.51	-0.34
19722	-58.8	-58.8490770901194	-58.85	0	-0.34
19735	-58.8	-58.8490770901194	-58.79	0	-0.34
19748	-58.8	-58.8490770901194	-58.85	0	-0.34
19761	-58.8	-58.8490770901194	-58.85	0	-0.34
19774	-58.8	-58.8490770901194	-58.85	0	-0.34
19787	-58.8	-58.8490770901194	-58.85	0	-0.34
19800	-58.8	-58.8490770901194	-58.85	0	-0.03
19813	-58.8	-58.8490770901194	-58.79	0	-0.03
19826	-58.8	-58.8490770901194	-58.85	0	-0.03
19839	-58.8	-58.8490770901194	-58.85	0	-0.03
19852	-58.8	-58.8490770901194	-58.85	0	-0.03
19865	80.6	-58.8490770901194	-58.85	0	-0.03
19878	80.6	-58.686210640608	-58.79	0	-0.03
