0	0	0	0	0	303
10	0.02	0.02	0	0	1176
20	0.02	0.02	0.02	0.03	219
30	0.02	0.02	0.02	0.03	347
40	0.02	0.02	0.04	0	55
50	0.02	0.02	0.02	0	344
60	0.02	0.02	0.04	0	-193
70	0.02	0.02	0.04	0	-380
80	0.02	0.02	0.02	0	141
90	0.04	0.04	0.04	0	324
100	0.04	0.04	0.04	0	55
110	0.04	0.04	0.04	0	80
120	0.06	0.06	0.04	0	925
130	0.06	0.06	0.06	0.57	-6
140	0.06	0.06	0.06	0.57	178
150	0.08	0.08	0.06	0.57	964
160	0.08	0.08	0.08	0.58	-110
170	0.1	0.1	0.08	0.58	1109
180	0.1	0.1	0.1	1.43	223
190	0.12	0.12	0.12	1.24	325
200	0.12	0.12	0.12	1.24	369
210	0.14	0.14	0.14	0	636
220	0.14	0.14	0.14	0	340
230	0.16	0.16	0.14	0	1225
240	0.18	0.18	0.16	0.75	963
250	0.18	0.18	0.2	2.9	-533
260	0.2	0.2	0.2	1.51	704
270	0.22	0.22	0.22	1.07	471
280	0.22	0.22	0.24	1.62	-437
290	0.24	0.24	0.24	0	554
300	0.26	0.26	0.26	1.65	734
310	0.27	0.27	0.26	1.84	1032
320	0.29	0.29	0.29	2.75	340
330	0.29	0.29	0.31	2.43	-378
340	0.31	0.31	0.31	1.3	583
350	0.33	0.33	0.31	0	1190
360	0.35	0.35	0.35	2.51	355
370	0.37	0.37	0.37	2.94	400
380	0.39	0.39	0.39	1.49	514
390	0.41	0.41	0.41	2.1	407
400	0.43	0.43	0.43	2.15	322
410	0.45	0.45	0.45	2.53	495
420	0.49	0.49	0.47	1.55	1245
430	0.51	0.51	0.51	3.67	272
440	0.53	0.53	0.53	2.53	597
450	0.55	0.55	0.55	2.1	659
460	0.57	0.57	0.57	1.59	544
470	0.61	0.61	0.59	1.54	1201
480	0.63	0.63	0.63	3.49	287
490	0.65	0.65	0.65	2.73	548
500	0.67	0.67	0.67	2.15	567
510	0.71	0.71	0.69	1.79	1390
520	0.73	0.73	0.73	3.63	338
530	0.77	0.77	0.75	2.87	1289
540	0.79	0.79	0.79	3.55	414
550	0.8	0.8	0.8	2.2	645
560	0.84	0.84	0.84	2.51	563
570	0.86	0.86	0.86	3.16	341
580	0.9	0.9	0.88	2.54	1002
590	0.92	0.92	0.92	3.94	335
600	0.96	0.96	0.94	2.78	1314
610	1	1	0.98	4	1119
620	1.02	1.02	1.02	3.55	396
630	1.06	1.06	1.06	2.06	1057
640	1.1	1.1	1.08	3.23	1326
650	1.12	1.12	1.12	3.39	441
660	1.16	1.16	1.16	2.26	996
670	1.2	1.2	1.18	3.78	1011
680	1.22	1.22	1.22	3.71	412
690	1.26	1.26	1.24	2.18	1393
700	1.3	1.3	1.28	3.6	1205
710	1.33	1.33	1.32	3.71	965
720	1.37	1.37	1.37	3.78	848
730	1.41	1.41	1.41	3.53	710
740	1.43	1.43	1.45	3.05	149
750	1.47	1.47	1.47	2.04	967
760	1.51	1.51	1.49	3.3	1281
770	1.55	1.55	1.53	3.99	964
780	1.59	1.59	1.59	3.72	850
790	1.63	1.63	1.63	3.44	706
800	1.67	1.67	1.67	3.69	725
810	1.71	1.71	1.71	3.55	803
820	1.75	1.75	1.75	3.27	811
830	1.79	1.79	1.79	3.75	531
840	1.84	1.84	1.83	3.99	1561
850	1.88	1.88	1.88	4.71	637
860	1.92	1.92	1.92	3.75	634
870	1.96	1.96	1.96	3.14	685
880	2	2	2	3.06	716
890	2.04	2.04	2.04	3.06	947
900	2.08	2.08	2.08	3.55	751
910	2.14	2.14	2.12	3.91	1459
920	2.18	2.18	2.18	5.31	467
930	2.22	2.22	2.22	3.83	681
940	2.26	2.26	2.26	3.53	733
950	2.32	2.32	2.3	3.17	1491
960	2.36	2.36	2.36	4.88	613
970	2.39	2.39	2.39	3.78	627
980	2.43	2.43	2.43	3.33	693
990	2.49	2.49	2.47	3.38	1494
1000	2.53	2.53	2.53	4.96	470
1010	2.57	2.57	2.57	3.72	646
1020	2.63	2.63	2.61	3.31	1551
1030	2.67	2.67	2.67	4.76	508
1040	2.71	2.71	2.71	3.58	646
1050	2.77	2.77	2.75	3.06	1339
1060	2.81	2.81	2.81	4.65	349
1070	2.85	2.85	2.85	4.08	537
1080	2.9	2.9	2.89	3.23	1512
1090	2.94	2.94	2.94	4.47	510
1100	2.98	2.98	2.98	3.63	649
1110	3.04	3.04	3.02	3.27	1467
1120	3.08	3.08	3.08	5.12	563
1130	3.14	3.14	3.12	3.83	1378
1140	3.18	3.18	3.18	4.44	538
1150	3.22	3.22	3.22	3.75	675
1160	3.28	3.28	3.26	3.27	1466
1170	3.32	3.32	3.32	4.79	520
1180	3.36	3.36	3.36	3.61	664
1190	3.42	3.42	3.4	3.11	1476
1200	3.45	3.45	3.45	4.38	687
1210	3.49	3.49	3.49	4.22	591
1220	3.55	3.55	3.53	3.2	1543
1230	3.59	3.59	3.59	4.93	587
1240	3.63	3.63	3.63	3.63	675
1250	3.69	3.69	3.67	3.64	1503
1260	3.73	3.73	3.73	4.88	499
1270	3.77	3.77	3.77	3.56	654
1280	3.81	3.81	3.81	3.06	656
1290	3.87	3.87	3.85	3.49	1508
1300	3.91	3.91	3.91	5.12	555
1310	3.95	3.95	3.95	3.99	631
1320	3.98	3.98	3.98	3.09	689
1330	4.02	4.02	4.02	3.44	761
1340	4.06	4.06	4.06	3.52	733
1350	4.1	4.1	4.1	3.36	876
1360	4.14	4.14	4.14	3.89	593
1370	4.18	4.18	4.18	3.34	761
1380	4.22	4.22	4.22	3.56	659
1390	4.26	4.26	4.26	3.55	621
1400	4.3	4.3	4.3	3.39	767
1410	4.34	4.34	4.34	3.39	655
1420	4.38	4.38	4.38	3.63	696
1430	4.42	4.42	4.42	3.47	754
1440	4.46	4.46	4.46	3.33	665
1450	4.49	4.49	4.49	3.56	807
1460	4.51	4.51	4.51	3.28	75
1470	4.55	4.55	4.53	1.92	1031
1480	4.59	4.59	4.57	3.39	1184
1490	4.61	4.61	4.61	3.49	425
1500	4.65	4.65	4.63	2.45	1131
1510	4.67	4.67	4.67	3.56	399
1520	4.71	4.71	4.69	2.23	1435
1530	4.73	4.73	4.73	4.08	350
1540	4.75	4.75	4.75	2.58	485
1550	4.79	4.79	4.77	2.06	1377
1560	4.81	4.81	4.81	3.67	261
1570	4.83	4.83	4.83	2.29	-116
1580	4.85	4.85	4.85	1.68	584
1590	4.87	4.87	4.85	0	1117
1600	4.89	4.89	4.89	2.81	185
1610	4.91	4.91	4.91	2.72	336
1620	4.93	4.93	4.93	2.31	556
1630	4.95	4.95	4.95	1.51	372
1640	4.95	4.95	4.97	2.43	-310
1650	4.97	4.97	4.97	0	565
1660	4.97	4.97	4.97	0	333
1670	4.99	4.99	4.97	0	1175
1680	4.99	4.99	4.99	2.23	-133
1690	5	5	5	0	649
1700	5	5	5	0	356
1710	5	5	5	0	362
1720	5	5	5	0.63	94
1730	5	5	5.02	0	-229
1740	5	5	5	0	182
1750	5	5	5	0	-72
1760	5	5	5	0	45
1770	4.99	4.99	5	0	-537
1780	4.99	4.99	4.99	-2.12	386
1790	4.99	4.99	4.99	-1.33	-28
1800	4.97	4.97	4.99	0	-820
1810	4.95	4.95	4.97	-0.74	-744
1820	4.93	4.93	4.93	-3.28	-146
1830	4.93	4.93	4.91	-2.76	730
1840	4.91	4.91	4.91	-1.4	-359
1850	4.87	4.87	4.89	-0.83	-1203
1860	4.85	4.85	4.85	-4.35	40
1870	4.83	4.83	4.83	-3.25	-272
1880	4.81	4.81	4.81	-2.36	-413
1890	4.77	4.77	4.79	-1.33	-1029
1900	4.75	4.75	4.75	-3.66	-92
1910	4.71	4.71	4.73	-2.51	-1115
1920	4.67	4.67	4.69	-3.82	-739
1930	4.63	4.63	4.63	-3.94	-511
1940	4.59	4.59	4.59	-3.33	-494
1950	4.55	4.55	4.55	-3.31	-476
1960	4.51	4.51	4.51	-3.61	-446
1970	4.46	4.46	4.47	-3.44	-1281
1980	4.42	4.42	4.42	-5.12	-319
1990	4.36	4.36	4.38	-3.77	-1217
2000	4.32	4.32	4.32	-4.8	-428
2010	4.26	4.26	4.28	-5.2	-1041
2020	4.2	4.2	4.22	-6.41	-933
2030	4.14	4.14	4.16	-6.63	-788
2040	4.08	4.08	4.08	-5.92	-645
2050	4.02	4.02	4.02	-5.67	-640
2060	3.95	3.95	3.96	-8.12	-977
2070	3.89	3.89	3.89	-8.12	98
2080	3.81	3.81	3.83	-3.6	-1688
2090	3.75	3.75	3.77	-7.43	-1071
2100	3.67	3.67	3.69	-7.73	-1165
2110	3.59	3.59	3.61	-9.09	-1038
2120	3.51	3.51	3.53	-9.44	-961
2130	3.43	3.43	3.45	-8.6	-747
2140	3.36	3.36	3.38	-8.32	-975
2150	3.28	3.28	3.3	-9.34	-952
2160	3.18	3.18	3.22	-10.22	-1738
2170	3.1	3.1	3.1	-10.9	-691
2180	3	3	3.02	-9	-1555
2190	2.9	2.9	2.92	-11.02	-1476
2200	2.81	2.81	2.83	-12.91	-1191
2210	2.73	2.73	2.73	-9	-445
2220	2.63	2.63	2.65	-10.22	-1465
2230	2.51	2.51	2.55	-11.15	-2265
2240	2.41	2.41	2.43	-12.91	-1242
2250	2.32	2.32	2.34	-11.42	-1023
2260	2.22	2.22	2.22	-11.42	-1047
2270	2.1	2.1	2.14	-11.27	-1936
2280	2	2	2.02	-11.82	-915
2290	1.88	1.88	1.9	-11.68	-1648
2300	1.77	1.77	1.79	-13.82	-1616
2310	1.65	1.65	1.67	-13.44	-1511
2320	1.55	1.55	1.55	-11.54	-802
2330	1.43	1.43	1.45	-11.02	-1826
2340	1.32	1.32	1.35	-13.82	-1772
2350	1.18	1.18	1.22	-15.83	-2217
2360	1.06	1.06	1.08	-14.87	-1165
2370	0.94	0.94	0.94	-13.44	-1151
2380	0.82	0.82	0.84	-11.82	-1313
2390	0.71	0.71	0.73	-12.58	-1445
2400	0.57	0.57	0.61	-14.23	-2125
2410	0.45	0.45	0.47	-15.11	-1246
2420	0.31	0.31	0.35	-15.83	-2056
2430	0.2	0.2	0.22	-14.43	-1297
2440	0.06	0.06	0.08	-14.43	-1808
2450	-0.06	-0.06	-0.04	-14.23	-1210
2460	-0.2	-0.2	-0.16	-14.23	-2038
2470	-0.31	-0.31	-0.29	-15.83	-1144
2480	-0.45	-0.45	-0.43	-14.87	-1893
2490	-0.57	-0.57	-0.55	-13.63	-1305
2500	-0.71	-0.71	-0.67	-14.43	-2250
2510	-0.84	-0.84	-0.8	-16.09	-2050
2520	-0.96	-0.96	-0.96	-16.09	-1006
2530	-1.1	-1.1	-1.08	-15.58	-1929
2540	-1.22	-1.22	-1.2	-13.44	-1219
2550	-1.35	-1.35	-1.33	-14.65	-1876
2560	-1.49	-1.49	-1.45	-16.93	-1262
2570	-1.61	-1.61	-1.63	-13.63	38
2580	-1.75	-1.75	-1.75	-14.02	-529
2590	-1.86	-1.86	-1.84	-13.63	-1349
2600	-1.98	-1.98	-1.96	-16.09	-1492
2610	-2.12	-2.12	-2.1	-15.11	-1996
2620	-2.24	-2.24	-2.24	-13.82	-879
2630	-2.36	-2.36	-2.36	-12.91	-1035
2640	-2.47	-2.47	-2.45	-11.27	-1739
2650	-2.59	-2.59	-2.57	-13.08	-1552
2660	-2.71	-2.71	-2.69	-14.23	-1497
2670	-2.83	-2.83	-2.81	-12.75	-1520
2680	-2.94	-2.94	-2.92	-13.27	-1521
2690	-3.06	-3.06	-3.04	-13.27	-1342
2700	-3.18	-3.18	-3.16	-13.08	-1328
2710	-3.28	-3.28	-3.28	-11.02	-990
2720	-3.38	-3.38	-3.38	-9.81	-1059
2730	-3.49	-3.49	-3.45	-12.26	-1967
2740	-3.59	-3.59	-3.57	-11.54	-1374
2750	-3.69	-3.69	-3.67	-11.15	-941
2760	-3.79	-3.79	-3.77	-12.12	-1181
2770	-3.89	-3.89	-3.87	-10.55	-1142
2780	-3.96	-3.96	-3.96	-8.76	-575
2790	-4.06	-4.06	-4.04	-7.27	-1537
2800	-4.14	-4.14	-4.12	-10.11	-787
2810	-4.22	-4.22	-4.22	-8.32	-900
2820	-4.3	-4.3	-4.28	-8.84	-1061
2830	-4.38	-4.38	-4.36	-9.81	-952
2840	-4.44	-4.44	-4.44	-6.45	-467
2850	-4.49	-4.49	-4.49	-5.2	-583
2860	-4.57	-4.57	-4.55	-6.14	-1333
2870	-4.63	-4.63	-4.61	-7.55	-544
2880	-4.67	-4.67	-4.67	-4.69	69
2890	-4.73	-4.73	-4.71	-4.32	-855
2900	-4.77	-4.77	-4.77	-4.19	-326
2910	-4.81	-4.81	-4.81	-3.19	-427
2920	-4.85	-4.85	-4.85	-3.64	-404
2930	-4.89	-4.89	-4.87	-3.44	-598
2940	-4.93	-4.93	-4.91	-3.94	-559
2950	-4.95	-4.95	-4.95	-3.23	35
2960	-4.97	-4.97	-4.97	-1.95	-406
2970	-4.97	-4.97	-4.99	-1.62	478
2980	-4.99	-4.99	-4.99	0	-259
2990	-4.99	-4.99	-4.99	0	-23
3000	-4.99	-4.99	-4.99	0	-69
3010	-4.99	-4.99	-4.99	0	17
3020	-4.97	-4.97	-4.99	0	907
3030	-4.97	-4.97	-4.97	0	123
3040	-4.95	-4.95	-4.97	0	932
3050	-4.91	-4.91	-4.95	0.77	1522
3060	-4.89	-4.89	-4.89	4.65	94
3070	-4.85	-4.85	-4.85	3.22	512
3080	-4.81	-4.81	-4.81	4.44	366
3090	-4.77	-4.77	-4.77	3.34	504
3100	-4.71	-4.71	-4.73	3.82	1415
3110	-4.65	-4.65	-4.67	5.81	1276
3120	-4.59	-4.59	-4.59	6.17	765
3130	-4.53	-4.53	-4.53	5.7	814
3140	-4.46	-4.46	-4.47	5.42	1551
3150	-4.38	-4.38	-4.4	8.18	1391
3160	-4.3	-4.3	-4.32	9.53	1254
3170	-4.22	-4.22	-4.24	9.09	1184
3180	-4.12	-4.12	-4.14	9.26	1860
3190	-4.02	-4.02	-4.04	12.26	1573
3200	-3.93	-3.93	-3.95	12.26	1393
3210	-3.81	-3.81	-3.83	13.44	1964
3220	-3.71	-3.71	-3.71	12.26	1058
3230	-3.59	-3.59	-3.61	10.9	2066
3240	-3.47	-3.47	-3.49	11.68	1917
3250	-3.34	-3.34	-3.38	15.58	2326
3260	-3.22	-3.22	-3.24	15.58	1247
3270	-3.08	-3.08	-3.1	15.83	2077
3280	-2.94	-2.94	-2.96	15.34	1952
3290	-2.81	-2.81	-2.83	18.17	1818
3300	-2.67	-2.67	-2.69	15.34	1732
3310	-2.51	-2.51	-2.55	18.51	2484
3320	-2.36	-2.36	-2.39	20.04	2152
3330	-2.22	-2.22	-2.24	16.93	1538
3340	-2.04	-2.04	-2.08	17.52	3068
3350	-1.88	-1.88	-1.92	18.87	2063
3360	-1.73	-1.73	-1.75	17.52	1863
3370	-1.55	-1.55	-1.59	21.81	2851
3380	-1.39	-1.39	-1.41	20.88	1812
3390	-1.22	-1.22	-1.26	19.63	2480
3400	-1.04	-1.04	-1.08	20.44	2701
3410	-0.86	-0.86	-0.9	20.44	2295
3420	-0.69	-0.69	-0.73	20.44	2362
3430	-0.51	-0.51	-0.55	19.23	2465
3440	-0.33	-0.33	-0.37	20.88	2380
3450	-0.16	-0.16	-0.2	20.88	2443
3460	0.02	0.02	-0.02	19.63	2301
3470	0.22	0.22	0.18	23.36	2807
3480	0.39	0.39	0.37	22.3	2034
3490	0.57	0.57	0.55	19.63	2143
3500	0.75	0.75	0.71	19.63	2540
3510	0.94	0.94	0.88	22.3	3144
3520	1.12	1.12	1.08	20.04	2268
3530	1.3	1.3	1.28	18.51	2325
3540	1.47	1.47	1.43	20.04	2481
3550	1.65	1.65	1.61	18.87	2414
3560	1.83	1.83	1.79	18.51	1957
3570	2	2	2	21.34	347
3580	2.16	2.16	2.18	18.87	-262
3590	2.34	2.34	2.3	18.51	2890
3600	2.49	2.49	2.45	24.53	2245
3610	2.67	2.67	2.63	22.3	2251
3620	2.83	2.83	2.81	17.84	1632
3630	2.98	2.98	2.98	18.87	1587
3640	3.12	3.12	3.1	15.34	1806
3650	3.28	3.28	3.24	17.52	2476
3660	3.42	3.42	3.4	17.84	1662
3670	3.55	3.55	3.53	16.36	1729
3680	3.69	3.69	3.67	16.36	1984
3690	3.81	3.81	3.79	13.63	1369
3700	3.95	3.95	3.91	13.44	2243
3710	4.06	4.06	4.04	14.65	1508
3720	4.16	4.16	4.16	10.22	1117
3730	4.28	4.28	4.26	11.42	2142
3740	4.38	4.38	4.36	12.42	1351
3750	4.46	4.46	4.46	6.86	859
3760	4.55	4.55	4.53	6.96	1712
3770	4.63	4.63	4.61	8.18	1020
3780	4.71	4.71	4.69	8.18	1260
3790	4.77	4.77	4.77	5.57	740
3800	4.83	4.83	4.83	4.08	829
3810	4.87	4.87	4.87	4.43	523
3820	4.93	4.93	4.91	3.01	1415
3830	4.95	4.95	4.97	4.32	-225
3840	4.99	4.99	4.97	1.82	948
3850	5	5	5	3.55	312
3860	5	5	5.02	2.31	-408
3870	5	5	5.02	0	-167
3880	5	5	5.02	0	-166
3890	4.99	4.99	5	0	-683
3900	4.97	4.97	4.99	-1.19	-507
3910	4.95	4.95	4.97	-2.64	-264
3920	4.91	4.91	4.93	-3.41	-945
3930	4.85	4.85	4.87	-5.84	-1172
3940	4.79	4.79	4.81	-6.5	-935
3950	4.73	4.73	4.73	-6.67	-648
3960	4.65	4.65	4.67	-5.24	-1433
3970	4.57	4.57	4.59	-10.66	-1060
3980	4.49	4.49	4.49	-9.53	-832
3990	4.4	4.4	4.42	-9.34	-1749
4000	4.28	4.28	4.32	-13.08	-2051
4010	4.18	4.18	4.2	-13.63	-956
4020	4.06	4.06	4.08	-11.42	-1747
4030	3.93	3.93	3.96	-14.43	-2287
4040	3.79	3.79	3.83	-16.63	-1875
4050	3.65	3.65	3.67	-15.58	-1508
4060	3.49	3.49	3.53	-17.84	-2309
4070	3.34	3.34	3.38	-16.93	-2102
4080	3.18	3.18	3.18	-19.63	651
4090	3.02	3.02	3.02	-16.93	152
4100	2.85	2.85	2.85	-18.87	-460
4110	2.67	2.67	2.69	-19.23	156
4120	2.47	2.47	2.49	-21.34	-408
4130	2.28	2.28	2.34	-22.3	-2855
4140	2.08	2.08	2.14	-25.83	-2716
4150	1.88	1.88	1.92	-29.74	-1822
4160	1.69	1.69	1.69	-30.67	-1300
4170	1.47	1.47	1.47	-24.53	-2080
4180	1.28	1.28	1.28	-21.81	-2080
4190	1.06	1.06	1.1	-25.17	-3179
4200	0.84	0.84	0.88	-26.52	-2781
4210	0.63	0.63	0.67	-23.93	-2994
4220	0.39	0.39	0.45	-26.52	-3007
4230	0.18	0.18	0.22	-28.04	-2427
4240	-0.04	-0.04	0	-23.93	-2686
4250	-0.26	-0.26	-0.22	-25.83	-2666
4260	-0.49	-0.49	-0.43	-26.52	-3297
4270	-0.71	-0.71	-0.65	-26.52	-2955
4280	-0.92	-0.92	-0.86	-23.36	-3154
4290	-1.16	-1.16	-1.08	-26.52	-3595
4300	-1.37	-1.37	-1.32	-27.26	-2771
4310	-1.59	-1.59	-1.53	-26.52	-2876
4320	-1.79	-1.79	-1.75	-21.81	-2657
4330	-2	-2	-1.94	-22.3	-3491
4340	-2.22	-2.22	-2.16	-23.93	-3172
4350	-2.41	-2.41	-2.37	-23.93	-2292
4360	-2.61	-2.61	-2.57	-20.04	-2694
4370	-2.81	-2.81	-2.75	-23.93	-3059
4380	-2.98	-2.98	-2.94	-23.93	-1826
4390	-3.16	-3.16	-3.14	-21.34	-2168
4400	-3.34	-3.34	-3.3	-20.88	-2467
4410	-3.51	-3.51	-3.47	-18.17	-2672
4420	-3.67	-3.67	-3.65	-17.21	-1950
4430	-3.83	-3.83	-3.81	-16.09	-2221
4440	-3.96	-3.96	-3.95	-15.83	-1560
4450	-4.1	-4.1	-4.08	-15.11	-2020
4460	-4.24	-4.24	-4.2	-14.43	-2239
4470	-4.36	-4.36	-4.34	-13.44	-1492
4480	-4.46	-4.46	-4.46	-11.02	-978
4490	-4.55	-4.55	-4.53	-9.81	-1443
4500	-4.65	-4.65	-4.63	-8.68	-1683
4510	-4.73	-4.73	-4.73	-10.79	-764
4520	-4.81	-4.81	-4.81	-8.6	-894
4530	-4.87	-4.87	-4.87	-5.37	-561
4540	-4.91	-4.91	-4.93	-3.97	-53
4550	-4.95	-4.95	-4.95	-2.65	-429
4560	-4.97	-4.97	-4.97	-2.43	-269
4570	-4.99	-4.99	-4.99	-1.9	-199
4580	-4.99	-4.99	-4.99	0	-166
4590	-4.99	-4.99	-4.99	0	25
4600	-4.97	-4.97	-4.99	0	908
4610	-4.93	-4.93	-4.97	0	1664
4620	-4.89	-4.89	-4.93	4.84	1017
4630	-4.83	-4.83	-4.85	6.01	1141
4640	-4.77	-4.77	-4.79	5.28	1110
4650	-4.69	-4.69	-4.71	7.16	1558
4660	-4.59	-4.59	-4.63	11.96	1928
4670	-4.49	-4.49	-4.51	11.96	1613
4680	-4.38	-4.38	-4.42	14.23	2022
4690	-4.26	-4.26	-4.28	14.87	1560
4700	-4.12	-4.12	-4.16	14.23	2659
4710	-3.98	-3.98	-4.02	16.63	2061
4720	-3.83	-3.83	-3.87	17.21	2369
4730	-3.67	-3.67	-3.69	18.51	2161
4740	-3.49	-3.49	-3.53	23.93	2581
4750	-3.32	-3.32	-3.36	21.81	2565
4760	-3.12	-3.12	-3.16	22.3	2867
4770	-2.92	-2.92	-2.96	23.36	2754
4780	-2.73	-2.73	-2.77	22.81	2627
4790	-2.51	-2.51	-2.57	20.88	2978
4800	-2.3	-2.3	-2.36	25.83	2831
4810	-2.06	-2.06	-2.16	25.17	3709
4820	-1.83	-1.83	-1.9	28.04	3043
4830	-1.59	-1.59	-1.67	28.86	2924
4840	-1.35	-1.35	-1.43	26.52	2903
4850	-1.1	-1.1	-1.2	28.86	3778
4860	-0.86	-0.86	-0.94	31.65	2848
4870	-0.61	-0.61	-0.71	28.86	3540
4880	-0.35	-0.35	-0.45	30.67	3509
4890	-0.1	-0.1	-0.18	31.65	3197
4900	0.16	0.16	0.1	28.86	2452
4910	0.41	0.41	0.31	29.74	3729
4920	0.67	0.67	0.57	32.71	3181
4930	0.92	0.92	0.82	28.86	3262
4940	1.18	1.18	1.08	32.71	3272
4950	1.43	1.43	1.33	31.65	3417
4960	1.69	1.69	1.59	29.74	3327
4970	1.92	1.92	1.84	28.04	2946
4980	2.16	2.16	2.08	25.83	3220
4990	2.39	2.39	2.32	27.26	3279
5000	2.63	2.63	2.53	26.52	3460
5010	2.85	2.85	2.77	26.52	2950
5020	3.06	3.06	3	26.52	2655
5030	3.26	3.26	3.22	23.36	2437
5040	3.45	3.45	3.4	23.36	2957
5050	3.65	3.65	3.59	24.53	2953
5060	3.83	3.83	3.79	21.34	2268
5070	3.98	3.98	3.96	17.84	1065
5080	4.14	4.14	4.16	18.51	576
5090	4.28	4.28	4.26	14.87	1579
5100	4.42	4.42	4.4	13.08	2058
5110	4.53	4.53	4.51	14.02	1472
5120	4.65	4.65	4.63	10.9	1861
5130	4.73	4.73	4.73	9.72	497
5140	4.83	4.83	4.81	9.09	1527
5150	4.89	4.89	4.89	7.38	411
5160	4.95	4.95	4.95	4.05	817
5170	4.99	4.99	4.99	3.67	560
5180	5	5	5.02	2.65	-162
5190	5	5	5.02	1.7	-370
5200	5	5	5	0	-217
5210	4.99	4.99	5	0	-722
5220	4.95	4.95	4.99	-4.79	-1121
5230	4.91	4.91	4.93	-5.7	-618
5240	4.83	4.83	4.87	-9.34	-1666
5250	4.75	4.75	4.77	-10.79	-1238
5260	4.65	4.65	4.67	-10.55	-1649
5270	4.55	4.55	4.57	-11.96	-1025
5280	4.44	4.44	4.46	-13.44	-1724
5290	4.3	4.3	4.34	-16.36	-2057
5300	4.14	4.14	4.18	-19.63	-2374
5310	3.98	3.98	4.02	-17.52	-1951
5320	3.81	3.81	3.85	-22.3	-2267
5330	3.61	3.61	3.65	-25.83	-2753
5340	3.42	3.42	3.45	-23.36	-2355
5350	3.2	3.2	3.24	-25.17	-2454
5360	2.98	2.98	3.04	-24.53	-3098
5370	2.75	2.75	2.81	-27.26	-3063
5380	2.51	2.51	2.59	-29.74	-2974
5390	2.26	2.26	2.34	-28.86	-3331
5400	2	2	2.08	-28.86	-3180
5410	1.75	1.75	1.83	-30.67	-2972
5420	1.47	1.47	1.57	-29.74	-3741
5430	1.2	1.2	1.3	-35.05	-3501
5440	0.92	0.92	1.02	-33.84	-3515
5450	0.65	0.65	0.75	-30.67	-3312
5460	0.35	0.35	0.47	-32.71	-4034
5470	0.08	0.08	0.18	-33.84	-3288
5480	-0.22	-0.22	-0.12	-37.75	-3704
5490	-0.49	-0.49	-0.39	-33.84	-3299
5500	-0.79	-0.79	-0.69	-29.74	-3758
5510	-1.06	-1.06	-0.98	-32.71	-2930
5520	-1.35	-1.35	-1.26	-33.84	-3660
5530	-1.63	-1.63	-1.53	-31.65	-3317
5540	-1.9	-1.9	-1.83	-32.71	-3160
5550	-2.16	-2.16	-2.08	-29.74	-2744
5560	-2.41	-2.41	-2.34	-30.67	-2960
5570	-2.67	-2.67	-2.63	-29.74	-585
5580	-2.9	-2.9	-2.89	-27.26	-88
5590	-3.14	-3.14	-3.1	-24.53	-2172
5600	-3.38	-3.38	-3.3	-29.74	-3851
5610	-3.57	-3.57	-3.51	-32.71	-1673
5620	-3.77	-3.77	-3.77	-25.17	-817
5630	-3.96	-3.96	-3.93	-21.34	-2415
5640	-4.14	-4.14	-4.1	-18.87	-1921
5650	-4.3	-4.3	-4.28	-18.51	-1494
5660	-4.44	-4.44	-4.42	-16.09	-1340
5670	-4.57	-4.57	-4.55	-13.63	-1745
5680	-4.67	-4.67	-4.67	-11.42	-713
5690	-4.77	-4.77	-4.75	-9.44	-1258
5700	-4.85	-4.85	-4.85	-10.02	-756
5710	-4.91	-4.91	-4.91	-5.7	-389
5720	-4.95	-4.95	-4.95	-3.8	-101
5730	-4.99	-4.99	-4.99	-2.53	-349
5740	-4.99	-4.99	-5	-3.05	646
5750	-4.99	-4.99	-4.99	0	-143
5760	-4.95	-4.95	-4.99	0	1785
5770	-4.91	-4.91	-4.93	5.42	840
5780	-4.85	-4.85	-4.87	5.78	1140
5790	-4.77	-4.77	-4.81	8.38	1707
5800	-4.65	-4.65	-4.69	15.11	2501
5810	-4.53	-4.53	-4.57	15.34	1856
5820	-4.42	-4.42	-4.44	15.34	1616
5830	-4.26	-4.26	-4.3	18.87	2601
5840	-4.08	-4.08	-4.12	23.36	3028
5850	-3.91	-3.91	-3.93	22.3	2470
5860	-3.71	-3.71	-3.75	23.36	3028
5870	-3.49	-3.49	-3.53	28.04	2894
5880	-3.28	-3.28	-3.34	25.83	2937
5890	-3.02	-3.02	-3.12	28.04	4061
5900	-2.79	-2.79	-2.87	28.04	3595
5910	-2.51	-2.51	-2.63	28.86	4940
5920	-2.24	-2.24	-2.34	33.84	3280
5930	-1.96	-1.96	-2.06	33.84	3791
5940	-1.67	-1.67	-1.79	31.65	4557
5950	-1.37	-1.37	-1.49	37.75	4260
5960	-1.08	-1.08	-1.2	36.35	4187
5970	-0.77	-0.77	-0.9	36.35	4903
5980	-0.45	-0.45	-0.59	37.75	4658
5990	-0.16	-0.16	-0.27	35.05	4063
6000	0.18	0.18	0.04	36.35	5193
6010	0.49	0.49	0.35	37.75	4611
6020	0.79	0.79	0.69	33.84	3396
6030	1.1	1.1	0.98	35.05	4769
6040	1.41	1.41	1.28	39.25	4832
6050	1.71	1.71	1.59	33.84	4120
6060	2	2	1.88	35.05	3353
6070	2.3	2.3	2.22	32.71	2276
6080	2.57	2.57	2.49	33.84	2935
6090	2.85	2.85	2.79	32.71	1179
6100	3.1	3.1	3.02	28.04	3102
6110	3.34	3.34	3.26	28.04	2742
6120	3.57	3.57	3.49	25.17	3018
6130	3.79	3.79	3.73	24.53	2207
6140	3.98	3.98	3.93	23.93	2354
6150	4.18	4.18	4.12	25.17	2557
6160	4.36	4.36	4.32	20.44	1993
6170	4.49	4.49	4.49	15.83	1341
6180	4.63	4.63	4.61	14.23	1867
6190	4.75	4.75	4.73	13.44	1631
6200	4.85	4.85	4.83	11.68	1298
6210	4.91	4.91	4.93	5.92	95
6220	4.97	4.97	4.97	4.07	834
6230	5	5	5	3.38	505
6240	5	5	5.02	2.76	-452
6250	5	5	5	0	319
6260	4.97	4.97	5	0	-1598
6270	4.91	4.91	4.95	-5.84	-1578
6280	4.85	4.85	4.87	-8.24	-790
6290	4.75	4.75	4.79	-11.96	-1656
6300	4.63	4.63	4.67	-14.43	-2371
6310	4.49	4.49	4.53	-17.84	-2023
6320	4.34	4.34	4.38	-18.51	-2315
6330	4.16	4.16	4.2	-22.3	-2636
6340	3.96	3.96	4	-28.04	-2720
6350	3.75	3.75	3.79	-24.53	-2439
6360	3.51	3.51	3.59	-25.83	-3381
6370	3.28	3.28	3.36	-28.86	-3042
6380	3.02	3.02	3.12	-30.67	-3370
6390	2.75	2.75	2.85	-32.71	-3649
6400	2.45	2.45	2.57	-33.84	-3815
6410	2.16	2.16	2.26	-33.84	-3548
6420	1.84	1.84	1.96	-37.75	-4097
6430	1.53	1.53	1.65	-37.75	-4373
6440	1.22	1.22	1.33	-36.35	-3763
6450	0.88	0.88	1.02	-37.75	-4130
6460	0.55	0.55	0.69	-37.75	-4826
6470	0.2	0.2	0.35	-39.25	-5217
6480	-0.14	-0.14	-0.02	-37.75	-3745
6490	-0.47	-0.47	-0.35	-40.89	-3891
6500	-0.8	-0.8	-0.69	-33.84	-4178
6510	-1.14	-1.14	-1.02	-40.89	-3928
6520	-1.47	-1.47	-1.35	-40.89	-4090
6530	-1.81	-1.81	-1.69	-36.35	-4564
6540	-2.12	-2.12	-2.02	-36.35	-3528
6550	-2.41	-2.41	-2.32	-35.05	-3157
6560	-2.71	-2.71	-2.61	-31.65	-3460
6570	-3	-3	-2.96	-33.84	672
6580	-3.26	-3.26	-3.24	-26.52	-1008
6590	-3.51	-3.51	-3.47	-28.86	-582
6600	-3.75	-3.75	-3.73	-26.52	83
6610	-3.96	-3.96	-3.95	-24.53	-227
6620	-4.16	-4.16	-4.16	-22.81	-358
6630	-4.36	-4.36	-4.3	-21.34	-2675
6640	-4.51	-4.51	-4.47	-27.26	-1764
6650	-4.65	-4.65	-4.65	-20.44	-597
6660	-4.77	-4.77	-4.79	-17.21	-315
6670	-4.85	-4.85	-4.89	-9	601
6680	-4.93	-4.93	-4.93	-3.11	-802
6690	-4.97	-4.97	-4.97	-2.94	-29
6700	-4.99	-4.99	-4.99	-1.87	-241
6710	-4.99	-4.99	-4.99	0	42
6720	-4.95	-4.95	-4.99	0	1425
6730	-4.91	-4.91	-4.93	4.6	983
6740	-4.83	-4.83	-4.87	5.21	1978
6750	-4.73	-4.73	-4.77	12.26	2139
6760	-4.59	-4.59	-4.65	17.21	2758
6770	-4.44	-4.44	-4.49	20.04	2602
6780	-4.28	-4.28	-4.3	19.23	2094
6790	-4.08	-4.08	-4.12	24.53	3008
6800	-3.87	-3.87	-3.93	25.17	3270
6810	-3.63	-3.63	-3.69	28.86	2832
6820	-3.38	-3.38	-3.47	28.04	3944
6830	-3.1	-3.1	-3.22	29.74	4381
6840	-2.81	-2.81	-2.94	32.71	4246
6850	-2.51	-2.51	-2.63	32.71	3913
6860	-2.2	-2.2	-2.34	36.35	4132
6870	-1.86	-1.86	-2	42.66	4387
6880	-1.53	-1.53	-1.67	39.25	4478
6890	-1.18	-1.18	-1.33	42.66	5157
6900	-0.82	-0.82	-0.98	40.89	4392
6910	-0.47	-0.47	-0.63	40.89	4438
6920	-0.1	-0.1	-0.27	40.89	4992
6930	0.26	0.26	0.1	44.61	4334
6940	0.63	0.63	0.47	42.66	4837
6950	0.98	0.98	0.82	39.25	4404
6960	1.33	1.33	1.2	36.35	4260
6970	1.69	1.69	1.53	39.25	4531
6980	2.02	2.02	1.88	39.25	3937
6990	2.36	2.36	2.22	40.89	4755
7000	2.67	2.67	2.55	36.35	4025
7010	2.96	2.96	2.87	35.05	3442
7020	3.26	3.26	3.16	32.71	3681
7030	3.53	3.53	3.43	30.67	3398
7040	3.79	3.79	3.71	31.65	2924
7050	4	4	3.95	25.17	2430
7060	4.22	4.22	4.16	23.93	2857
7070	4.42	4.42	4.4	24.53	803
7080	4.57	4.57	4.57	16.93	744
7090	4.71	4.71	4.69	15.58	1843
7100	4.83	4.83	4.83	12.42	1116
7110	4.91	4.91	4.91	8.12	405
7120	4.97	4.97	4.97	3.67	578
7130	5	5	5	2.89	601
7140	5	5	5.02	2.26	-474
7150	4.99	4.99	5	0	-604
7160	4.93	4.93	4.97	-3.91	-1708
7170	4.85	4.85	4.89	-9.09	-1878
7180	4.75	4.75	4.79	-14.23	-1537
7190	4.61	4.61	4.65	-15.58	-2379
7200	4.46	4.46	4.49	-19.23	-2377
7210	4.26	4.26	4.32	-22.81	-3413
7220	4.06	4.06	4.1	-24.53	-2290
7230	3.83	3.83	3.89	-28.04	-2724
7240	3.57	3.57	3.65	-29.74	-3567
7250	3.28	3.28	3.4	-35.05	-4733
7260	2.98	2.98	3.1	-36.35	-3794
7270	2.67	2.67	2.79	-36.35	-3894
7280	2.36	2.36	2.45	-37.75	-3505
7290	2	2	2.16	-33.84	-4752
7300	1.65	1.65	1.81	-39.25	-4467
7310	1.28	1.28	1.43	-42.66	-4839
7320	0.9	0.9	1.06	-44.61	-4867
7330	0.53	0.53	0.69	-42.66	-4305
7340	0.14	0.14	0.31	-46.73	-4899
7350	-0.24	-0.24	-0.08	-40.89	-4104
7360	-0.63	-0.63	-0.45	-44.61	-4926
7370	-1	-1	-0.84	-46.73	-4291
7380	-1.37	-1.37	-1.22	-46.73	-4374
7390	-1.75	-1.75	-1.59	-42.66	-4452
7400	-2.1	-2.1	-1.98	-39.25	-3883
7410	-2.45	-2.45	-2.32	-39.25	-4129
7420	-2.79	-2.79	-2.67	-37.75	-3770
7430	-3.1	-3.1	-3	-37.75	-3627
7440	-3.4	-3.4	-3.3	-33.84	-3254
7450	-3.67	-3.67	-3.59	-31.65	-3025
7460	-3.93	-3.93	-3.87	-28.04	-2580
7470	-4.14	-4.14	-4.1	-23.36	-1816
7480	-4.36	-4.36	-4.3	-23.93	-2742
7490	-4.53	-4.53	-4.49	-20.88	-1587
7500	-4.69	-4.69	-4.67	-15.58	-1711
7510	-4.81	-4.81	-4.79	-13.08	-1036
7520	-4.89	-4.89	-4.89	-8.12	-356
7530	-4.97	-4.97	-4.95	-4.21	-1263
7540	-4.99	-4.99	-5	-4.43	712
7550	-4.99	-4.99	-5	0	639
7560	-4.95	-4.95	-4.99	0	1591
7570	-4.89	-4.89	-4.91	7.66	960
7580	-4.79	-4.79	-4.81	12.91	788
7590	-4.67	-4.67	-4.67	15.11	472
7600	-4.51	-4.51	-4.55	19.63	2288
7610	-4.34	-4.34	-4.4	24.53	3189
7620	-4.12	-4.12	-4.2	30.67	3784
7630	-3.89	-3.89	-3.95	29.74	2889
7640	-3.63	-3.63	-3.73	25.83	4052
7650	-3.34	-3.34	-3.47	33.84	5253
7660	-3.02	-3.02	-3.2	37.75	5196
7670	-2.71	-2.71	-2.87	36.35	4572
7680	-2.36	-2.36	-2.53	40.89	5472
7690	-2	-2	-2.18	44.61	5245
7700	-1.61	-1.61	-1.81	46.73	5897
7710	-1.24	-1.24	-1.41	44.61	5076
7720	-0.84	-0.84	-1.04	46.73	5368
7730	-0.43	-0.43	-0.65	46.73	5936
7740	-0.04	-0.04	-0.26	46.73	5118
7750	0.37	0.37	0.18	46.73	5496
7760	0.79	0.79	0.59	51.64	5397
7770	1.18	1.18	0.98	46.73	5062
7780	1.57	1.57	1.37	42.66	5169
7790	1.94	1.94	1.77	39.25	4893
7800	2.32	2.32	2.16	36.35	5275
7810	2.67	2.67	2.51	39.25	4830
7820	3.02	3.02	2.87	39.25	4847
7830	3.34	3.34	3.22	40.89	3937
7840	3.63	3.63	3.53	33.84	3752
7850	3.91	3.91	3.83	29.74	3719
7860	4.14	4.14	4.06	28.04	3171
7870	4.36	4.36	4.3	25.83	2883
7880	4.55	4.55	4.49	21.34	2996
7890	4.71	4.71	4.69	17.52	1935
7900	4.83	4.83	4.83	13.08	1028
7910	4.93	4.93	4.93	7.11	1139
7920	4.99	4.99	5	5.61	276
7930	5	5	5.02	0	-199
7940	5	5	5.02	0	-438
7950	4.95	4.95	4.99	-4.19	-1431
7960	4.87	4.87	4.91	-10.55	-1748
7970	4.77	4.77	4.81	-13.44	-1474
7980	4.61	4.61	4.67	-18.51	-3272
7990	4.44	4.44	4.49	-21.34	-2777
8000	4.24	4.24	4.28	-25.17	-3083
8010	3.98	3.98	4.06	-29.74	-3494
8020	3.73	3.73	3.81	-28.86	-3285
8030	3.43	3.43	3.55	-30.67	-4255
8040	3.12	3.12	3.26	-39.25	-4800
8050	2.77	2.77	2.92	-37.75	-4936
8060	2.41	2.41	2.49	-42.66	-282
8070	2.02	2.02	2.2	-40.89	-6066
8080	1.63	1.63	1.86	-51.64	-6128
8090	1.24	1.24	1.41	-46.73	-4288
8100	0.82	0.82	1	-44.61	-4647
8110	0.39	0.39	0.59	-49.07	-5460
8120	-0.04	-0.04	0.18	-51.64	-5469
8130	-0.45	-0.45	-0.26	-54.52	-4482
8140	-0.88	-0.88	-0.69	-54.52	-5142
8150	-1.3	-1.3	-1.12	-49.07	-4576
8160	-1.71	-1.71	-1.53	-46.73	-4706
8170	-2.1	-2.1	-1.94	-49.07	-4211
8180	-2.47	-2.47	-2.34	-44.61	-3861
8190	-2.85	-2.85	-2.71	-42.66	-4334
8200	-3.18	-3.18	-3.06	-39.25	-3573
8210	-3.49	-3.49	-3.4	-39.25	-3139
8220	-3.79	-3.79	-3.71	-33.84	-3258
8230	-4.06	-4.06	-3.98	-30.67	-3590
8240	-4.3	-4.3	-4.26	-28.86	-2143
8250	-4.49	-4.49	-4.47	-25.17	-1634
8260	-4.67	-4.67	-4.65	-19.23	-1622
8270	-4.81	-4.81	-4.79	-14.87	-1404
8280	-4.91	-4.91	-4.91	-10.79	-356
8290	-4.97	-4.97	-4.99	-4.68	165
8300	-4.99	-4.99	-5	-2.67	348
8310	-4.99	-4.99	-4.99	0	-12
8320	-4.93	-4.93	-4.97	1.96	2020
8330	-4.85	-4.85	-4.89	10.11	1955
8340	-4.71	-4.71	-4.77	16.36	3025
8350	-4.55	-4.55	-4.61	20.88	2680
8360	-4.36	-4.36	-4.42	25.83	3256
8370	-4.12	-4.12	-4.2	29.74	3134
8380	-3.87	-3.87	-3.96	30.67	3547
8390	-3.57	-3.57	-3.71	36.35	4652
8400	-3.26	-3.26	-3.42	37.75	4466
8410	-2.9	-2.9	-3.08	42.66	5087
8420	-2.53	-2.53	-2.73	44.61	5138
8430	-2.14	-2.14	-2.34	46.73	5119
8440	-1.75	-1.75	-1.92	44.61	4687
8450	-1.32	-1.32	-1.53	46.73	5673
8460	-0.88	-0.88	-1.1	49.07	5229
8470	-0.45	-0.45	-0.67	54.52	5150
8480	0	0	-0.24	46.73	5698
8490	0.43	0.43	0.22	54.52	5236
8500	0.88	0.88	0.67	49.07	5124
8510	1.32	1.32	1.1	51.64	5229
8520	1.75	1.75	1.55	49.07	4542
8530	2.16	2.16	1.96	46.73	5032
8540	2.55	2.55	2.37	46.73	4615
8550	2.92	2.92	2.77	42.66	4271
8560	3.28	3.28	3.14	39.25	4150
8570	3.59	3.59	3.51	37.75	1669
8580	3.91	3.91	3.87	33.84	303
8590	4.16	4.16	4.12	27.26	490
8600	4.4	4.4	4.34	24.53	3176
8610	4.59	4.59	4.53	30.67	2411
8620	4.75	4.75	4.75	20.44	392
8630	4.89	4.89	4.89	13.63	933
8640	4.97	4.97	4.99	5.84	232
8650	5	5	5.02	0	98
8660	5	5	5.02	0	-312
8670	4.97	4.97	5	-1.93	-1459
8680	4.89	4.89	4.93	-10.9	-1983
8690	4.77	4.77	4.83	-15.83	-2381
8700	4.59	4.59	4.67	-21.81	-3402
8710	4.4	4.4	4.46	-25.83	-2820
8720	4.16	4.16	4.22	-27.26	-2673
8730	3.89	3.89	3.98	-30.67	-4032
8740	3.59	3.59	3.71	-35.05	-4027
8750	3.26	3.26	3.42	-39.25	-4726
8760	2.9	2.9	3.08	-46.73	-5035
8770	2.51	2.51	2.71	-44.61	-5298
8780	2.1	2.1	2.3	-46.73	-5136
8790	1.67	1.67	1.88	-46.73	-5515
8800	1.24	1.24	1.45	-49.07	-5317
8810	0.79	0.79	1	-49.07	-4929
8820	0.31	0.31	0.57	-49.07	-5852
8830	-0.14	-0.14	0.1	-54.52	-5413
8840	-0.61	-0.61	-0.37	-51.64	-5483
8850	-1.06	-1.06	-0.84	-54.52	-5022
8860	-1.51	-1.51	-1.3	-51.64	-5209
8870	-1.94	-1.94	-1.75	-51.64	-4552
8880	-2.36	-2.36	-2.16	-49.07	-4481
8890	-2.77	-2.77	-2.57	-51.64	-5007
8900	-3.14	-3.14	-2.98	-44.61	-3697
8910	-3.47	-3.47	-3.38	-39.25	-2919
8920	-3.81	-3.81	-3.71	-36.35	-3769
8930	-4.08	-4.08	-4	-32.71	-2684
8940	-4.34	-4.34	-4.28	-28.86	-2630
8950	-4.55	-4.55	-4.51	-23.36	-1821
8960	-4.73	-4.73	-4.71	-22.3	-926
8970	-4.85	-4.85	-4.89	-11.96	499
8980	-4.95	-4.95	-4.95	-5.39	-849
8990	-4.99	-4.99	-5	-4.51	439
9000	-4.99	-4.99	-5	0	626
9010	-4.95	-4.95	-4.99	2.04	1688
9020	-4.85	-4.85	-4.91	10.11	2825
9030	-4.71	-4.71	-4.77	18.17	2951
9040	-4.55	-4.55	-4.59	22.81	2375
9050	-4.34	-4.34	-4.4	23.93	3014
9060	-4.08	-4.08	-4.18	30.67	4201
9070	-3.79	-3.79	-3.87	33.84	1845
9080	-3.45	-3.45	-3.55	32.71	783
9090	-3.1	-3.1	-3.22	39.25	2217
9100	-2.71	-2.71	-2.87	46.73	2917
9110	-2.3	-2.3	-2.43	46.73	881
9120	-1.86	-1.86	-2.02	40.89	3193
9130	-1.41	-1.41	-1.59	44.61	4067
9140	-0.94	-0.94	-1.22	51.64	6611
9150	-0.47	-0.47	-0.79	61.33	4854
9160	0	0	-0.29	65.43	3043
9170	0.49	0.49	0.18	61.33	3747
9180	0.96	0.96	0.75	61.33	2849
9190	1.43	1.43	1.22	51.64	4869
9200	1.88	1.88	1.67	49.07	5457
9210	2.32	2.32	2.12	46.73	5159
9220	2.73	2.73	2.57	46.73	4203
9230	3.12	3.12	2.96	42.66	4369
9240	3.49	3.49	3.36	44.61	4300
9250	3.83	3.83	3.73	40.89	3511
9260	4.12	4.12	4.04	39.25	2838
9270	4.38	4.38	4.32	31.65	2710
9280	4.59	4.59	4.55	23.93	2233
9290	4.77	4.77	4.75	19.63	1794
9300	4.89	4.89	4.91	13.08	345
9310	4.97	4.97	4.99	5.34	234
9320	5	5	5.02	4.15	-177
9330	5	5	5.02	0	-535
9340	4.93	4.93	4.99	-5.12	-2509
9350	4.83	4.83	4.89	-14.87	-2128
9360	4.67	4.67	4.73	-20.88	-3088
9370	4.47	4.47	4.53	-26.52	-3208
9380	4.24	4.24	4.3	-29.74	-2837
9390	3.95	3.95	4.04	-32.71	-4537
9400	3.63	3.63	3.75	-40.89	-4601
9410	3.28	3.28	3.43	-42.66	-4912
9420	2.89	2.89	3.06	-49.07	-5383
9430	2.47	2.47	2.67	-46.73	-5457
9440	2.02	2.02	2.22	-51.64	-5418
9450	1.57	1.57	1.79	-57.72	-5411
9460	1.08	1.08	1.32	-57.72	-5984
9470	0.59	0.59	0.84	-54.52	-5597
9480	0.1	0.1	0.37	-51.64	-6567
9490	-0.39	-0.39	-0.14	-51.64	-5386
9500	-0.88	-0.88	-0.63	-57.72	-6004
9510	-1.37	-1.37	-1.12	-54.52	-5457
9520	-1.84	-1.84	-1.61	-54.52	-5703
9530	-2.3	-2.3	-2.1	-57.72	-4961
9540	-2.73	-2.73	-2.55	-44.61	-4900
9550	-3.14	-3.14	-2.98	-46.73	-4647
9560	-3.51	-3.51	-3.38	-44.61	-2995
9570	-3.85	-3.85	-3.83	-39.25	680
9580	-4.14	-4.14	-4.14	-31.65	-215
9590	-4.4	-4.4	-4.34	-29.74	-2867
9600	-4.61	-4.61	-4.57	-28.04	-2313
9610	-4.79	-4.79	-4.79	-21.34	-1010
9620	-4.91	-4.91	-4.93	-11.82	-129
9630	-4.97	-4.97	-5	-4.44	524
9640	-4.99	-4.99	-5	0	198
9650	-4.97	-4.97	-5	0	1719
9660	-4.87	-4.87	-4.95	12.26	3317
9670	-4.75	-4.75	-4.81	15.58	2593
9680	-4.55	-4.55	-4.63	25.83	4005
9690	-4.34	-4.34	-4.42	28.04	3877
9700	-4.06	-4.06	-4.16	28.86	4682
9710	-3.73	-3.73	-3.91	40.89	5998
9720	-3.38	-3.38	-3.55	40.89	5696
9730	-2.98	-2.98	-3.18	46.73	5796
9740	-2.57	-2.57	-2.79	49.07	6027
9750	-2.12	-2.12	-2.36	49.07	6200
9760	-1.65	-1.65	-1.9	57.72	5789
9770	-1.16	-1.16	-1.43	54.52	6138
9780	-0.65	-0.65	-0.94	57.72	5747
9790	-0.14	-0.14	-0.43	57.72	5244
9800	0.37	0.37	0.1	61.33	5161
9810	0.88	0.88	0.61	57.72	5874
9820	1.37	1.37	1.12	54.52	5657
9830	1.86	1.86	1.61	54.52	5392
9840	2.34	2.34	2.1	61.33	5717
9850	2.79	2.79	2.57	54.52	5062
9860	3.2	3.2	3.02	51.64	4685
9870	3.57	3.57	3.43	42.66	3729
9880	3.93	3.93	3.81	40.89	3891
9890	4.22	4.22	4.14	35.05	2905
9900	4.47	4.47	4.42	32.71	2474
9910	4.69	4.69	4.65	25.83	2283
9920	4.85	4.85	4.83	17.21	1451
9930	4.95	4.95	4.97	11.27	458
9940	5	5	5.02	4.58	-19
9950	5	5	5.02	0	-583
9960	4.95	4.95	5	-7.6	-2039
9970	4.85	4.85	4.91	-12.26	-2450
9980	4.67	4.67	4.71	-26.52	-2191
9990	4.46	4.46	4.53	-26.52	-2991
10000	4.2	4.2	4.32	-31.65	-4581
10010	3.89	3.89	4.02	-31.65	-4440
10020	3.55	3.55	3.71	-40.89	-5011
10030	3.16	3.16	3.36	-42.66	-5530
10040	2.73	2.73	2.96	-51.64	-6625
10050	2.28	2.28	2.51	-49.07	-5548
10060	1.79	1.79	2.04	-49.07	-5647
10070	1.3	1.3	1.51	-57.72	-3546
10080	0.77	0.77	0.96	-61.33	-1901
10090	0.26	0.26	0.53	-54.52	-6447
10100	-0.27	-0.27	0.08	-61.33	-5865
10110	-0.8	-0.8	-0.47	-65.43	-5700
10120	-1.32	-1.32	-1.02	-65.43	-4789
10130	-1.83	-1.83	-1.55	-61.33	-4735
10140	-2.32	-2.32	-2.06	-54.52	-5037
10150	-2.77	-2.77	-2.57	-61.33	-4108
10160	-3.2	-3.2	-3.02	-49.07	-4134
10170	-3.57	-3.57	-3.45	-46.73	-3098
10180	-3.93	-3.93	-3.83	-40.89	-3272
10190	-4.24	-4.24	-4.16	-35.05	-3687
10200	-4.49	-4.49	-4.46	-27.26	-1933
10210	-4.69	-4.69	-4.69	-21.81	-765
10220	-4.85	-4.85	-4.85	-16.09	-1066
10230	-4.95	-4.95	-4.97	-10.11	-80
10240	-4.99	-4.99	-5	-3.56	617
10250	-4.97	-4.97	-5	0	1421
10260	-4.89	-4.89	-4.95	7.49	2602
10270	-4.77	-4.77	-4.83	18.87	2948
10280	-4.57	-4.57	-4.65	25.83	4061
10290	-4.34	-4.34	-4.42	31.65	3268
10300	-4.04	-4.04	-4.16	31.65	4436
10310	-3.71	-3.71	-3.89	35.05	5227
10320	-3.32	-3.32	-3.53	40.89	5707
10330	-2.9	-2.9	-3.14	51.64	5594
10340	-2.45	-2.45	-2.71	54.52	5827
10350	-1.96	-1.96	-2.24	51.64	6246
10360	-1.45	-1.45	-1.75	57.72	5890
10370	-0.92	-0.92	-1.22	57.72	5682
10380	-0.39	-0.39	-0.71	49.07	5370
10390	0.16	0.16	-0.2	57.72	5973
10400	0.71	0.71	0.33	61.33	5916
10410	1.24	1.24	0.9	65.43	4890
10420	1.75	1.75	1.45	61.33	4957
10430	2.26	2.26	1.98	61.33	5069
10440	2.73	2.73	2.49	57.72	4742
10450	3.18	3.18	2.96	54.52	4885
10460	3.57	3.57	3.42	46.73	3542
10470	3.95	3.95	3.81	40.89	3900
10480	4.26	4.26	4.16	37.75	3275
10490	4.51	4.51	4.46	29.74	2239
10500	4.73	4.73	4.69	22.3	2043
10510	4.89	4.89	4.87	17.52	1258
10520	4.97	4.97	4.99	9.09	-288
10530	5	5	5.02	0	59
10540	4.99	4.99	5.02	0	-1295
10550	4.89	4.89	4.97	-11.27	-2943
10560	4.75	4.75	4.79	-21.81	-547
10570	4.55	4.55	4.57	-24.53	22
10580	4.28	4.28	4.32	-29.74	-858
10590	3.96	3.96	4.06	-32.71	-2261
10600	3.61	3.61	3.79	-42.66	-5598
10610	3.2	3.2	3.43	-46.73	-6241
10620	2.75	2.75	3	-57.72	-5544
10630	2.28	2.28	2.57	-57.72	-4752
10640	1.77	1.77	2.06	-57.72	-4459
10650	1.24	1.24	1.53	-57.72	-5212
10660	0.69	0.69	1.02	-57.72	-6088
10670	0.12	0.12	0.47	-61.33	-6018
10680	-0.43	-0.43	-0.08	-70.09	-5317
10690	-0.98	-0.98	-0.65	-61.33	-4896
10700	-1.53	-1.53	-1.2	-57.72	-5375
10710	-2.04	-2.04	-1.75	-61.33	-4585
10720	-2.55	-2.55	-2.26	-61.33	-5499
10730	-3.02	-3.02	-2.79	-51.64	-4033
10740	-3.43	-3.43	-3.26	-51.64	-3909
10750	-3.83	-3.83	-3.69	-46.73	-3583
10760	-4.16	-4.16	-4.06	-40.89	-3105
10770	-4.46	-4.46	-4.4	-32.71	-2528
10780	-4.67	-4.67	-4.65	-25.17	-1164
10790	-4.85	-4.85	-4.85	-18.17	-1255
10800	-4.95	-4.95	-4.97	-9.81	305
10810	-4.99	-4.99	-5.02	-4.8	1079
10820	-4.97	-4.97	-5	0	1405
10830	-4.89	-4.89	-4.95	11.82	2408
10840	-4.73	-4.73	-4.81	20.04	3690
10850	-4.53	-4.53	-4.61	28.86	3347
10860	-4.26	-4.26	-4.36	33.84	3943
10870	-3.93	-3.93	-4.08	35.05	5308
10880	-3.55	-3.55	-3.75	44.61	5455
10890	-3.14	-3.14	-3.38	49.07	5930
10900	-2.67	-2.67	-2.94	49.07	6494
10910	-2.18	-2.18	-2.47	51.64	6605
10920	-1.65	-1.65	-1.98	61.33	6284
10930	-1.1	-1.1	-1.45	61.33	5573
10940	-0.53	-0.53	-0.9	61.33	5787
10950	0.04	0.04	-0.35	65.43	5572
10960	0.61	0.61	0.24	57.72	5142
10970	1.18	1.18	0.8	65.43	4951
10980	1.73	1.73	1.35	61.33	5603
10990	2.26	2.26	1.92	65.43	4726
11000	2.75	2.75	2.47	57.72	4668
11010	3.22	3.22	2.96	54.52	4535
11020	3.63	3.63	3.43	57.72	3884
11030	4	4	3.87	46.73	3553
11040	4.34	4.34	4.22	40.89	3323
11050	4.59	4.59	4.53	30.67	1952
11060	4.79	4.79	4.77	21.34	1288
11070	4.93	4.93	4.95	16.09	-746
11080	5	5	5.02	4.69	139
11090	5	5	5.04	2.87	-1177
11100	4.95	4.95	5	-3.78	-2240
11110	4.81	4.81	4.91	-15.83	-3575
11120	4.61	4.61	4.69	-26.52	-3663
11130	4.36	4.36	4.44	-30.67	-3779
11140	4.04	4.04	4.18	-35.05	-4520
11150	3.67	3.67	3.87	-42.66	-5727
11160	3.24	3.24	3.47	-49.07	-5967
11170	2.77	2.77	3.04	-49.07	-6235
11180	2.28	2.28	2.55	-61.33	-5460
11190	1.73	1.73	2.06	-54.52	-6371
11200	1.18	1.18	1.51	-57.72	-5571
11210	0.59	0.59	0.96	-65.43	-5924
11220	0	0	0.39	-61.33	-5640
11230	-0.57	-0.57	-0.2	-61.33	-5250
11240	-1.16	-1.16	-0.77	-57.72	-5268
11250	-1.73	-1.73	-1.35	-65.43	-5165
11260	-2.26	-2.26	-1.94	-65.43	-4474
11270	-2.77	-2.77	-2.47	-57.72	-4803
11280	-3.24	-3.24	-3	-57.72	-4489
11290	-3.67	-3.67	-3.49	-46.73	-3719
11300	-4.04	-4.04	-3.93	-46.73	-2761
11310	-4.36	-4.36	-4.3	-39.25	-2310
11320	-4.61	-4.61	-4.57	-30.67	-1697
11330	-4.81	-4.81	-4.81	-20.88	-1199
11340	-4.93	-4.93	-4.95	-12.58	91
11350	-4.99	-4.99	-5.02	-4.65	815
11360	-4.97	-4.97	-5.02	0	2055
11370	-4.89	-4.89	-4.95	9.44	2614
11380	-4.73	-4.73	-4.81	21.34	3829
11390	-4.51	-4.51	-4.61	30.67	3485
11400	-4.22	-4.22	-4.36	35.05	4869
11410	-3.87	-3.87	-4.06	37.75	5711
11420	-3.47	-3.47	-3.69	44.61	5660
11430	-3.02	-3.02	-3.28	49.07	5989
11440	-2.51	-2.51	-2.83	54.52	6615
11450	-1.98	-1.98	-2.32	57.72	5747
11460	-1.41	-1.41	-1.79	61.33	5939
11470	-0.84	-0.84	-1.22	61.33	5494
11480	-0.24	-0.24	-0.65	61.33	5793
11490	0.35	0.35	-0.06	65.43	5402
11500	0.96	0.96	0.53	70.09	5175
11510	1.55	1.55	1.14	65.43	4926
11520	2.1	2.1	1.73	70.09	4435
11530	2.63	2.63	2.3	57.72	5249
11540	3.12	3.12	2.83	61.33	4999
11550	3.57	3.57	3.36	51.64	3540
11560	3.98	3.98	3.81	51.64	3951
11570	4.32	4.32	4.28	39.25	-37
11580	4.59	4.59	4.57	31.65	810
11590	4.81	4.81	4.81	22.81	98
11600	4.95	4.95	4.97	12.75	-403
11610	5	5	5.04	5.06	-802
11620	5	5	5.04	0	-959
11630	4.91	4.91	4.99	-14.43	-1904
11640	4.77	4.77	4.85	-19.63	-3009
11650	4.53	4.53	4.65	-33.84	-4004
11660	4.24	4.24	4.4	-40.89	-4235
11670	3.89	3.89	4.04	-36.35	-4274
11680	3.47	3.47	3.67	-49.07	-5461
11690	3	3	3.26	-51.64	-6319
11700	2.49	2.49	2.81	-57.72	-6382
11710	1.94	1.94	2.28	-57.72	-6034
11720	1.37	1.37	1.73	-65.43	-5594
11730	0.77	0.77	1.18	-57.72	-5954
11740	0.16	0.16	0.59	-65.43	-5700
11750	-0.45	-0.45	-0.02	-65.43	-4879
11760	-1.06	-1.06	-0.63	-70.09	-4978
11770	-1.67	-1.67	-1.22	-65.43	-5407
11780	-2.24	-2.24	-1.83	-61.33	-4545
11790	-2.77	-2.77	-2.41	-61.33	-4531
11800	-3.26	-3.26	-2.98	-61.33	-4395
11810	-3.69	-3.69	-3.51	-57.72	-2944
11820	-4.08	-4.08	-3.95	-49.07	-3299
11830	-4.4	-4.4	-4.32	-35.05	-2742
11840	-4.67	-4.67	-4.61	-32.71	-2521
11850	-4.85	-4.85	-4.85	-20.44	-699
11860	-4.97	-4.97	-4.99	-10.33	-105
11870	-4.99	-4.99	-5.04	0	1582
11880	-4.95	-4.95	-5	5.09	2121
11890	-4.83	-4.83	-4.91	13.82	3548
11900	-4.63	-4.63	-4.73	25.17	4533
11910	-4.36	-4.36	-4.49	37.75	4784
11920	-4.02	-4.02	-4.2	37.75	5621
11930	-3.63	-3.63	-3.87	42.66	6544
11940	-3.18	-3.18	-3.47	44.61	7150
11950	-2.67	-2.67	-3	54.52	6959
11960	-2.12	-2.12	-2.49	61.33	6403
11970	-1.53	-1.53	-1.96	57.72	6024
11980	-0.92	-0.92	-1.39	61.33	6142
11990	-0.29	-0.29	-0.79	65.43	5718
12000	0.31	0.31	-0.18	75.49	4571
12010	0.94	0.94	0.45	65.43	5336
12020	1.55	1.55	1.06	70.09	5021
12030	2.14	2.14	1.67	70.09	5355
12040	2.69	2.69	2.28	65.43	5023
12050	3.2	3.2	2.85	57.72	4705
12060	3.67	3.67	3.45	54.52	1755
12070	4.06	4.06	3.95	49.07	1254
12080	4.4	4.4	4.34	40.89	1490
12090	4.67	4.67	4.65	33.84	877
12100	4.87	4.87	4.87	19.63	1099
12110	4.97	4.97	5	12.26	-516
12120	5	5	5.04	0	-658
12130	4.97	4.97	5.02	0	-2225
12140	4.85	4.85	4.93	-18.51	-2686
12150	4.63	4.63	4.73	-25.83	-3770
12160	4.36	4.36	4.49	-33.84	-4610
12170	4	4	4.18	-40.89	-5133
12180	3.59	3.59	3.81	-44.61	-6062
12190	3.12	3.12	3.4	-49.07	-6632
12200	2.59	2.59	2.9	-54.52	-6206
12210	2.02	2.02	2.39	-65.43	-6297
12220	1.43	1.43	1.83	-61.33	-5515
12230	0.8	0.8	1.24	-65.43	-5865
12240	0.18	0.18	0.63	-61.33	-4767
12250	-0.47	-0.47	0.04	-75.49	-5435
12260	-1.1	-1.1	-0.59	-65.43	-5114
12270	-1.73	-1.73	-1.24	-65.43	-4648
12280	-2.32	-2.32	-1.86	-65.43	-4504
12290	-2.87	-2.87	-2.49	-70.09	-4012
12300	-3.36	-3.36	-3.06	-57.72	-3853
12310	-3.81	-3.81	-3.59	-57.72	-3825
12320	-4.2	-4.2	-4.04	-51.64	-3595
12330	-4.51	-4.51	-4.46	-44.61	-1611
12340	-4.75	-4.75	-4.75	-25.83	-984
12350	-4.91	-4.91	-4.93	-15.58	-186
12360	-4.99	-4.99	-5.02	-6.3	593
12370	-4.99	-4.99	-5.02	0	1320
12380	-4.89	-4.89	-4.97	10.79	3430
12390	-4.71	-4.71	-4.81	23.93	4225
12400	-4.46	-4.46	-4.57	35.05	3834
12410	-4.14	-4.14	-4.28	36.35	4784
12420	-3.75	-3.75	-3.96	44.61	6228
12430	-3.28	-3.28	-3.57	51.64	7154
12440	-2.77	-2.77	-3.08	61.33	6283
12450	-2.2	-2.2	-2.57	65.43	6174
12460	-1.59	-1.59	-1.98	54.52	5627
12470	-0.96	-0.96	-1.43	65.43	5690
12480	-0.31	-0.31	-0.82	70.09	5283
12490	0.33	0.33	-0.18	65.43	4975
12500	0.98	0.98	0.47	70.09	4684
12510	1.61	1.61	1.12	65.43	4811
12520	2.22	2.22	1.75	61.33	4486
12530	2.79	2.79	2.37	65.43	4631
12540	3.32	3.32	2.98	65.43	4532
12550	3.77	3.77	3.53	54.52	3565
12560	4.18	4.18	4.02	44.61	3705
12570	4.49	4.49	4.46	42.66	-334
12580	4.75	4.75	4.75	28.86	271
12590	4.93	4.93	4.95	21.34	-561
12600	5	5	5.04	6.17	-478
12610	5	5	5.06	0	-1701
12620	4.91	4.91	5	-14.87	-3320
12630	4.73	4.73	4.83	-27.26	-3862
12640	4.47	4.47	4.55	-32.71	-2662
12650	4.14	4.14	4.3	-36.35	-5077
12660	3.73	3.73	3.96	-44.61	-6357
12670	3.24	3.24	3.53	-51.64	-6804
12680	2.71	2.71	3.04	-54.52	-6495
12690	2.14	2.14	2.51	-65.43	-6012
12700	1.51	1.51	1.94	-61.33	-5808
12710	0.86	0.86	1.33	-65.43	-5239
12720	0.2	0.2	0.73	-65.43	-5686
12730	-0.47	-0.47	0.06	-70.09	-4813
12740	-1.12	-1.12	-0.59	-65.43	-4802
12750	-1.77	-1.77	-1.26	-65.43	-4405
12760	-2.36	-2.36	-1.9	-65.43	-4457
12770	-2.92	-2.92	-2.55	-61.33	-3971
12780	-3.43	-3.43	-3.12	-57.72	-3862
12790	-3.89	-3.89	-3.65	-51.64	-3509
12800	-4.28	-4.28	-4.12	-51.64	-3373
12810	-4.59	-4.59	-4.51	-40.89	-1951
12820	-4.81	-4.81	-4.81	-27.26	-111
12830	-4.95	-4.95	-4.99	-11.54	12
12840	-4.99	-4.99	-5.04	-3.86	1429
12850	-4.95	-4.95	-5	5.57	2207
12860	-4.81	-4.81	-4.91	20.44	3881
12870	-4.59	-4.59	-4.69	29.74	3625
12880	-4.3	-4.3	-4.44	33.84	4596
12890	-3.91	-3.91	-4.14	44.61	6575
12900	-3.45	-3.45	-3.73	51.64	6868
12910	-2.94	-2.94	-3.24	57.72	6186
12920	-2.36	-2.36	-2.73	61.33	6618
12930	-1.75	-1.75	-2.16	61.33	5569
12940	-1.1	-1.1	-1.57	65.43	5587
12950	-0.43	-0.43	-0.94	70.09	5400
12960	0.26	0.26	-0.29	70.09	4901
12970	0.92	0.92	0.37	70.09	4765
12980	1.59	1.59	1.06	75.49	4246
12990	2.22	2.22	1.71	65.43	4514
13000	2.81	2.81	2.36	70.09	4018
13010	3.34	3.34	2.98	70.09	3237
13020	3.81	3.81	3.55	61.33	3542
13030	4.22	4.22	4.06	54.52	3156
13040	4.55	4.55	4.47	42.66	2596
13050	4.79	4.79	4.79	28.86	1065
13060	4.95	4.95	4.97	13.82	291
13070	5	5	5.06	3.91	-1366
13080	4.99	4.99	5.04	-4.63	-1543
13090	4.85	4.85	4.97	-16.36	-4226
13100	4.63	4.63	4.75	-31.65	-4008
13110	4.34	4.34	4.47	-36.35	-4457
13120	3.95	3.95	4.14	-40.89	-6079
13130	3.49	3.49	3.75	-49.07	-6199
13140	2.96	2.96	3.22	-57.72	-5664
13150	2.39	2.39	2.73	-65.43	-5788
13160	1.77	1.77	2.18	-57.72	-5926
13170	1.1	1.1	1.59	-65.43	-5649
13180	0.41	0.41	0.94	-65.43	-5534
13190	-0.27	-0.27	0.27	-75.49	-4559
13200	-0.96	-0.96	-0.35	-65.43	-4622
13210	-1.63	-1.63	-1.04	-70.09	-4737
13220	-2.26	-2.26	-1.71	-70.09	-4385
13230	-2.85	-2.85	-2.39	-65.43	-3900
13240	-3.4	-3.4	-3.02	-65.43	-3654
13250	-3.87	-3.87	-3.59	-61.33	-3431
13260	-4.26	-4.26	-4.1	-54.52	-2991
13270	-4.59	-4.59	-4.51	-42.66	-1953
13280	-4.81	-4.81	-4.83	-27.26	-165
13290	-4.95	-4.95	-4.99	-11.54	52
13300	-4.99	-4.99	-5.04	0	1397
13310	-4.93	-4.93	-5	11.02	2654
13320	-4.79	-4.79	-4.87	21.34	3688
13330	-4.53	-4.53	-4.65	31.65	4528
13340	-4.2	-4.2	-4.38	40.89	5619
13350	-3.79	-3.79	-4.02	49.07	6572
13360	-3.3	-3.3	-3.59	54.52	7174
13370	-2.73	-2.73	-3.08	61.33	6706
13380	-2.12	-2.12	-2.51	65.43	6163
13390	-1.47	-1.47	-1.94	61.33	6032
13400	-0.79	-0.79	-1.32	65.43	5406
13410	-0.1	-0.1	-0.67	65.43	4984
13420	0.61	0.61	0.02	75.49	4862
13430	1.3	1.3	0.71	75.49	4492
13440	1.96	1.96	1.39	75.49	3946
13450	2.59	2.59	2.08	81.77	4236
13460	3.16	3.16	2.73	70.09	4053
13470	3.69	3.69	3.36	65.43	4096
13480	4.12	4.12	3.91	57.72	2833
13490	4.47	4.47	4.38	44.61	2404
13500	4.75	4.75	4.73	33.84	1477
13510	4.93	4.93	4.95	21.34	212
13520	5	5	5.06	5.73	-1034
13530	4.99	4.99	5.06	-5.45	-2311
13540	4.87	4.87	4.97	-16.36	-3599
13550	4.63	4.63	4.75	-30.67	-4531
13560	4.34	4.34	4.47	-36.35	-4418
13570	3.93	3.93	4.06	-44.61	-2759
13580	3.45	3.45	3.67	-46.73	-2544
13590	2.9	2.9	3.2	-54.52	-5056
13600	2.3	2.3	2.65	-57.72	-6089
13610	1.63	1.63	2.18	-57.72	-6232
13620	0.94	0.94	1.61	-75.49	-4542
13630	0.24	0.24	0.9	-81.77	-3979
13640	-0.47	-0.47	0.12	-70.09	-3449
13650	-1.18	-1.18	-0.55	-81.77	-4044
13660	-1.86	-1.86	-1.26	-75.49	-4274
13670	-2.51	-2.51	-1.94	-65.43	-4247
13680	-3.1	-3.1	-2.63	-75.49	-4048
13690	-3.63	-3.63	-3.26	-65.43	-3978
13700	-4.08	-4.08	-3.85	-65.43	-3113
13710	-4.46	-4.46	-4.34	-49.07	-1826
13720	-4.73	-4.73	-4.69	-37.75	-1674
13730	-4.91	-4.91	-4.93	-18.87	-105
13740	-4.99	-4.99	-5.04	-5.61	1021
13750	-4.97	-4.97	-5.04	0	2410
13760	-4.83	-4.83	-4.95	20.88	4623
13770	-4.61	-4.61	-4.73	28.86	4120
13780	-4.28	-4.28	-4.46	32.71	6230
13790	-3.87	-3.87	-4.12	42.66	7118
13800	-3.38	-3.38	-3.69	51.64	7375
13810	-2.81	-2.81	-3.18	57.72	6878
13820	-2.2	-2.2	-2.63	70.09	6286
13830	-1.51	-1.51	-2.02	70.09	6417
13840	-0.8	-0.8	-1.37	70.09	5113
13850	-0.1	-0.1	-0.71	75.49	4862
13860	0.63	0.63	-0.02	70.09	4668
13870	1.33	1.33	0.67	81.77	4678
13880	2.02	2.02	1.37	75.49	4059
13890	2.67	2.67	2.08	81.77	3962
13900	3.26	3.26	2.75	70.09	4148
13910	3.77	3.77	3.4	61.33	3980
13920	4.22	4.22	3.96	65.43	3362
13930	4.55	4.55	4.46	42.66	2167
13940	4.81	4.81	4.79	32.71	1537
13950	4.97	4.97	4.99	15.58	565
13960	5	5	5.08	4.4	-1885
13970	4.95	4.95	5.04	-9.26	-3017
13980	4.79	4.79	4.91	-20.88	-4535
13990	4.51	4.51	4.65	-36.35	-4976
14000	4.14	4.14	4.34	-40.89	-6347
14010	3.69	3.69	3.96	-51.64	-7017
14020	3.16	3.16	3.49	-61.33	-6809
14030	2.55	2.55	2.96	-57.72	-6648
14040	1.9	1.9	2.37	-65.43	-6417
14050	1.2	1.2	1.75	-70.09	-5596
14060	0.47	0.47	0.96	-70.09	-3134
14070	-0.27	-0.27	0.24	-70.09	-3265
14080	-1	-1	-0.51	-70.09	-2172
14090	-1.71	-1.71	-1.22	-70.09	-3590
14100	-2.37	-2.37	-1.9	-75.49	-2979
14110	-3	-3	-2.57	-81.77	-3339
14120	-3.55	-3.55	-3.1	-65.43	-3144
14130	-4.02	-4.02	-3.67	-70.09	-1810
14140	-4.42	-4.42	-4.26	-61.33	-751
14150	-4.71	-4.71	-4.67	-40.89	-520
14160	-4.91	-4.91	-4.95	-22.3	554
14170	-4.99	-4.99	-5.06	-5.84	1640
14180	-4.97	-4.97	-5.04	4.3	2566
14190	-4.83	-4.83	-4.95	21.81	4264
14200	-4.57	-4.57	-4.69	36.35	4472
14210	-4.24	-4.24	-4.42	39.25	5503
14220	-3.79	-3.79	-4.08	49.07	7262
14230	-3.26	-3.26	-3.61	57.72	7172
14240	-2.67	-2.67	-3.08	61.33	6094
14250	-2.02	-2.02	-2.49	65.43	5759
14260	-1.32	-1.32	-1.86	70.09	5773
14270	-0.57	-0.57	-1.22	70.09	5118
14280	0.18	0.18	-0.49	70.09	4494
14290	0.92	0.92	0.2	89.22	4301
14300	1.63	1.63	0.96	75.49	3985
14310	2.32	2.32	1.69	70.09	3601
14320	2.96	2.96	2.37	75.49	4236
14330	3.53	3.53	3.04	61.33	3593
14340	4.02	4.02	3.69	61.33	3000
14350	4.42	4.42	4.24	49.07	1499
14360	4.73	4.73	4.65	42.66	2294
14370	4.93	4.93	4.93	23.93	140
14380	5	5	5.08	8.6	-1784
14390	4.99	4.99	5.08	0	-2604
14400	4.83	4.83	4.97	-20.44	-5071
14410	4.59	4.59	4.73	-37.75	-3874
14420	4.24	4.24	4.44	-42.66	-5675
14430	3.79	3.79	4.04	-49.07	-7061
14440	3.24	3.24	3.59	-57.72	-6982
14450	2.63	2.63	3.06	-57.72	-6413
14460	1.96	1.96	2.45	-70.09	-5876
14470	1.24	1.24	1.81	-75.49	-5176
14480	0.49	0.49	1.12	-75.49	-5245
14490	-0.26	-0.26	0.43	-70.09	-4070
14500	-1.02	-1.02	-0.31	-70.09	-4243
14510	-1.75	-1.75	-1.02	-81.77	-4110
14520	-2.43	-2.43	-1.75	-81.77	-3748
14530	-3.06	-3.06	-2.47	-75.49	-3636
14540	-3.63	-3.63	-3.16	-70.09	-3702
14550	-4.1	-4.1	-3.81	-65.43	-2784
14560	-4.49	-4.49	-4.34	-54.52	-1788
14570	-4.77	-4.77	-4.81	-35.05	2403
14580	-4.95	-4.95	-5.02	-14.43	2254
14590	-4.99	-4.99	-5.04	0	1349
14600	-4.93	-4.93	-5.02	9.53	3058
14610	-4.75	-4.75	-4.87	25.83	4731
14620	-4.46	-4.46	-4.61	36.35	5144
14630	-4.06	-4.06	-4.3	42.66	6410
14640	-3.57	-3.57	-3.91	49.07	7457
14650	-3	-3	-3.42	61.33	6625
14660	-2.36	-2.36	-2.81	65.43	6140
14670	-1.65	-1.65	-2.18	75.49	5506
14680	-0.9	-0.9	-1.55	70.09	5036
14690	-0.14	-0.14	-0.86	75.49	4626
14700	0.63	0.63	-0.14	70.09	4216
14710	1.37	1.37	0.63	89.22	3858
14720	2.1	2.1	1.35	75.49	3703
14730	2.77	2.77	2.08	70.09	3403
14740	3.38	3.38	2.81	70.09	3380
14750	3.91	3.91	3.47	65.43	3345
14760	4.34	4.34	4.08	57.72	2517
14770	4.67	4.67	4.57	49.07	1218
14780	4.91	4.91	4.91	27.26	834
14790	5	5	5.08	11.96	-1779
14800	4.99	4.99	5.1	0	-2851
14810	4.85	4.85	4.99	-21.34	-4285
14820	4.59	4.59	4.75	-33.84	-4510
14830	4.24	4.24	4.44	-46.73	-5531
14840	3.77	3.77	4.04	-49.07	-7430
14850	3.22	3.22	3.59	-54.52	-6815
14860	2.59	2.59	3.04	-65.43	-6569
14870	1.88	1.88	2.43	-65.43	-5932
14880	1.14	1.14	1.77	-70.09	-5292
14890	0.37	0.37	1.08	-70.09	-4623
14900	-0.41	-0.41	0.37	-75.49	-4535
14910	-1.18	-1.18	-0.37	-81.77	-4144
14920	-1.92	-1.92	-1.14	-81.77	-3804
14930	-2.61	-2.61	-1.9	-81.77	-3426
14940	-3.24	-3.24	-2.67	-75.49	-3349
14950	-3.79	-3.79	-3.34	-70.09	-3213
14960	-4.26	-4.26	-3.98	-65.43	-2901
14970	-4.61	-4.61	-4.49	-44.61	-553
14980	-4.85	-4.85	-4.85	-28.86	3
14990	-4.97	-4.97	-5.04	-11.96	1467
15000	-4.97	-4.97	-5.06	0	2493
15010	-4.85	-4.85	-4.97	19.23	4067
15020	-4.61	-4.61	-4.75	31.65	4401
15030	-4.26	-4.26	-4.44	44.61	4082
15040	-3.79	-3.79	-4.1	49.07	7663
15050	-3.24	-3.24	-3.59	57.72	6900
15060	-2.59	-2.59	-3.02	61.33	4398
15070	-1.88	-1.88	-2.37	65.43	3958
15080	-1.14	-1.14	-1.69	65.43	3584
15090	-0.35	-0.35	-1.06	75.49	4270
15100	0.43	0.43	-0.41	75.49	4228
15110	1.22	1.22	0.35	75.49	3684
15120	1.96	1.96	1.14	89.22	3396
15130	2.67	2.67	1.94	81.77	3319
15140	3.3	3.3	2.69	70.09	3472
15150	3.85	3.85	3.38	75.49	3032
15160	4.32	4.32	4.04	65.43	2790
15170	4.65	4.65	4.53	44.61	478
15180	4.89	4.89	4.89	27.26	493
15190	5	5	5.04	11.54	-746
15200	4.99	4.99	5.08	0	-2921
15210	4.85	4.85	4.99	-21.81	-4411
15220	4.57	4.57	4.75	-33.84	-5705
15230	4.2	4.2	4.44	-46.73	-6341
15240	3.71	3.71	4.02	-51.64	-7075
15250	3.12	3.12	3.51	-57.72	-7031
15260	2.47	2.47	2.98	-65.43	-6046
15270	1.75	1.75	2.34	-70.09	-5783
15280	0.96	0.96	1.67	-70.09	-5216
15290	0.18	0.18	0.96	-75.49	-4759
15300	-0.63	-0.63	0.22	-81.77	-3955
15310	-1.41	-1.41	-0.55	-81.77	-3768
15320	-2.16	-2.16	-1.33	-75.49	-3281
15330	-2.85	-2.85	-2.12	-75.49	-3171
15340	-3.47	-3.47	-2.87	-75.49	-3136
15350	-4	-4	-3.57	-75.49	-2532
15360	-4.42	-4.42	-4.2	-57.72	-2050
15370	-4.73	-4.73	-4.67	-40.89	-230
15380	-4.93	-4.93	-4.97	-21.34	894
15390	-4.99	-4.99	-5.08	-5.73	2428
15400	-4.93	-4.93	-5.04	11.82	3393
15410	-4.73	-4.73	-4.89	27.26	4595
15420	-4.42	-4.42	-4.61	36.35	5840
15430	-3.96	-3.96	-4.26	49.07	7194
15440	-3.43	-3.43	-3.81	54.52	7176
15450	-2.81	-2.81	-3.26	65.43	6514
15460	-2.1	-2.1	-2.65	61.33	5788
15470	-1.35	-1.35	-2	75.49	5359
15480	-0.55	-0.55	-1.3	75.49	4612
15490	0.26	0.26	-0.57	81.77	4070
15500	1.06	1.06	0.2	89.22	3741
15510	1.84	1.84	0.98	81.77	3391
15520	2.57	2.57	1.77	81.77	3242
15530	3.24	3.24	2.53	75.49	3210
15540	3.81	3.81	3.28	75.49	2498
15550	4.28	4.28	3.95	65.43	2587
15560	4.65	4.65	4.49	54.52	1399
15570	4.89	4.89	4.91	30.67	-1138
15580	5	5	5.08	10.11	-1271
15590	4.99	4.99	5.1	0	-2511
15600	4.83	4.83	4.97	-28.86	-3704
15610	4.55	4.55	4.73	-40.89	-4717
15620	4.14	4.14	4.38	-40.89	-6585
15630	3.63	3.63	3.96	-54.52	-7429
15640	3.02	3.02	3.45	-61.33	-6846
15650	2.34	2.34	2.87	-70.09	-6189
15660	1.57	1.57	2.22	-75.49	-5326
15670	0.79	0.79	1.53	-75.49	-4763
15680	-0.04	-0.04	0.79	-75.49	-4236
15690	-0.86	-0.86	0.04	-75.49	-3835
15700	-1.65	-1.65	-0.75	-75.49	-3322
15710	-2.39	-2.39	-1.55	-89.22	-3140
15720	-3.08	-3.08	-2.34	-81.77	-3337
15730	-3.69	-3.69	-3.08	-75.49	-2930
15740	-4.2	-4.2	-3.79	-70.09	-2730
15750	-4.57	-4.57	-4.42	-61.33	-1255
15760	-4.85	-4.85	-4.85	-33.84	179
15770	-4.97	-4.97	-5.08	-12.91	2769
15780	-4.97	-4.97	-5.08	0	2858
15790	-4.83	-4.83	-4.97	22.81	5014
15800	-4.55	-4.55	-4.73	40.89	4925
15810	-4.16	-4.16	-4.4	42.66	6329
15820	-3.65	-3.65	-3.98	54.52	7395
15830	-3.04	-3.04	-3.49	61.33	7095
15840	-2.34	-2.34	-2.9	65.43	6485
15850	-1.59	-1.59	-2.24	65.43	5181
15860	-0.79	-0.79	-1.55	75.49	4602
15870	0.06	0.06	-0.8	75.49	4157
15880	0.88	0.88	-0.04	89.22	3690
15890	1.69	1.69	0.75	81.77	3176
15900	2.43	2.43	1.55	81.77	3076
15910	3.12	3.12	2.34	81.77	3084
15920	3.73	3.73	3.1	75.49	2882
15930	4.24	4.24	3.81	70.09	2494
15940	4.63	4.63	4.42	57.72	1572
15950	4.89	4.89	4.87	36.35	-953
15960	5	5	5.08	12.91	-1949
15970	4.99	4.99	5.12	0	-3683
15980	4.83	4.83	5	-26.52	-5264
15990	4.53	4.53	4.73	-42.66	-5365
16000	4.12	4.12	4.38	-49.07	-6544
16010	3.57	3.57	3.93	-51.64	-7549
16020	2.94	2.94	3.4	-57.72	-6399
16030	2.24	2.24	2.81	-65.43	-6049
16040	1.45	1.45	2.12	-65.43	-4787
16050	0.63	0.63	1.41	-75.49	-4243
16060	-0.22	-0.22	0.59	-75.49	-3070
16070	-1.04	-1.04	-0.22	-89.22	-2732
16080	-1.84	-1.84	-0.96	-81.77	-3515
16090	-2.59	-2.59	-1.67	-89.22	-3242
16100	-3.28	-3.28	-2.49	-89.22	-2744
16110	-3.87	-3.87	-3.26	-81.77	-2735
16120	-4.34	-4.34	-3.98	-75.49	-1797
16130	-4.69	-4.69	-4.55	-46.73	143
16140	-4.91	-4.91	-4.93	-28.04	1230
16150	-4.99	-4.99	-5.08	-7.79	2797
16160	-4.93	-4.93	-5.06	9.53	3947
16170	-4.71	-4.71	-4.89	30.67	5436
16180	-4.38	-4.38	-4.57	42.66	5703
16190	-3.91	-3.91	-4.22	51.64	7467
16200	-3.34	-3.34	-3.73	57.72	6994
16210	-2.65	-2.65	-3.18	61.33	6686
16220	-1.9	-1.9	-2.53	70.09	5618
16230	-1.1	-1.1	-1.84	75.49	4611
16240	-0.26	-0.26	-1.12	81.77	4156
16250	0.59	0.59	-0.33	81.77	3677
16260	1.43	1.43	0.45	81.77	3260
16270	2.22	2.22	1.26	81.77	2910
16280	2.94	2.94	2.08	98.14	2854
16290	3.59	3.59	2.87	81.77	2698
16300	4.14	4.14	3.61	81.77	2752
16310	4.55	4.55	4.28	57.72	1208
16320	4.85	4.85	4.79	46.73	49
16330	4.99	4.99	5.06	18.17	-2574
16340	4.99	4.99	5.1	0	-3125
16350	4.85	4.85	4.99	-23.93	-4468
16360	4.57	4.57	4.75	-36.35	-4989
16370	4.14	4.14	4.42	-42.66	-7247
16380	3.61	3.61	3.96	-57.72	-7460
16390	2.96	2.96	3.43	-65.43	-6923
16400	2.22	2.22	2.83	-70.09	-5609
16410	1.43	1.43	2.16	-81.77	-5144
16420	0.59	0.59	1.43	-75.49	-4702
16430	-0.27	-0.27	0.67	-75.49	-3943
16440	-1.12	-1.12	-0.14	-81.77	-3291
16450	-1.94	-1.94	-0.96	-89.22	-2955
16460	-2.71	-2.71	-1.77	-89.22	-2683
16470	-3.38	-3.38	-2.59	-75.49	-2500
16480	-3.96	-3.96	-3.38	-81.77	-2404
16490	-4.44	-4.44	-4.06	-65.43	-2248
16500	-4.75	-4.75	-4.65	-46.73	986
16510	-4.95	-4.95	-4.99	-23.36	1672
16520	-4.99	-4.99	-5.1	0	3002
16530	-4.89	-4.89	-5.04	18.17	4661
16540	-4.63	-4.63	-4.83	32.71	5484
16550	-4.22	-4.22	-4.49	51.64	7458
16560	-3.71	-3.71	-3.93	57.72	2295
16570	-3.08	-3.08	-3.43	57.72	5766
16580	-2.36	-2.36	-2.81	65.43	3187
16590	-1.55	-1.55	-2.16	65.43	5419
16600	-0.71	-0.71	-1.37	75.49	3714
16610	0.16	0.16	-0.59	81.77	3410
16620	1.02	1.02	0.22	70.09	3367
16630	1.86	1.86	1.06	89.22	1915
16640	2.63	2.63	1.81	75.49	3412
16650	3.34	3.34	2.43	81.77	3065
16660	3.93	3.93	3.14	81.77	2326
16670	4.42	4.42	3.79	81.77	1468
16680	4.75	4.75	4.42	70.09	-693
16690	4.97	4.97	4.95	39.25	-3082
16700	5	5	5.18	9.17	-5142
16710	4.91	4.91	5.12	-18.87	-4904
16720	4.65	4.65	4.89	-40.89	-5678
16730	4.26	4.26	4.53	-49.07	-6477
16740	3.73	3.73	4.08	-57.72	-7391
16750	3.1	3.1	3.53	-61.33	-6082
16760	2.36	2.36	2.94	-61.33	-6516
16770	1.55	1.55	2.28	-75.49	-5344
16780	0.71	0.71	1.55	-81.77	-4455
16790	-0.18	-0.18	0.79	-81.77	-3806
16800	-1.06	-1.06	-0.02	-89.22	-3279
16810	-1.88	-1.88	-0.84	-81.77	-2833
16820	-2.67	-2.67	-1.69	-81.77	-2518
16830	-3.38	-3.38	-2.51	-75.49	-2430
16840	-3.96	-3.96	-3.32	-81.77	-2607
16850	-4.44	-4.44	-4.06	-70.09	-1505
16860	-4.77	-4.77	-4.65	-51.64	538
16870	-4.95	-4.95	-5	-25.17	2608
16880	-4.99	-4.99	-5.12	-5.7	3462
16890	-4.85	-4.85	-5.02	23.93	5626
16900	-4.57	-4.57	-4.77	37.75	5348
16910	-4.16	-4.16	-4.42	44.61	6473
16920	-3.61	-3.61	-3.98	57.72	7491
16930	-2.94	-2.94	-3.45	57.72	7093
16940	-2.18	-2.18	-2.85	65.43	5895
16950	-1.35	-1.35	-2.14	75.49	4783
16960	-0.49	-0.49	-1.41	75.49	4260
16970	0.41	0.41	-0.63	89.22	3560
16980	1.28	1.28	0.2	81.77	2952
16990	2.12	2.12	1.04	75.49	2549
17000	2.89	2.89	1.88	81.77	2491
17010	3.57	3.57	2.71	81.77	2401
17020	4.12	4.12	3.49	81.77	2329
17030	4.57	4.57	4.22	70.09	1736
17040	4.87	4.87	4.77	49.07	-188
17050	5	5	5.1	15.11	-3740
17060	4.99	4.99	5.14	0	-3843
17070	4.81	4.81	4.97	-31.65	-3002
17080	4.47	4.47	4.71	-39.25	-6180
17090	3.98	3.98	4.32	-51.64	-8195
17100	3.4	3.4	3.83	-57.72	-7204
17110	2.69	2.69	3.24	-65.43	-6623
17120	1.88	1.88	2.59	-70.09	-5566
17130	1.02	1.02	1.86	-75.49	-4527
17140	0.14	0.14	1.1	-89.22	-3850
17150	-0.77	-0.77	0.29	-75.49	-3297
17160	-1.63	-1.63	-0.53	-89.22	-2866
17170	-2.45	-2.45	-1.37	-81.77	-2552
17180	-3.18	-3.18	-2.24	-81.77	-2382
17190	-3.83	-3.83	-3.06	-81.77	-2181
17200	-4.34	-4.34	-3.83	-70.09	-2125
17210	-4.71	-4.71	-4.49	-61.33	-253
17220	-4.93	-4.93	-4.97	-31.65	2607
17230	-4.99	-4.99	-5.14	-6.81	4196
17240	-4.89	-4.89	-5.06	18.51	5090
17250	-4.63	-4.63	-4.85	39.25	5608
17260	-4.22	-4.22	-4.49	51.64	6866
17270	-3.67	-3.67	-4.06	51.64	7511
17280	-2.98	-2.98	-3.51	65.43	7059
17290	-2.22	-2.22	-2.89	70.09	5813
17300	-1.37	-1.37	-2.18	75.49	4596
17310	-0.49	-0.49	-1.43	81.77	3921
17320	0.41	0.41	-0.65	89.22	3410
17330	1.32	1.32	0.18	98.14	2901
17340	2.16	2.16	1.02	81.77	2440
17350	2.94	2.94	1.88	81.77	2330
17360	3.63	3.63	2.73	89.22	2334
17370	4.18	4.18	3.53	81.77	2070
17380	4.61	4.61	4.26	70.09	1059
17390	4.89	4.89	4.81	46.73	-1485
17400	5	5	5.1	15.58	-2764
17410	4.95	4.95	5.14	-10.22	-4860
17420	4.73	4.73	4.97	-28.04	-6288
17430	4.36	4.36	4.63	-42.66	-6553
17440	3.85	3.85	4.2	-54.52	-7363
17450	3.2	3.2	3.67	-61.33	-6750
17460	2.45	2.45	3.06	-65.43	-5746
17470	1.61	1.61	2.39	-70.09	-5455
17480	0.73	0.73	1.65	-75.49	-4303
17490	-0.2	-0.2	0.86	-89.22	-3598
17500	-1.1	-1.1	0.04	-81.77	-2910
17510	-1.96	-1.96	-0.82	-98.14	-2543
17520	-2.77	-2.77	-1.69	-89.22	-2360
17530	-3.47	-3.47	-2.53	-98.14	-2209
17540	-4.08	-4.08	-3.38	-89.22	-2016
17550	-4.53	-4.53	-4.12	-70.09	-977
17560	-4.85	-4.85	-4.73	-51.64	1223
17570	-4.99	-4.99	-5.1	-16.63	4724
17580	-4.95	-4.95	-5.1	12.58	3548
17590	-4.75	-4.75	-4.95	32.71	5213
17600	-4.4	-4.4	-4.67	46.73	6601
17610	-3.89	-3.89	-4.24	54.52	7510
17620	-3.26	-3.26	-3.71	61.33	6942
17630	-2.51	-2.51	-3.12	61.33	6159
17640	-1.67	-1.67	-2.39	75.49	4866
17650	-0.77	-0.77	-1.71	81.77	4415
17660	0.14	0.14	-0.92	81.77	3311
17670	1.06	1.06	-0.1	81.77	2857
17680	1.94	1.94	0.75	89.22	2522
17690	2.77	2.77	1.61	81.77	2184
17700	3.47	3.47	2.47	89.22	2061
17710	4.08	4.08	3.32	81.77	2231
17720	4.55	4.55	4.08	75.49	1106
17730	4.87	4.87	4.71	51.64	-755
17740	5	5	5.08	21.81	-3504
17750	4.97	4.97	5.14	0	-5112
17760	4.77	4.77	4.99	-30.67	-5753
17770	4.4	4.4	4.67	-46.73	-6794
17780	3.89	3.89	4.24	-54.52	-7479
17790	3.24	3.24	3.71	-57.72	-7045
17800	2.47	2.47	3.1	-75.49	-5799
17810	1.61	1.61	2.41	-70.09	-5326
17820	0.71	0.71	1.67	-75.49	-4413
17830	-0.22	-0.22	0.86	-89.22	-3308
17840	-1.14	-1.14	0.02	-75.49	-2772
17850	-2.02	-2.02	-0.82	-81.77	-2427
17860	-2.85	-2.85	-1.71	-81.77	-2287
17870	-3.55	-3.55	-2.57	-89.22	-2189
17880	-4.14	-4.14	-3.42	-81.77	-1850
17890	-4.59	-4.59	-4.16	-70.09	-1484
17900	-4.87	-4.87	-4.79	-49.07	1379
17910	-4.99	-4.99	-5.14	-16.93	4986
17920	-4.93	-4.93	-5.16	9.72	5794
17930	-4.69	-4.69	-4.97	39.25	6441
17940	-4.3	-4.3	-4.59	46.73	6630
17950	-3.73	-3.73	-4.14	54.52	7310
17960	-3.06	-3.06	-3.57	65.43	6354
17970	-2.26	-2.26	-2.96	61.33	6033
17980	-1.39	-1.39	-2.26	70.09	4668
17990	-0.45	-0.45	-1.49	81.77	3945
18000	0.47	0.47	-0.69	81.77	3139
18010	1.41	1.41	0.16	89.22	2595
18020	2.28	2.28	1.02	81.77	2266
18030	3.08	3.08	1.9	81.77	2111
18040	3.77	3.77	2.77	81.77	2090
18050	4.32	4.32	3.61	89.22	1532
18060	4.71	4.71	4.44	65.43	-1679
18070	4.95	4.95	4.97	39.25	-3748
18080	5	5	5.16	6.96	-4108
18090	4.89	4.89	5.12	-20.44	-6358
18100	4.59	4.59	4.87	-42.66	-6853
18110	4.12	4.12	4.47	-51.64	-7901
18120	3.51	3.51	3.95	-65.43	-7018
18130	2.79	2.79	3.36	-70.09	-6238
18140	1.94	1.94	2.67	-75.49	-5448
18150	1.04	1.04	1.98	-75.49	-4512
18160	0.1	0.1	1.18	-75.49	-3565
18170	-0.84	-0.84	0.35	-89.22	-2920
18180	-1.77	-1.77	-0.51	-81.77	-2494
18190	-2.63	-2.63	-1.39	-81.77	-2251
18200	-3.38	-3.38	-2.28	-81.77	-2108
18210	-4.02	-4.02	-3.14	-89.22	-2005
18220	-4.49	-4.49	-3.95	-81.77	-1278
18230	-4.83	-4.83	-4.65	-61.33	923
18240	-4.99	-4.99	-5.06	-27.26	4387
18250	-4.95	-4.95	-5.16	0	6375
18260	-4.73	-4.73	-4.99	32.71	6553
18270	-4.36	-4.36	-4.65	49.07	6753
18280	-3.81	-3.81	-4.2	54.52	7432
18290	-3.12	-3.12	-3.65	70.09	6869
18300	-2.32	-2.32	-3.02	65.43	5757
18310	-1.43	-1.43	-2.32	75.49	4731
18320	-0.49	-0.49	-1.55	81.77	3732
18330	0.45	0.45	-0.73	70.09	2964
18340	1.39	1.39	0.12	89.22	2597
18350	2.3	2.3	0.98	89.22	2240
18360	3.1	3.1	1.86	89.22	2084
18370	3.79	3.79	2.75	89.22	1936
18380	4.36	4.36	3.59	81.77	1879
18390	4.75	4.75	4.36	75.49	602
18400	4.97	4.97	4.95	37.75	-3060
18410	5	5	5.18	9.17	-5206
18420	4.85	4.85	5.1	-25.17	-6832
18430	4.51	4.51	4.81	-46.73	-6986
18440	4.02	4.02	4.38	-57.72	-7478
18450	3.38	3.38	3.85	-61.33	-6786
18460	2.61	2.61	3.24	-65.43	-5966
18470	1.75	1.75	2.57	-75.49	-5257
18480	0.8	0.8	1.81	-89.22	-4255
18490	-0.16	-0.16	1	-81.77	-3370
18500	-1.12	-1.12	0.16	-81.77	-2658
18510	-2.04	-2.04	-0.73	-89.22	-2269
18520	-2.89	-2.89	-1.61	-89.22	-2050
18530	-3.61	-3.61	-2.49	-89.22	-1840
18540	-4.2	-4.2	-3.36	-89.22	-1749
18550	-4.65	-4.65	-4.16	-75.49	-888
18560	-4.91	-4.91	-4.81	-54.52	2705
18570	-4.99	-4.99	-5.16	-8.92	4853
18580	-4.89	-4.89	-5.1	21.81	3281
18590	-4.59	-4.59	-4.85	42.66	6437
18600	-4.12	-4.12	-4.51	57.72	7820
18610	-3.49	-3.49	-4.04	70.09	6151
18620	-2.73	-2.73	-3.4	75.49	5515
18630	-1.86	-1.86	-2.69	75.49	4795
18640	-0.94	-0.94	-1.86	81.77	3864
18650	0.04	0.04	-1.14	81.77	3267
18660	1	1	-0.29	89.22	2698
18670	1.94	1.94	0.57	81.77	2312
18680	2.79	2.79	1.45	98.14	2060
18690	3.55	3.55	2.34	89.22	1993
18700	4.16	4.16	3.22	89.22	1756
18710	4.63	4.63	4.04	81.77	1392
18720	4.91	4.91	4.75	65.43	-1141
18730	5	5	5.16	22.3	-5735
18740	4.91	4.91	5.2	-16.93	-7117
18750	4.63	4.63	4.97	-44.61	-7589
18760	4.16	4.16	4.55	-54.52	-8225
18770	3.55	3.55	4.02	-70.09	-7040
18780	2.79	2.79	3.4	-70.09	-6428
18790	1.92	1.92	2.75	-75.49	-5348
18800	0.98	0.98	2.02	-75.49	-4429
18810	0	0	1.22	-81.77	-3349
18820	-0.98	-0.98	0.33	-89.22	-2618
18830	-1.92	-1.92	-0.55	-89.22	-2284
18840	-2.79	-2.79	-1.43	-89.22	-2010
18850	-3.55	-3.55	-2.34	-89.22	-1960
18860	-4.16	-4.16	-3.22	-89.22	-1686
18870	-4.63	-4.63	-4.06	-81.77	-1123
18880	-4.91	-4.91	-4.75	-57.72	2049
18890	-4.99	-4.99	-5.14	-22.3	5796
18900	-4.89	-4.89	-5.16	15.11	7039
18910	-4.57	-4.57	-4.93	40.89	8690
18920	-4.1	-4.1	-4.49	54.52	8095
18930	-3.45	-3.45	-3.95	61.33	7102
18940	-2.69	-2.69	-3.32	65.43	6077
18950	-1.81	-1.81	-2.63	65.43	5091
18960	-0.84	-0.84	-1.88	89.22	4025
18970	0.14	0.14	-1.08	75.49	3094
18980	1.12	1.12	-0.24	81.77	2538
18990	2.06	2.06	0.65	81.77	2103
19000	2.92	2.92	1.53	81.77	1986
19010	3.67	3.67	2.41	89.22	1907
19020	4.28	4.28	3.3	89.22	1727
19030	4.71	4.71	4.14	81.77	764
19040	4.95	4.95	4.81	51.64	-2232
19050	5	5	5.18	16.63	-5631
19060	4.85	4.85	5.16	-27.26	-7412
19070	4.51	4.51	4.81	-51.64	-6019
19080	4	4	4.34	-57.72	-3864
19090	3.32	3.32	3.71	-75.49	-4033
19100	2.51	2.51	3.08	-65.43	-5135
19110	1.59	1.59	2.32	-75.49	-4105
19120	0.63	0.63	1.51	-81.77	-3800
19130	-0.37	-0.37	0.79	-75.49	-3548
19140	-1.35	-1.35	0.06	-81.77	-2910
19150	-2.3	-2.3	-0.69	-89.22	-2083
19160	-3.14	-3.14	-1.51	-89.22	-1842
19170	-3.85	-3.85	-2.43	-98.14	-1792
19180	-4.4	-4.4	-3.34	-89.22	-1587
19190	-4.79	-4.79	-4.2	-81.77	-560
19200	-4.97	-4.97	-4.91	-51.64	4798
19210	-4.97	-4.97	-5.2	-8.46	8183
19220	-4.75	-4.75	-5.1	30.67	8861
19230	-4.34	-4.34	-4.73	57.72	8175
19240	-3.75	-3.75	-4.2	65.43	6612
19250	-3.02	-3.02	-3.59	61.33	5870
19260	-2.16	-2.16	-2.94	75.49	5585
19270	-1.22	-1.22	-2.22	81.77	4464
19280	-0.22	-0.22	-1.39	81.77	3417
19290	0.79	0.79	-0.57	89.22	2656
19300	1.77	1.77	0.29	98.14	2169
19310	2.67	2.67	1.2	98.14	1967
19320	3.45	3.45	2.08	81.77	1858
19330	4.12	4.12	2.96	81.77	1759
19340	4.61	4.61	3.85	89.22	1235
19350	4.91	4.91	4.61	70.09	-1351
19360	5	5	5.1	24.53	-6426
19370	4.91	4.91	5.14	-12.12	-6932
19380	4.59	4.59	4.91	-37.75	-8029
19390	4.1	4.1	4.49	-54.52	-7942
19400	3.43	3.43	3.95	-57.72	-6881
19410	2.63	2.63	3.32	-65.43	-6071
19420	1.73	1.73	2.61	-75.49	-4848
19430	0.75	0.75	1.84	-81.77	-3967
19440	-0.27	-0.27	1.02	-89.22	-3064
19450	-1.28	-1.28	0.14	-89.22	-2439
19460	-2.24	-2.24	-0.75	-81.77	-2035
19470	-3.08	-3.08	-1.65	-89.22	-1854
19480	-3.83	-3.83	-2.55	-89.22	-1816
19490	-4.4	-4.4	-3.43	-89.22	-1544
19500	-4.79	-4.79	-4.28	-81.77	-41
19510	-4.97	-4.97	-4.95	-46.73	5111
19520	-4.95	-4.95	-5.2	-8.04	8373
19530	-4.73	-4.73	-5.06	33.84	8216
19540	-4.32	-4.32	-4.69	51.64	7830
19550	-3.71	-3.71	-4.18	65.43	6882
19560	-2.94	-2.94	-3.57	75.49	6210
19570	-2.06	-2.06	-2.75	75.49	3754
19580	-1.1	-1.1	-1.96	81.77	3727
19590	-0.08	-0.08	-1.02	81.77	4554
19600	0.94	0.94	-0.16	98.14	3529
19610	1.92	1.92	0.55	89.22	2703
19620	2.83	2.83	1.26	98.14	2143
19630	3.61	3.61	1.96	81.77	1848
19640	4.24	4.24	2.79	89.22	1782
19650	4.69	4.69	3.69	81.77	1478
19660	4.95	4.95	4.53	75.49	-1048
19670	5	5	5.1	31.65	-7726
19680	4.85	4.85	5.2	-17.21	-10073
19690	4.47	4.47	4.89	-51.64	-9011
19700	3.93	3.93	4.38	-65.43	-6585
19710	3.2	3.2	3.79	-61.33	-6197
19720	2.34	2.34	3.14	-70.09	-5550
19730	1.37	1.37	2.39	-81.77	-4497
19740	0.35	0.35	1.59	-75.49	-3433
19750	-0.67	-0.67	0.73	-89.22	-2557
19760	-1.67	-1.67	-0.16	-89.22	-2093
19770	-2.61	-2.61	-1.06	-89.22	-1826
19780	-3.42	-3.42	-1.96	-89.22	-1771
19790	-4.1	-4.1	-2.87	-81.77	-1691
19800	-4.59	-4.59	-3.77	-89.22	-1248
19810	-4.91	-4.91	-4.57	-70.09	1406
19820	-4.99	-4.99	-5.1	-25.83	7924
19830	-4.87	-4.87	-5.14	16.93	8437
19840	-4.53	-4.53	-4.87	44.61	7994
19850	-4	-4	-4.42	57.72	7483
19860	-3.3	-3.3	-3.87	70.09	6690
19870	-2.45	-2.45	-3.22	70.09	5754
19880	-1.51	-1.51	-2.49	75.49	4550
19890	-0.49	-0.49	-1.71	98.14	3415
19900	0.55	0.55	-0.86	81.77	2650
19910	1.57	1.57	0.02	89.22	2109
19920	2.53	2.53	0.9	89.22	1869
19930	3.36	3.36	1.81	81.77	1835
19940	4.06	4.06	2.71	89.22	1801
19950	4.57	4.57	3.59	98.14	1445
19960	4.91	4.91	4.44	81.77	-353
19970	5	5	5.04	36.35	-6754
19980	4.91	4.91	5.16	0	-7660
19990	4.57	4.57	4.97	-46.73	-9216
20000	4.06	4.06	4.51	-61.33	-7979
20010	3.36	3.36	3.93	-65.43	-6535
20020	2.51	2.51	3.26	-70.09	-5570
20030	1.55	1.55	2.55	-75.49	-4712
20040	0.53	0.53	1.75	-89.22	-3467
20050	-0.53	-0.53	0.88	-81.77	-2681
20060	-1.55	-1.55	-0.1	-89.22	-1979
20070	-2.51	-2.51	-1.04	-89.22	-1840
20080	-3.36	-3.36	-1.81	-89.22	-1773
20090	-4.04	-4.04	-2.71	-89.22	-1732
20100	-4.57	-4.57	-3.61	-89.22	-1415
20110	-4.89	-4.89	-4.46	-81.77	687
20120	-4.99	-4.99	-5.06	-36.35	7666
20130	-4.87	-4.87	-5.18	14.43	9668
20140	-4.53	-4.53	-4.85	54.52	5544
20150	-4	-4	-4.42	57.72	7894
20160	-3.28	-3.28	-3.89	70.09	6721
20170	-2.41	-2.41	-3.22	75.49	5348
20180	-1.45	-1.45	-2.47	75.49	4154
20190	-0.41	-0.41	-1.67	75.49	3329
20200	0.65	0.65	-0.82	89.22	2544
20210	1.67	1.67	0.06	98.14	1980
20220	2.63	2.63	0.96	89.22	1840
20230	3.45	3.45	1.84	89.22	1797
20240	4.14	4.14	2.75	81.77	1789
20250	4.65	4.65	3.65	89.22	1550
20260	4.93	4.93	4.49	81.77	-904
20270	5	5	5.06	30.67	-7569
20280	4.85	4.85	5.16	-16.93	-9515
20290	4.47	4.47	4.87	-46.73	-8982
20300	3.91	3.91	4.36	-61.33	-6976
20310	3.16	3.16	3.77	-61.33	-6434
20320	2.26	2.26	3.1	-81.77	-5319
20330	1.28	1.28	2.34	-81.77	-4225
20340	0.22	0.22	1.51	-81.77	-3156
20350	-0.84	-0.84	0.65	-98.14	-2345
20360	-1.86	-1.86	-0.26	-98.14	-1976
20370	-2.81	-2.81	-1.16	-89.22	-1801
20380	-3.61	-3.61	-2.06	-98.14	-1720
20390	-4.26	-4.26	-2.96	-89.22	-1676
20400	-4.71	-4.71	-3.87	-89.22	-1215
20410	-4.95	-4.95	-4.67	-75.49	2614
20420	-4.97	-4.97	-5.16	-25.17	8714
20430	-4.75	-4.75	-5.18	27.26	11013
20440	-4.32	-4.32	-4.81	61.33	9309
20450	-3.69	-3.69	-4.22	65.43	5768
20460	-2.89	-2.89	-3.59	70.09	5534
20470	-1.96	-1.96	-2.89	75.49	5050
20480	-0.94	-0.94	-2.12	81.77	3770
20490	0.14	0.14	-1.28	89.22	2822
20500	1.2	1.2	-0.41	89.22	2161
20510	2.2	2.2	0.49	89.22	1863
20520	3.1	3.1	1.59	89.22	1868
20530	3.87	3.87	2.32	89.22	1844
20540	4.46	4.46	3.18	89.22	1781
20550	4.85	4.85	4.06	89.22	1053
20560	5	5	4.91	51.64	-5092
20570	4.93	4.93	5.22	0	-8981
20580	4.63	4.63	4.93	-49.07	-4774
20590	4.12	4.12	4.53	-61.33	-7730
20600	3.42	3.42	4.02	-70.09	-6045
20610	2.55	2.55	3.34	-75.49	-5247
20620	1.57	1.57	2.61	-75.49	-4422
20630	0.53	0.53	1.79	-81.77	-3317
20640	-0.55	-0.55	0.9	-89.22	-2478
20650	-1.61	-1.61	0.04	-89.22	-1973
20660	-2.59	-2.59	-0.86	-89.22	-1833
20670	-3.43	-3.43	-1.77	-89.22	-1762
20680	-4.14	-4.14	-2.69	-81.77	-1684
20690	-4.65	-4.65	-3.59	-98.14	-1532
20700	-4.93	-4.93	-4.46	-81.77	1031
20710	-4.99	-4.99	-5.08	-35.05	9222
20720	-4.81	-4.81	-5.16	20.04	10922
20730	-4.4	-4.4	-4.85	57.72	9520
20740	-3.79	-3.79	-4.32	65.43	6449
20750	-2.98	-2.98	-3.67	70.09	5917
20760	-2.06	-2.06	-2.98	81.77	4834
20770	-1.02	-1.02	-2.2	81.77	3707
20780	0.06	0.06	-1.37	89.22	2829
20790	1.14	1.14	-0.49	81.77	2174
20800	2.16	2.16	0.41	89.22	1908
20810	3.08	3.08	1.3	89.22	1811
20820	3.87	3.87	2.2	89.22	1820
20830	4.46	4.46	3.14	89.22	1819
20840	4.85	4.85	4.02	89.22	1087
20850	5	5	4.81	70.09	-3352
20860	4.93	4.93	5.2	0	-12429
20870	4.61	4.61	5	-46.73	-9962
20880	4.08	4.08	4.53	-61.33	-7630
20890	3.36	3.36	3.95	-75.49	-6423
20900	2.47	2.47	3.26	-70.09	-5384
20910	1.45	1.45	2.51	-75.49	-4377
20920	0.39	0.39	1.69	-81.77	-3231
20930	-0.71	-0.71	0.8	-89.22	-2274
20940	-1.77	-1.77	-0.1	-81.77	-1859
20950	-2.75	-2.75	-1	-89.22	-1732
20960	-3.59	-3.59	-1.9	-89.22	-1671
20970	-4.26	-4.26	-2.83	-89.22	-1727
20980	-4.73	-4.73	-3.73	-81.77	-1364
20990	-4.97	-4.97	-4.59	-81.77	1370
21000	-4.97	-4.97	-5.16	-29.74	10250
21010	-4.73	-4.73	-5.2	24.53	12115
21020	-4.26	-4.26	-4.81	51.64	9884
21030	-3.57	-3.57	-4.2	65.43	6124
21040	-2.73	-2.73	-3.51	65.43	5018
21050	-1.75	-1.75	-2.79	81.77	4260
21060	-0.69	-0.69	-1.98	89.22	3292
21070	0.41	0.41	-1.1	89.22	2451
21080	1.49	1.49	-0.14	89.22	1950
21090	2.51	2.51	0.69	89.22	1824
21100	3.4	3.4	1.59	89.22	1769
21110	4.12	4.12	2.45	89.22	1768
21120	4.65	4.65	3.36	89.22	1776
21130	4.95	4.95	4.24	81.77	738
21140	5	5	4.99	49.07	-7625
21150	4.81	4.81	5.16	-17.84	-9779
21160	4.4	4.4	4.83	-57.72	-9672
21170	3.77	3.77	4.34	-65.43	-7011
21180	2.94	2.94	3.69	-65.43	-5502
21190	1.98	1.98	2.96	-81.77	-4519
21200	0.92	0.92	2.16	-75.49	-3420
21210	-0.2	-0.2	1.3	-98.14	-2562
21220	-1.3	-1.3	0.41	-98.14	-2026
21230	-2.32	-2.32	-0.49	-89.22	-1755
21240	-3.24	-3.24	-1.41	-89.22	-1720
21250	-4	-4	-2.32	-89.22	-1724
21260	-4.55	-4.55	-3.22	-98.14	-1663
21270	-4.89	-4.89	-4.12	-89.22	-559
21280	-4.99	-4.99	-4.89	-54.52	6351
21290	-4.83	-4.83	-5.2	0.14	13011
21300	-4.44	-4.44	-4.93	51.64	10448
21310	-3.83	-3.83	-4.38	70.09	6448
21320	-3.02	-3.02	-3.75	70.09	5585
21330	-2.06	-2.06	-3.04	75.49	4782
21340	-1	-1	-2.26	81.77	3584
21350	0.1	0.1	-1.39	89.22	2609
21360	1.22	1.22	-0.53	98.14	2054
21370	2.26	2.26	0.37	98.14	1818
21380	3.2	3.2	1.28	89.22	1762
21390	3.96	3.96	2.18	89.22	1772
21400	4.55	4.55	3.08	98.14	1756
21410	4.91	4.91	3.96	81.77	1266
21420	5	5	4.79	75.49	-4102
21430	4.87	4.87	5.2	0	-13625
21440	4.47	4.47	4.99	-46.73	-11538
21450	3.87	3.87	4.46	-75.49	-7133
21460	3.06	3.06	3.79	-65.43	-5527
21470	2.1	2.1	3.08	-75.49	-4730
21480	1.04	1.04	2.3	-81.77	-3449
21490	-0.08	-0.08	1.43	-89.22	-2594
21500	-1.2	-1.2	0.53	-98.14	-2016
21510	-2.26	-2.26	-0.37	-89.22	-1745
21520	-3.18	-3.18	-1.28	-89.22	-1719
21530	-3.96	-3.96	-2.2	-89.22	-1710
21540	-4.55	-4.55	-3.1	-81.77	-1714
21550	-4.89	-4.89	-4.02	-98.14	-1058
21560	-4.99	-4.99	-4.85	-65.43	6631
21570	-4.83	-4.83	-5.2	13.63	11800
21580	-4.44	-4.44	-4.87	51.64	5608
21590	-3.81	-3.81	-4.24	70.09	3404
21600	-2.98	-2.98	-3.59	70.09	5382
21610	-2	-2	-2.85	75.49	4687
21620	-0.92	-0.92	-2	81.77	3983
21630	0.2	0.2	-1.33	81.77	3095
21640	1.32	1.32	-0.57	89.22	2281
21650	2.37	2.37	0.16	81.77	1881
21660	3.3	3.3	0.94	89.22	1712
21670	4.06	4.06	1.84	81.77	1743
21680	4.61	4.61	2.75	89.22	1729
21690	4.95	4.95	3.65	89.22	1568
21700	5	5	4.53	98.14	-1198
21710	4.81	4.81	5.16	28.86	-14352
21720	4.38	4.38	5.06	-42.66	-13968
21730	3.71	3.71	4.47	-70.09	-7167
21740	2.85	2.85	3.75	-81.77	-4430
21750	1.84	1.84	2.96	-81.77	-3648
21760	0.75	0.75	2.1	-98.14	-2779
21770	-0.39	-0.39	1.26	-75.49	-2286
21780	-1.49	-1.49	0.35	-98.14	-1795
21790	-2.53	-2.53	-0.57	-89.22	-1731
21800	-3.45	-3.45	-1.47	-98.14	-1699
21810	-4.18	-4.18	-2.39	-89.22	-1680
21820	-4.69	-4.69	-3.3	-98.14	-1621
21830	-4.95	-4.95	-4.2	-81.77	-363
21840	-4.97	-4.97	-4.95	-49.07	8677
21850	-4.71	-4.71	-5.18	0	14001
21860	-4.22	-4.22	-4.85	61.33	11264
21870	-3.49	-3.49	-4.24	70.09	5894
21880	-2.59	-2.59	-3.51	75.49	4548
21890	-1.55	-1.55	-2.73	75.49	3649
21900	-0.43	-0.43	-1.9	81.77	2788
21910	0.71	0.71	-1.02	89.22	2172
21920	1.81	1.81	-0.12	98.14	1865
21930	2.83	2.83	0.77	98.14	1776
21940	3.69	3.69	1.67	89.22	1715
21950	4.38	4.38	2.57	98.14	1737
21960	4.81	4.81	3.47	98.14	1639
21970	5	5	4.36	98.14	-15
21980	4.93	4.93	5.04	35.05	-13240
21990	4.59	4.59	5.04	-31.65	-12381
22000	4.02	4.02	4.61	-61.33	-8871
22010	3.24	3.24	3.96	-75.49	-5978
22020	2.28	2.28	3.24	-75.49	-4544
22030	1.2	1.2	2.45	-81.77	-3540
22040	0.06	0.06	1.59	-89.22	-2671
22050	-1.08	-1.08	0.69	-98.14	-1982
22060	-2.18	-2.18	-0.22	-89.22	-1734
22070	-3.14	-3.14	-1.32	-89.22	-1661
22080	-3.95	-3.95	-2.16	-89.22	-1725
22090	-4.55	-4.55	-2.96	-98.14	-1680
22100	-4.91	-4.91	-3.87	-89.22	-1312
22110	-4.99	-4.99	-4.73	-75.49	4283
22120	-4.81	-4.81	-5.2	-14.02	15045
22130	-4.38	-4.38	-5	49.07	12728
22140	-3.71	-3.71	-4.36	75.49	5584
22150	-2.83	-2.83	-3.71	70.09	4741
22160	-1.81	-1.81	-2.89	89.22	3897
22170	-0.69	-0.69	-2.08	81.77	3018
22180	0.47	0.47	-1.24	81.77	2222
22190	1.61	1.61	-0.35	98.14	1880
22200	2.65	2.65	0.55	81.77	1795
22210	3.55	3.55	1.45	89.22	1724
22220	4.28	4.28	2.36	89.22	1763
22230	4.77	4.77	3.26	98.14	1737
22240	4.99	4.99	4.14	89.22	829
22250	4.95	4.95	4.91	49.07	-9254
22260	4.65	4.65	5.1	-11.42	-13787
22270	4.08	4.08	4.77	-54.52	-11520
22280	3.32	3.32	4.12	-70.09	-5804
22290	2.36	2.36	3.38	-81.77	-4289
22300	1.28	1.28	2.55	-81.77	-3268
22310	0.12	0.12	1.69	-89.22	-2536
22320	-1.04	-1.04	0.79	-89.22	-1991
22330	-2.14	-2.14	-0.12	-89.22	-1701
22340	-3.14	-3.14	-1.04	-89.22	-1686
22350	-3.95	-3.95	-1.94	-98.14	-1686
22360	-4.55	-4.55	-2.87	-98.14	-1679
22370	-4.91	-4.91	-3.77	-89.22	-1319
22380	-4.99	-4.99	-4.67	-81.77	3308
22390	-4.79	-4.79	-5.2	-18.17	14508
22400	-4.34	-4.34	-5.02	54.52	13290
22410	-3.65	-3.65	-4.42	70.09	6280
22420	-2.75	-2.75	-3.69	75.49	4387
22430	-1.71	-1.71	-2.9	75.49	3558
22440	-0.57	-0.57	-2.08	81.77	2845
22450	0.61	0.61	-1.2	98.14	2125
22460	1.75	1.75	-0.29	89.22	1839
22470	2.79	2.79	0.61	98.14	1751
22480	3.69	3.69	1.51	89.22	1747
22490	4.38	4.38	2.41	98.14	1716
22500	4.83	4.83	3.3	98.14	1751
22510	5	5	4.2	89.22	709
22520	4.91	4.91	4.95	36.35	-12402
22530	4.55	4.55	4.99	-28.86	-12812
22540	3.93	3.93	4.57	-61.33	-9636
22550	3.1	3.1	3.91	-75.49	-5857
22560	2.1	2.1	3.14	-75.49	-4164
22570	0.96	0.96	2.2	-89.22	-2946
22580	-0.2	-0.2	1.26	-81.77	-2183
22590	-1.37	-1.37	0.35	-81.77	-1807
22600	-2.45	-2.45	-0.57	-98.14	-1652
22610	-3.42	-3.42	-1.37	-98.14	-1690
22620	-4.16	-4.16	-2.18	-98.14	-1688
22630	-4.69	-4.69	-3.08	-89.22	-1680
22640	-4.97	-4.97	-4.08	-89.22	-1092
22650	-4.95	-4.95	-4.83	-61.33	8156
22660	-4.65	-4.65	-5.14	0	14650
22670	-4.1	-4.1	-4.83	54.52	11663
22680	-3.32	-3.32	-4.18	75.49	5615
22690	-2.36	-2.36	-3.4	81.77	4157
22700	-1.24	-1.24	-2.61	75.49	3247
22710	-0.06	-0.06	-1.75	81.77	2291
22720	1.12	1.12	-0.86	81.77	1891
22730	2.24	2.24	0.04	89.22	1747
22740	3.22	3.22	0.94	89.22	1724
22750	4.04	4.04	1.84	89.22	1710
22760	4.63	4.63	2.75	81.77	1728
22770	4.95	4.95	3.65	89.22	1596
22780	4.99	4.99	4.53	81.77	-1590
22790	4.75	4.75	5.14	26.52	-13771
22800	4.24	4.24	5	-46.73	-14258
22810	3.49	3.49	4.38	-81.77	-6651
22820	2.55	2.55	3.61	-81.77	-3928
22830	1.45	1.45	2.79	-81.77	-2981
22840	0.29	0.29	1.9	-81.77	-2319
22850	-0.9	-0.9	1	-89.22	-1816
22860	-2.04	-2.04	0.1	-89.22	-1651
22870	-3.06	-3.06	-0.82	-98.14	-1652
22880	-3.91	-3.91	-1.73	-89.22	-1644
22890	-4.53	-4.53	-2.65	-98.14	-1649
22900	-4.91	-4.91	-3.57	-98.14	-1535
22910	-4.99	-4.99	-4.46	-81.77	780
22920	-4.79	-4.79	-5.14	-29.74	13807
22930	-4.3	-4.3	-5.06	44.61	14631
22940	-3.57	-3.57	-4.47	70.09	6894
22950	-2.65	-2.65	-3.71	81.77	3887
22960	-1.55	-1.55	-2.89	98.14	2980
22970	-0.37	-0.37	-2.02	98.14	2338
22980	0.82	0.82	-1.14	89.22	1891
22990	1.96	1.96	-0.24	98.14	1785
23000	3	3	0.71	89.22	1743
23010	3.89	3.89	1.57	81.77	1722
23020	4.51	4.51	2.47	98.14	1753
23030	4.91	4.91	3.38	81.77	1690
23040	5	5	4.28	89.22	994
23050	4.81	4.81	5.04	46.73	-12020
23060	4.36	4.36	4.99	-54.52	-12230
23070	3.63	3.63	4.46	-70.09	-7729
23080	2.69	2.69	3.79	-75.49	-4620
23090	1.61	1.61	2.96	-89.22	-2908
23100	0.43	0.43	2.08	-89.22	-2247
23110	-0.79	-0.79	1.18	-89.22	-1781
23120	-1.94	-1.94	0.26	-89.22	-1626
23130	-2.98	-2.98	-0.65	-98.14	-1624
23140	-3.87	-3.87	-1.57	-98.14	-1615
23150	-4.51	-4.51	-2.49	-98.14	-1658
23160	-4.89	-4.89	-3.4	-89.22	-1560
23170	-4.99	-4.99	-4.3	-89.22	201
23180	-4.79	-4.79	-5.06	-44.61	13568
23190	-4.32	-4.32	-5.1	37.75	15005
23200	-3.57	-3.57	-4.53	75.49	7744
23210	-2.63	-2.63	-3.77	81.77	3908
23220	-1.53	-1.53	-2.92	81.77	2756
23230	-0.33	-0.33	-2.06	89.22	2184
23240	0.86	0.86	-1.16	89.22	1863
23250	2.04	2.04	-0.24	89.22	1731
23260	3.08	3.08	0.65	89.22	1723
23270	3.95	3.95	1.55	98.14	1691
23280	4.57	4.57	2.43	89.22	1745
23290	4.93	4.93	3.34	89.22	1702
23300	5	5	4.24	89.22	1091
23310	4.77	4.77	5.04	46.73	-12395
23320	4.26	4.26	5.08	-39.25	-15310
23330	3.51	3.51	4.51	-75.49	-7673
23340	2.53	2.53	3.73	-89.22	-3949
23350	1.41	1.41	2.89	-98.14	-2617
23360	0.22	0.22	1.98	-89.22	-1997
23370	-1	-1	1.08	-89.22	-1716
23380	-2.16	-2.16	0.16	-98.14	-1591
23390	-3.18	-3.18	-0.75	-89.22	-1636
23400	-4.02	-4.02	-1.67	-98.14	-1599
23410	-4.61	-4.61	-2.59	-89.22	-1649
23420	-4.95	-4.95	-3.49	-89.22	-1524
23430	-4.97	-4.97	-4.44	-89.22	934
23440	-4.69	-4.69	-5.1	-33.84	13609
23450	-4.12	-4.12	-5.04	44.61	15022
23460	-3.32	-3.32	-4.38	75.49	6635
23470	-2.32	-2.32	-3.57	75.49	3310
23480	-1.18	-1.18	-2.71	89.22	2320
23490	0.06	0.06	-1.83	98.14	1970
23500	1.26	1.26	-0.92	98.14	1770
23510	2.41	2.41	-0.02	89.22	1743
23520	3.4	3.4	0.88	98.14	1697
23530	4.2	4.2	1.79	89.22	1699
23540	4.73	4.73	2.65	98.14	1712
23550	4.99	4.99	3.59	98.14	1624
23560	4.95	4.95	4.47	81.77	-2464
23570	4.59	4.59	5.08	0	49851
23580	3.96	3.96	4.77	-70.09	-11012
23590	3.1	3.1	4.08	-81.77	-5672
23600	2.06	2.06	3.43	-81.77	-3575
23610	0.88	0.88	2.59	-98.14	-2337
23620	-0.35	-0.35	1.69	-89.22	-1708
23630	-1.57	-1.57	0.8	-89.22	-1558
23640	-2.69	-2.69	-0.22	-89.22	-1614
23650	-3.63	-3.63	-1.06	-89.22	-1606
23660	-4.36	-4.36	-1.98	-89.22	-1625
23670	-4.83	-4.83	-2.87	-81.77	-1614
23680	-4.99	-4.99	-3.81	-81.77	-1371
23690	-4.85	-4.85	-4.67	-57.72	11238
23700	-4.42	-4.42	-4.91	11.82	15390
23710	-3.71	-3.71	-4.53	61.33	11331
23720	-2.77	-2.77	-3.85	75.49	5384
23730	-1.67	-1.67	-3.02	81.77	3224
23740	-0.45	-0.45	-2.16	81.77	2216
23750	0.79	0.79	-1.26	89.22	1832
23760	1.98	1.98	-0.35	98.14	1710
23770	3.06	3.06	0.55	89.22	1722
23780	3.95	3.95	1.45	98.14	1716
23790	4.57	4.57	2.36	98.14	1724
23800	4.95	4.95	3.26	98.14	1737
23810	4.99	4.99	4.16	89.22	1299
23820	4.73	4.73	4.95	40.89	-11943
23830	4.2	4.2	4.97	-32.71	-15140
23840	3.4	3.4	4.4	-70.09	-8067
23850	2.37	2.37	3.61	-89.22	-3909
23860	1.2	1.2	2.77	-98.14	-2554
23870	-0.04	-0.04	1.86	-98.14	-1907
23880	-1.28	-1.28	0.94	-89.22	-1619
23890	-2.43	-2.43	0.04	-81.77	-1566
23900	-3.43	-3.43	-0.88	-98.14	-1639
23910	-4.22	-4.22	-1.81	-89.22	-1617
23920	-4.75	-4.75	-2.73	-89.22	-1619
23930	-4.99	-4.99	-3.63	-98.14	-1521
23940	-4.91	-4.91	-4.51	-81.77	4979
23950	-4.51	-4.51	-5.04	-19.63	14393
23960	-3.85	-3.85	-4.83	61.33	13685
23970	-2.92	-2.92	-4.12	81.77	5642
23980	-1.83	-1.83	-3.28	89.22	2894
23990	-0.61	-0.61	-2.39	98.14	2036
24000	0.63	0.63	-1.51	89.22	1801
24010	1.84	1.84	-0.61	89.22	1700
24020	2.94	2.94	0.29	98.14	1728
24030	3.87	3.87	1.2	89.22	1729
24040	4.53	4.53	2.1	98.14	1732
24050	4.93	4.93	3	109.03	1729
24060	5	5	3.91	109.03	1551
24070	4.77	4.77	4.85	46.73	-12842
24080	4.22	4.22	4.83	-40.89	-12857
24090	3.42	3.42	4.18	-70.09	-5167
24100	2.39	2.39	3.42	-81.77	-4437
24110	1.22	1.22	2.55	-81.77	-3365
24120	-0.04	-0.04	1.61	-89.22	-2296
24130	-1.28	-1.28	0.71	-98.14	-1741
24140	-2.45	-2.45	-0.26	-98.14	-1612
24150	-3.45	-3.45	-1.02	-89.22	-1624
24160	-4.26	-4.26	-1.75	-98.14	-1594
24170	-4.77	-4.77	-2.49	-98.14	-1598
24180	-4.99	-4.99	-3.34	-89.22	-1651
24190	-4.89	-4.89	-4.34	-75.49	3033
24200	-4.47	-4.47	-4.91	-37.75	12567
24210	-3.77	-3.77	-4.85	49.07	15084
24220	-2.83	-2.83	-4.2	75.49	6557
24230	-1.69	-1.69	-3.36	98.14	2867
24240	-0.45	-0.45	-2.47	98.14	1917
24250	0.8	0.8	-1.57	89.22	1761
24260	2.02	2.02	-0.67	89.22	1713
24270	3.1	3.1	0.24	98.14	1729
24280	4	4	1.14	81.77	1742
24290	4.63	4.63	2.04	89.22	1692
24300	4.97	4.97	2.94	89.22	1726
24310	4.99	4.99	3.85	81.77	1566
24320	4.67	4.67	4.71	57.72	-10132
24330	4.06	4.06	4.89	-22.81	49766
24340	3.2	3.2	4.4	-75.49	-9254
24350	2.12	2.12	3.61	-81.77	-4016
24360	0.92	0.92	2.73	-89.22	-2251
24370	-0.35	-0.35	1.81	-98.14	-1712
24380	-1.61	-1.61	0.9	-89.22	-1568
24390	-2.75	-2.75	-0.02	-98.14	-1512
24400	-3.71	-3.71	-0.94	-89.22	-1589
24410	-4.44	-4.44	-1.86	-81.77	-1588
24420	-4.87	-4.87	-2.77	-98.14	-1678
24430	-4.99	-4.99	-3.69	-89.22	-1427
24440	-4.77	-4.77	-4.55	-65.43	11188
24450	-4.26	-4.26	-4.83	0	15513
24460	-3.45	-3.45	-4.46	65.43	10791
24470	-2.43	-2.43	-3.73	89.22	4853
24480	-1.24	-1.24	-2.89	81.77	2763
24490	0.02	0.02	-2	98.14	1981
24500	1.3	1.3	-1.1	98.14	1755
24510	2.47	2.47	-0.2	89.22	1679
24520	3.49	3.49	0.71	89.22	1719
24530	4.3	4.3	1.61	89.22	1734
24540	4.81	4.81	2.51	89.22	1735
24550	5	5	3.42	89.22	1715
24560	4.89	4.89	4.3	81.77	-3071
24570	4.44	4.44	4.97	0	-15481
24580	3.69	3.69	4.63	-70.09	-11409
24590	2.71	2.71	3.98	-89.22	-5347
24600	1.53	1.53	3.3	-89.22	-3076
24610	0.27	0.27	2.47	-89.22	-1974
24620	-1	-1	1.55	-89.22	-1599
24630	-2.22	-2.22	0.63	-98.14	-1595
24640	-3.3	-3.3	-0.27	-81.77	-1606
24650	-4.14	-4.14	-1.2	-98.14	-1603
24660	-4.71	-4.71	-2.2	-89.22	-1636
24670	-4.99	-4.99	-3.04	-89.22	-1681
24680	-4.91	-4.91	-3.95	-81.77	-760
24690	-4.51	-4.51	-4.77	-57.72	11670
24700	-3.81	-3.81	-4.93	30.67	15369
24710	-2.87	-2.87	-4.36	70.09	7801
24720	-1.73	-1.73	-3.53	98.14	3104
24730	-0.45	-0.45	-2.63	98.14	1899
24740	0.82	0.82	-1.75	81.77	1711
24750	2.06	2.06	-0.82	98.14	1654
24760	3.16	3.16	0.08	98.14	1698
24770	4.06	4.06	0.98	98.14	1703
24780	4.67	4.67	1.88	89.22	1683
24790	4.99	4.99	2.79	98.14	1720
24800	4.95	4.95	3.67	89.22	1623
24810	4.59	4.59	4.53	61.33	-10292
24820	3.93	3.93	4.71	-28.04	-14907
24830	3	3	4.22	-75.49	-9050
24840	1.86	1.86	3.43	-81.77	-3905
24850	0.61	0.61	2.55	-81.77	-2214
24860	-0.69	-0.69	1.63	-98.14	-1714
24870	-1.94	-1.94	0.73	-89.22	-1557
24880	-3.06	-3.06	-0.2	-89.22	-1578
24890	-3.96	-3.96	-1.12	-89.22	-1645
24900	-4.61	-4.61	-2.04	-98.14	-1627
24910	-4.95	-4.95	-2.94	-89.22	-1633
24920	-4.95	-4.95	-3.87	-81.77	-1452
24930	-4.61	-4.61	-4.73	-61.33	11325
24940	-3.95	-3.95	-4.93	22.81	15792
24950	-3.02	-3.02	-4.4	81.77	8344
24960	-1.9	-1.9	-3.59	98.14	3295
24970	-0.65	-0.65	-2.69	89.22	1993
24980	0.67	0.67	-1.81	89.22	1728
24990	1.92	1.92	-0.9	81.77	1662
25000	3.06	3.06	0.02	89.22	1700
25010	3.98	3.98	0.92	89.22	1686
25020	4.63	4.63	1.81	81.77	1727
25030	4.97	4.97	2.73	89.22	1700
25040	4.97	4.97	3.61	81.77	1604
25050	4.63	4.63	4.47	61.33	-10712
25060	3.96	3.96	4.67	-35.05	-14711
25070	3.04	3.04	4.12	-70.09	-8857
25080	1.9	1.9	3.45	-89.22	-4217
25090	0.65	0.65	2.57	-89.22	-2265
25100	-0.67	-0.67	1.67	-89.22	-1721
25110	-1.94	-1.94	0.75	-89.22	-1566
25120	-3.06	-3.06	-0.18	-98.14	-1510
25130	-3.98	-3.98	-1.1	-89.22	-1635
25140	-4.63	-4.63	-2	-89.22	-1568
25150	-4.95	-4.95	-2.92	-89.22	-1649
25160	-4.95	-4.95	-3.91	-89.22	-1411
25170	-4.57	-4.57	-4.77	-57.72	11181
25180	-3.91	-3.91	-4.99	16.36	15720
25190	-2.96	-2.96	-4.47	75.49	8730
25200	-1.81	-1.81	-3.51	81.77	3077
25210	-0.53	-0.53	-2.77	89.22	1920
25220	0.79	0.79	-1.86	89.22	1676
25230	2.06	2.06	-0.96	89.22	1663
25240	3.18	3.18	-0.06	98.14	1678
25250	4.08	4.08	0.84	89.22	1716
25260	4.69	4.69	1.75	98.14	1704
25270	4.99	4.99	2.65	98.14	1700
25280	4.93	4.93	3.55	89.22	1585
25290	4.53	4.53	4.4	57.72	-10761
25300	3.83	3.83	4.61	-15.83	-15192
25310	2.85	2.85	4.12	-70.09	-9379
25320	1.67	1.67	3.34	-89.22	-3976
25330	0.37	0.37	2.45	-89.22	-2200
25340	-0.94	-0.94	1.53	-89.22	-1689
25350	-2.2	-2.2	0.61	-98.14	-1583
25360	-3.3	-3.3	-0.29	-98.14	-1590
25370	-4.16	-4.16	-1.22	-81.77	-1666
25380	-4.75	-4.75	-2.14	-89.22	-1606
25390	-4.99	-4.99	-3.04	-89.22	-1711
25400	-4.87	-4.87	-3.95	-89.22	671
25410	-4.42	-4.42	-4.73	-51.64	12180
25420	-3.65	-3.65	-4.83	32.71	15653
25430	-2.63	-2.63	-4.24	75.49	7432
25440	-1.41	-1.41	-3.4	89.22	2860
25450	-0.1	-0.1	-2.51	81.77	1840
25460	1.22	1.22	-1.61	89.22	1715
25470	2.45	2.45	-0.71	89.22	1717
25480	3.51	3.51	0.2	81.77	1734
25490	4.34	4.34	1.1	89.22	1711
25500	4.85	4.85	2	89.22	1720
25510	5	5	2.9	81.77	1729
25520	4.83	4.83	3.79	81.77	-912
25530	4.3	4.3	4.55	51.64	-10628
25540	3.45	3.45	4.63	-35.05	-15388
25550	2.37	2.37	4.04	-75.49	-7399
25560	1.12	1.12	3.04	-89.22	-2624
25570	-0.2	-0.2	2.06	-89.22	-1647
25580	-1.51	-1.51	1.04	-98.14	-1496
25590	-2.73	-2.73	0.12	-89.22	-1564
25600	-3.73	-3.73	-0.73	-89.22	-1597
25610	-4.47	-4.47	-1.45	-89.22	-1616
25620	-4.91	-4.91	-2.3	-98.14	-1655
25630	-4.97	-4.97	-3.22	-98.14	-1654
25640	-4.69	-4.69	-4.1	-65.43	9832
25650	-4.06	-4.06	-4.51	-15.83	14431
25660	-3.16	-3.16	-4.26	57.72	12826
25670	-2	-2	-3.55	75.49	5310
25680	-0.73	-0.73	-2.69	89.22	2575
25690	0.63	0.63	-1.79	89.22	1771
25700	1.92	1.92	-0.88	81.77	1668
25710	3.08	3.08	0.02	89.22	1643
25720	4.02	4.02	0.92	89.22	1692
25730	4.67	4.67	1.83	81.77	1728
25740	4.99	4.99	2.73	89.22	1682
25750	4.95	4.95	3.63	81.77	1592
25760	4.53	4.53	4.47	61.33	-10595
25770	3.81	3.81	4.67	-21.34	-15220
25780	2.81	2.81	4.18	-70.09	-8994
25790	1.61	1.61	3.34	-89.22	-3758
25800	0.27	0.27	2.47	-89.22	-2106
25810	-1.06	-1.06	1.57	-89.22	-1678
25820	-2.34	-2.34	0.65	-98.14	-1552
25830	-3.43	-3.43	-0.27	-89.22	-1624
25840	-4.28	-4.28	-1.2	-98.14	-1609
25850	-4.81	-4.81	-2.1	-81.77	-1655
25860	-4.99	-4.99	-3.02	-81.77	-1652
25870	-4.81	-4.81	-3.93	-81.77	2443
25880	-4.28	-4.28	-4.63	-46.73	12020
25890	-3.43	-3.43	-4.69	36.35	15429
25900	-2.34	-2.34	-4.06	75.49	6852
25910	-1.06	-1.06	-3.22	81.77	2779
25920	0.29	0.29	-2.32	98.14	1767
25930	1.61	1.61	-1.41	89.22	1660
25940	2.83	2.83	-0.51	89.22	1672
25950	3.83	3.83	0.39	89.22	1683
25960	4.55	4.55	1.3	89.22	1742
25970	4.95	4.95	2.2	89.22	1741
25980	4.99	4.99	3.1	81.77	1718
25990	4.63	4.63	3.96	65.43	-9856
26000	3.96	3.96	4.36	14.87	-13996
26010	2.98	2.98	4.1	-61.33	-12973
26020	1.81	1.81	3.4	-81.77	-5622
26030	0.47	0.47	2.53	-89.22	-2705
26040	-0.88	-0.88	1.63	-89.22	-1743
26050	-2.18	-2.18	0.71	-98.14	-1538
26060	-3.3	-3.3	-0.22	-89.22	-1522
26070	-4.2	-4.2	-1.24	-89.22	-1584
26080	-4.77	-4.77	-2.12	-98.14	-1656
26090	-4.99	-4.99	-2.96	-89.22	-1620
26100	-4.85	-4.85	-3.91	-81.77	740
26110	-4.34	-4.34	-4.65	-54.52	11647
26120	-3.49	-3.49	-4.77	32.71	15564
26130	-2.39	-2.39	-4.16	81.77	7469
26140	-1.14	-1.14	-3.34	89.22	2917
26150	0.24	0.24	-2.37	89.22	1752
26160	1.57	1.57	-1.55	89.22	1651
26170	2.81	2.81	-0.63	98.14	1693
26180	3.83	3.83	0.29	89.22	1705
26190	4.55	4.55	1.2	89.22	1713
26200	4.95	4.95	2.1	89.22	1724
26210	4.97	4.97	3.12	98.14	1697
26220	4.63	4.63	3.85	61.33	-8593
26230	3.95	3.95	4.3	22.81	-12750
26240	2.94	2.94	4.1	-49.07	-14041
26250	1.75	1.75	3.42	-81.77	-5964
26260	0.39	0.39	2.57	-89.22	-2759
26270	-0.96	-0.96	1.61	-89.22	-1745
26280	-2.26	-2.26	0.71	-89.22	-1551
26290	-3.4	-3.4	-0.22	-89.22	-1523
26300	-4.26	-4.26	-1.14	-89.22	-1627
26310	-4.81	-4.81	-2.06	-98.14	-1571
26320	-4.99	-4.99	-2.96	-89.22	-1609
26330	-4.79	-4.79	-3.87	-89.22	2987
26340	-4.24	-4.24	-4.57	-49.07	11013
26350	-3.36	-3.36	-4.63	36.35	15507
26360	-2.24	-2.24	-4	81.77	7202
26370	-0.92	-0.92	-3.16	89.22	2872
26380	0.45	0.45	-2.28	98.14	1830
26390	1.79	1.79	-1.37	98.14	1703
26400	3	3	-0.45	89.22	1639
26410	3.98	3.98	0.45	98.14	1675
26420	4.65	4.65	1.35	89.22	1703
26430	4.99	4.99	2.26	89.22	1707
26440	4.93	4.93	3.16	98.14	1715
26450	4.49	4.49	4.02	54.52	-10945
26460	3.73	3.73	4.3	8.6	-14000
26470	2.67	2.67	3.95	-61.33	-11963
26480	1.41	1.41	3.2	-89.22	-4913
26490	0.06	0.06	2.32	-89.22	-2417
26500	-1.32	-1.32	1.39	-98.14	-1661
26510	-2.59	-2.59	0.49	-98.14	-1579
26520	-3.67	-3.67	-0.43	-89.22	-1586
26530	-4.46	-4.46	-1.35	-89.22	-1611
26540	-4.91	-4.91	-2.28	-89.22	-1677
26550	-4.97	-4.97	-3.18	-98.14	-1680
26560	-4.65	-4.65	-4.06	-65.43	10521
26570	-3.98	-3.98	-4.46	0.14	14933
26580	-3	-3	-4.04	70.09	9933
26590	-1.81	-1.81	-3.2	81.77	3938
26600	-0.45	-0.45	-2.26	98.14	2235
26610	0.94	0.94	-1.26	89.22	1768
26620	2.26	2.26	-0.24	89.22	1680
26630	3.4	3.4	0.67	89.22	1697
26640	4.28	4.28	1.45	98.14	1685
26650	4.83	4.83	2.22	89.22	1720
26660	5	5	2.94	89.22	1697
26670	4.81	4.81	3.67	81.77	-1353
26680	4.22	4.22	4.44	54.52	-10057
26690	3.32	3.32	4.53	-26.52	49827
26700	2.14	2.14	3.96	-75.49	-8121
26710	0.82	0.82	3.12	-89.22	-3034
26720	-0.59	-0.59	2.22	-89.22	-1802
26730	-1.92	-1.92	1.3	-98.14	-1533
26740	-3.12	-3.12	0.37	-98.14	-1495
26750	-4.08	-4.08	-0.55	-98.14	-1685
26760	-4.71	-4.71	-1.45	-98.14	-1638
26770	-4.99	-4.99	-2.37	-89.22	-1639
26780	-4.87	-4.87	-3.28	-98.14	-1585
26790	-4.36	-4.36	-4.16	-61.33	10751
26800	-3.51	-3.51	-4.4	0	15563
26810	-2.39	-2.39	-3.95	70.09	9655
26820	-1.08	-1.08	-3.14	98.14	3695
26830	0.31	0.31	-2.26	98.14	2013
26840	1.69	1.69	-1.35	89.22	1697
26850	2.92	2.92	-0.45	89.22	1706
26860	3.95	3.95	0.45	89.22	1711
26870	4.65	4.65	1.35	98.14	1708
26880	4.99	4.99	2.26	89.22	1743
26890	4.93	4.93	3.16	89.22	1734
26900	4.49	4.49	4.02	65.43	-11061
26910	3.69	3.69	4.32	-0.14	-14262
26920	2.61	2.61	3.95	-65.43	-11793
26930	1.32	1.32	3.2	-98.14	-4771
26940	-0.08	-0.08	2.32	-89.22	-2277
26950	-1.47	-1.47	1.39	-98.14	-1648
26960	-2.73	-2.73	0.47	-89.22	-1555
26970	-3.79	-3.79	-0.45	-98.14	-1541
26980	-4.55	-4.55	-1.35	-89.22	-1631
26990	-4.95	-4.95	-2.28	-89.22	-1687
27000	-4.95	-4.95	-3.2	-89.22	-1652
27010	-4.55	-4.55	-4.06	-65.43	11157
27020	-3.79	-3.79	-4.4	0	14790
27030	-2.73	-2.73	-4.04	61.33	11577
27040	-1.45	-1.45	-3.3	89.22	4358
27050	-0.06	-0.06	-2.41	89.22	2280
27060	1.33	1.33	-1.47	89.22	1687
27070	2.63	2.63	-0.51	89.22	1676
27080	3.73	3.73	0.37	89.22	1681
27090	4.51	4.51	1.24	98.14	1683
27100	4.95	4.95	2.1	98.14	1695
27110	4.99	4.99	3	81.77	1716
27120	4.61	4.61	3.87	61.33	-9249
27130	3.89	3.89	4.28	20.04	-12866
27140	2.85	2.85	4.04	-51.64	-13723
27150	1.57	1.57	3.32	-81.77	-5515
27160	0.18	0.18	2.49	-89.22	-2612
27170	-1.24	-1.24	1.57	-89.22	-1725
27180	-2.55	-2.55	0.67	-98.14	-1564
27190	-3.65	-3.65	-0.26	-89.22	-1593
27200	-4.46	-4.46	-1.18	-89.22	-1579
27210	-4.91	-4.91	-2.1	-98.14	-1623
27220	-4.97	-4.97	-3.02	-89.22	-1656
27230	-4.61	-4.61	-3.96	-51.64	9438
27240	-3.89	-3.89	-4.32	-16.93	13450
27250	-2.85	-2.85	-4.12	51.64	13736
27260	-1.59	-1.59	-3.42	81.77	5610
27270	-0.18	-0.18	-2.55	98.14	2525
27280	1.24	1.24	-1.65	81.77	1754
27290	2.55	2.55	-0.75	89.22	1651
27300	3.65	3.65	0.16	89.22	1675
27310	4.47	4.47	1.06	89.22	1688
27320	4.93	4.93	1.96	89.22	1681
27330	4.99	4.99	2.87	89.22	1671
27340	4.63	4.63	3.73	65.43	-8068
27350	3.91	3.91	4.22	26.52	-12295
27360	2.87	2.87	4.1	-40.89	-14258
27370	1.57	1.57	3.43	-81.77	-6513
27380	0.18	0.18	2.57	-89.22	-2701
27390	-1.26	-1.26	1.65	-98.14	-1739
27400	-2.57	-2.57	0.75	-89.22	-1589
27410	-3.67	-3.67	-0.18	-89.22	-1566
27420	-4.47	-4.47	-1.1	-89.22	-1609
27430	-4.93	-4.93	-2.02	-89.22	-1569
27440	-4.95	-4.95	-2.92	-98.14	-1665
27450	-4.57	-4.57	-3.81	-65.43	10225
27460	-3.83	-3.83	-4.26	-22.3	12864
27470	-2.77	-2.77	-4.04	49.07	13789
27480	-1.47	-1.47	-3.34	89.22	5635
27490	-0.06	-0.06	-2.47	89.22	2493
27500	1.37	1.37	-1.57	81.77	1761
27510	2.67	2.67	-0.67	89.22	1677
27520	3.77	3.77	0.24	89.22	1671
27530	4.55	4.55	1.14	98.14	1664
27540	4.97	4.97	2.04	89.22	1679
27550	4.97	4.97	2.94	81.77	1681
27560	4.55	4.55	3.89	46.73	-7621
27570	3.77	3.77	4.26	0	-14062
27580	2.67	2.67	3.98	-61.33	-12708
27590	1.33	1.33	3.42	-75.49	-6343
27600	-0.08	-0.08	2.59	-89.22	-2882
27610	-1.51	-1.51	1.67	-89.22	-1717
27620	-2.81	-2.81	0.77	-89.22	-1532
27630	-3.87	-3.87	-0.16	-98.14	-1512
27640	-4.61	-4.61	-1.08	-89.22	-1588
27650	-4.97	-4.97	-2.04	-98.14	-1655
27660	-4.91	-4.91	-2.98	-89.22	-1678
27670	-4.44	-4.44	-3.79	-61.33	11717
27680	-3.59	-3.59	-4.14	-12.26	14067
27690	-2.45	-2.45	-3.85	57.72	12368
27700	-1.12	-1.12	-3.1	81.77	4893
27710	0.33	0.33	-2.24	89.22	2287
27720	1.75	1.75	-1.33	89.22	1705
27730	3	3	-0.43	89.22	1618
27740	4.02	4.02	0.49	89.22	1666
27750	4.71	4.71	1.39	89.22	1683
27760	5	5	2.3	89.22	1724
27770	4.87	4.87	3.18	89.22	1590
27780	4.34	4.34	4.04	65.43	-10987
27790	3.43	3.43	4.26	0	-14565
27800	2.24	2.24	3.83	-70.09	-10262
27810	0.86	0.86	3.02	-89.22	-4087
27820	-0.59	-0.59	2.14	-109.03	-2147
27830	-2	-2	1.22	-81.77	-1632
27840	-3.22	-3.22	0.29	-98.14	-1542
27850	-4.18	-4.18	-0.63	-98.14	-1575
27860	-4.79	-4.79	-1.53	-89.22	-1572
27870	-4.99	-4.99	-2.45	-98.14	-1691
27880	-4.77	-4.77	-3.36	-81.77	-267
27890	-4.14	-4.14	-4.18	-61.33	10327
27900	-3.16	-3.16	-4.38	16.93	15699
27910	-1.9	-1.9	-3.85	75.49	8523
27920	-0.49	-0.49	-3	89.22	3127
27930	0.96	0.96	-2.12	89.22	1867
27940	2.34	2.34	-1.22	89.22	1659
27950	3.51	3.51	-0.31	98.14	1675
27960	4.4	4.4	0.59	81.77	1672
27970	4.91	4.91	1.49	89.22	1692
27980	4.99	4.99	2.39	98.14	1709
27990	4.65	4.65	3.28	70.09	-1835
28000	3.93	3.93	4.02	51.64	-9339
28010	2.87	2.87	4.12	-32.71	-14881
28020	1.55	1.55	3.53	-81.77	-7954
28030	0.12	0.12	2.69	-81.77	-3063
28040	-1.33	-1.33	1.79	-98.14	-1768
28050	-2.67	-2.67	0.86	-89.22	-1562
28060	-3.79	-3.79	-0.06	-89.22	-1485
28070	-4.57	-4.57	-1.08	-98.14	-1601
28080	-4.95	-4.95	-2.08	-89.22	-1615
28090	-4.91	-4.91	-2.92	-109.03	-1621
28100	-4.46	-4.46	-3.69	-70.09	11024
28110	-3.61	-3.61	-4.1	-17.21	12839
28120	-2.45	-2.45	-3.89	57.72	13509
28130	-1.08	-1.08	-3.16	75.49	5399
28140	0.37	0.37	-2.3	89.22	2436
28150	1.81	1.81	-1.35	98.14	1701
28160	3.08	3.08	-0.49	98.14	1646
28170	4.1	4.1	0.41	89.22	1683
28180	4.77	4.77	1.32	89.22	1668
28190	5	5	2.22	98.14	1734
28200	4.83	4.83	3.12	81.77	1642
28210	4.22	4.22	3.98	61.33	-12046
28220	3.26	3.26	4.16	0	-14798
28230	2	2	3.69	-65.43	-8923
28240	0.59	0.59	2.87	-89.22	-3765
28250	-0.88	-0.88	1.98	-89.22	-1934
28260	-2.28	-2.28	1.06	-89.22	-1560
28270	-3.47	-3.47	0.14	-98.14	-1518
28280	-4.38	-4.38	-0.79	-89.22	-1623
28290	-4.89	-4.89	-1.69	-89.22	-1624
28300	-4.97	-4.97	-2.61	-81.77	-1649
28310	-4.61	-4.61	-3.49	-70.09	6394
28320	-3.87	-3.87	-4.12	-46.73	10643
28330	-2.77	-2.77	-4.14	30.67	15272
28340	-1.43	-1.43	-3.53	70.09	7114
28350	0.02	0.02	-2.67	89.22	2738
28360	1.49	1.49	-1.79	98.14	1775
28370	2.83	2.83	-0.86	89.22	1597
28380	3.91	3.91	0.04	89.22	1678
28390	4.65	4.65	0.94	89.22	1690
28400	4.99	4.99	1.84	89.22	1703
28410	4.89	4.89	2.75	98.14	1711
28420	4.36	4.36	3.59	61.33	-11157
28430	3.45	3.45	3.96	17.21	-12947
28440	2.24	2.24	3.69	-54.52	-13140
28450	0.82	0.82	2.96	-89.22	-5280
28460	-0.67	-0.67	2.08	-89.22	-2375
28470	-2.08	-2.08	1.16	-81.77	-1585
28480	-3.32	-3.32	0.24	-98.14	-1548
28490	-4.28	-4.28	-0.69	-81.77	-1555
28500	-4.85	-4.85	-1.59	-89.22	-1570
28510	-4.99	-4.99	-2.51	-98.14	-1626
28520	-4.67	-4.67	-3.4	-81.77	3841
28530	-3.96	-3.96	-4.14	-61.33	9566
28540	-2.89	-2.89	-4.28	25.83	15351
28550	-1.57	-1.57	-3.71	81.77	7982
28560	-0.1	-0.1	-2.69	98.14	2509
28570	1.37	1.37	-1.67	81.77	1727
28580	2.73	2.73	-0.73	89.22	1660
28590	3.85	3.85	0.31	89.22	1661
28600	4.63	4.63	1.08	98.14	1674
28610	4.99	4.99	1.83	89.22	1725
28620	4.91	4.91	2.55	81.77	1692
28630	4.4	4.4	3.42	65.43	-9669
28640	3.47	3.47	3.89	26.52	-11839
28650	2.26	2.26	3.73	-44.61	-14637
28660	0.84	0.84	3.04	-75.49	-6192
28670	-0.65	-0.65	2.16	-89.22	-2602
28680	-2.1	-2.1	1.26	-98.14	-1637
28690	-3.34	-3.34	0.33	-89.22	-1558
28700	-4.3	-4.3	-0.59	-89.22	-1577
28710	-4.85	-4.85	-1.49	-89.22	-1553
28720	-4.99	-4.99	-2.41	-89.22	-1644
28730	-4.65	-4.65	-3.3	-75.49	3201
28740	-3.93	-3.93	-4.06	-65.43	9674
28750	-2.83	-2.83	-4.22	25.17	15489
28760	-1.47	-1.47	-3.65	75.49	7659
28770	0.02	0.02	-2.81	89.22	2895
28780	1.49	1.49	-1.9	89.22	1759
28790	2.85	2.85	-1	98.14	1648
28800	3.95	3.95	-0.1	89.22	1673
28810	4.69	4.69	0.8	89.22	1686
28820	5	5	1.71	98.14	1677
28830	4.87	4.87	2.61	81.77	1709
28840	4.3	4.3	3.47	54.52	-11166
28850	3.34	3.34	3.87	17.84	-12715
28860	2.08	2.08	3.61	-57.72	-13431
28870	0.63	0.63	2.89	-81.77	-5443
28880	-0.88	-0.88	2	-89.22	-2368
28890	-2.32	-2.32	1.08	-89.22	-1551
28900	-3.53	-3.53	0.14	-98.14	-1527
28910	-4.42	-4.42	-0.75	-89.22	-1548
28920	-4.91	-4.91	-1.67	-98.14	-1558
28930	-4.95	-4.95	-2.59	-98.14	-1619
28940	-4.55	-4.55	-3.45	-65.43	7240
28950	-3.73	-3.73	-4.06	-40.89	11750
28960	-2.55	-2.55	-4.02	39.25	14896
28970	-1.16	-1.16	-3.4	81.77	6370
28980	0.35	0.35	-2.53	98.14	2643
28990	1.83	1.83	-1.63	89.22	1809
29000	3.14	3.14	-0.73	81.77	1700
29010	4.16	4.16	0.18	98.14	1720
29020	4.81	4.81	1.08	89.22	1649
29030	5	5	1.98	89.22	1658
29040	4.75	4.75	2.89	81.77	1607
29050	4.06	4.06	3.73	54.52	-11786
29060	3	3	3.89	-25.83	-14915
29070	1.67	1.67	3.3	-75.49	-7681
29080	0.18	0.18	2.36	-98.14	-2922
29090	-1.33	-1.33	1.45	-89.22	-1759
29100	-2.71	-2.71	0.45	-89.22	-1543
29110	-3.85	-3.85	-0.57	-89.22	-1552
29120	-4.63	-4.63	-1.33	-89.22	-1619
29130	-4.97	-4.97	-2.12	-89.22	-1645
29140	-4.87	-4.87	-2.85	-89.22	-1660
29150	-4.3	-4.3	-3.73	-57.72	11861
29160	-3.34	-3.34	-4.04	0	14620
29170	-2.06	-2.06	-3.69	65.43	11428
29180	-0.61	-0.61	-2.92	81.77	4141
29190	0.92	0.92	-2.04	81.77	2170
29200	2.36	2.36	-1.14	89.22	1678
29210	3.57	3.57	-0.2	89.22	1642
29220	4.47	4.47	0.67	89.22	1654
29230	4.95	4.95	1.57	89.22	1664
29240	4.97	4.97	2.49	98.14	1712
29250	4.51	4.51	3.42	54.52	-5553
29260	3.65	3.65	3.95	35.05	-10706
29270	2.45	2.45	3.89	-39.25	-14734
29280	1.02	1.02	3.24	-81.77	-6763
29290	-0.51	-0.51	2.37	-89.22	-2734
29300	-1.98	-1.98	1.47	-89.22	-1685
29310	-3.28	-3.28	0.55	-89.22	-1578
29320	-4.26	-4.26	-0.37	-98.14	-1524
29330	-4.85	-4.85	-1.3	-81.77	-1665
29340	-4.99	-4.99	-2.2	-98.14	-1655
29350	-4.65	-4.65	-3.1	-81.77	7
29360	-3.87	-3.87	-3.91	-57.72	11680
29370	-2.73	-2.73	-4.08	22.81	15735
29380	-1.33	-1.33	-3.53	75.49	8061
29390	0.18	0.18	-2.69	89.22	2992
29400	1.69	1.69	-1.81	81.77	1798
29410	3.04	3.04	-0.9	89.22	1629
29420	4.1	4.1	0	89.22	1684
29430	4.79	4.79	0.9	89.22	1666
29440	5	5	1.81	81.77	1704
29450	4.77	4.77	2.71	98.14	1653
29460	4.08	4.08	3.57	57.72	-12232
29470	3	3	3.81	0	-14140
29480	1.65	1.65	3.4	-70.09	-10552
29490	0.14	0.14	2.61	-89.22	-4025
29500	-1.39	-1.39	1.71	-81.77	-1968
29510	-2.79	-2.79	0.8	-98.14	-1540
29520	-3.93	-3.93	-0.16	-81.77	-1582
29530	-4.67	-4.67	-1.04	-98.14	-1522
29540	-4.99	-4.99	-1.96	-89.22	-1556
29550	-4.83	-4.83	-2.87	-81.77	-1656
29560	-4.2	-4.2	-3.87	-40.89	13774
29570	-3.18	-3.18	-4.02	17.84	14712
29580	-1.84	-1.84	-3.51	75.49	9147
29590	-0.35	-0.35	-2.89	98.14	4041
29600	1.2	1.2	-2.1	89.22	2261
29610	2.61	2.61	-1.22	81.77	1687
29620	3.79	3.79	-0.29	81.77	1676
29630	4.61	4.61	0.61	98.14	1659
29640	4.99	4.99	1.51	89.22	1664
29650	4.89	4.89	2.41	81.77	1698
29660	4.32	4.32	3.28	57.72	-9878
29670	3.34	3.34	3.75	22.3	-11657
29680	2.04	2.04	3.57	-49.07	-14038
29690	0.55	0.55	2.89	-89.22	-5758
29700	-1	-1	2	-98.14	-2454
29710	-2.45	-2.45	1.1	-89.22	-1643
29720	-3.67	-3.67	0.18	-98.14	-1527
29730	-4.53	-4.53	-0.75	-98.14	-1594
29740	-4.95	-4.95	-1.67	-89.22	-1582
29750	-4.91	-4.91	-2.57	-81.77	-1657
29760	-4.38	-4.38	-3.45	-65.43	10666
29770	-3.43	-3.43	-3.91	-25.17	12362
29780	-2.16	-2.16	-3.73	54.52	13755
29790	-0.67	-0.67	-3.02	81.77	5358
29800	0.88	0.88	-2.16	89.22	2481
29810	2.36	2.36	-1.26	89.22	1792
29820	3.59	3.59	-0.35	98.14	1749
29830	4.49	4.49	0.59	89.22	1698
29840	4.97	4.97	1.45	89.22	1657
29850	4.95	4.95	2.36	89.22	1711
29860	4.44	4.44	3.22	61.33	-7113
29870	3.51	3.51	3.81	39.25	-10072
29880	2.26	2.26	3.77	-39.25	-15202
29890	0.77	0.77	3.12	-70.09	-6842
29900	-0.8	-0.8	2.28	-81.77	-2707
29910	-2.28	-2.28	1.35	-98.14	-1663
29920	-3.53	-3.53	0.43	-89.22	-1548
29930	-4.46	-4.46	-0.47	-89.22	-1577
29940	-4.93	-4.93	-1.39	-89.22	-1594
29950	-4.93	-4.93	-2.32	-89.22	-1668
29960	-4.44	-4.44	-3.18	-61.33	7270
29970	-3.53	-3.53	-3.81	-44.61	10888
29980	-2.26	-2.26	-3.83	37.75	14996
29990	-0.77	-0.77	-3.2	75.49	6659
30000	0.79	0.79	-2.34	89.22	2649
