0	0	0	0	0	303
10	5	5	0.04	23.93	12299
20	5	5	0.57	70.09	8131
30	5	5	1.41	89.22	3113
40	5	5	2.3	98.14	1945
50	5	5	3.2	98.14	1677
60	5	5	4.1	89.22	1469
70	5	5	4.97	75.49	-4842
80	5	5	5.46	15.11	-7077
90	5	5	5.46	-5.98	-2964
100	5	5	5.34	-13.44	-902
110	5	5	5.22	-11.42	231
120	5	5	5.14	-7.22	538
130	5	5	5.08	-4.51	412
140	5	5	5.06	-2.95	-134
150	5	5	5.04	-2.21	-155
160	5	5	5.04	0	-530
170	5	5	5.02	-0.89	3
180	5	5	5	-1.29	386
190	5	5	5.02	-0.14	-367
200	5	5	5	0	-148
210	5	5	5	0	-137
220	5	5	5	0	-22
230	5	5	5	0	-16
240	5	5	5	0	-28
250	5	5	5	0	-33
260	5	5	5	0	-30
270	5	5	5	0	-30
280	5	5	5	0	-22
290	5	5	5	0	-2
300	5	5	5	0	-11
310	5	5	5	0	-34
320	5	5	5	0	-36
330	5	5	5	0	-36
340	5	5	5	0	-37
350	5	5	5	0	-37
360	5	5	5	0	-37
370	5	5	5	0	-35
380	5	5	5	0	-37
390	5	5	5	0	-37
400	5	5	5	0	-36
410	5	5	5	0	-36
420	5	5	5	0	-37
430	5	5	5	0	-36
440	5	5	5	0	-36
450	5	5	5	0	-37
460	5	5	5	0	-37
470	5	5	5	0	-35
480	5	5	5	0	-36
490	5	5	5	0	-36
500	-4.99	-4.99	4.97	-20.44	-11888
510	-4.99	-4.99	4.44	-70.09	-8781
520	-4.99	-4.99	3.61	-89.22	-3388
530	-4.99	-4.99	2.71	-89.22	-1927
540	-4.99	-4.99	1.79	-98.14	-1573
550	-4.99	-4.99	0.86	-81.77	-1562
560	-4.99	-4.99	-0.06	-89.22	-1693
570	-4.99	-4.99	-1	-98.14	-1868
580	-4.99	-4.99	-2.02	-98.14	-1675
590	-4.99	-4.99	-3	-89.22	-1747
600	-4.99	-4.99	-3.89	-89.22	-1501
610	-4.99	-4.99	-4.75	-81.77	3072
620	-4.99	-4.99	-5.32	-37.75	9571
630	-4.99	-4.99	-5.48	0	5877
640	-4.99	-4.99	-5.4	14.65	2082
650	-4.99	-4.99	-5.26	13.63	58
660	-4.99	-4.99	-5.14	9.81	-509
670	-4.99	-4.99	-5.08	5.57	-32
680	-4.99	-4.99	-5.04	3.55	-96
690	-4.99	-4.99	-5.02	1.76	-55
700	-4.99	-4.99	-5.02	1.57	614
710	-4.99	-4.99	-5	1.38	187
720	-4.99	-4.99	-5	1.07	511
730	-4.99	-4.99	-5	0.71	335
740	-4.99	-4.99	-4.99	0.71	43
750	-4.99	-4.99	-4.99	0.71	183
760	-4.99	-4.99	-4.99	0.64	221
770	-4.99	-4.99	-4.99	0.49	204
780	-4.99	-4.99	-4.99	0.39	199
790	-4.99	-4.99	-4.99	0	197
800	-4.99	-4.99	-4.99	0	198
810	-4.99	-4.99	-4.99	0	198
820	-4.99	-4.99	-4.99	0	198
830	-4.99	-4.99	-4.99	0	198
840	-4.99	-4.99	-4.99	0	198
850	-4.99	-4.99	-4.99	0	198
860	-4.99	-4.99	-4.99	0	198
870	-4.99	-4.99	-4.99	0	198
880	-4.99	-4.99	-4.99	0	198
890	-4.99	-4.99	-4.99	0	199
900	-4.99	-4.99	-4.99	0	198
910	-4.99	-4.99	-4.99	0	199
920	-4.99	-4.99	-4.99	0	198
930	-4.99	-4.99	-4.99	0	198
940	-4.99	-4.99	-4.99	0	199
950	-4.99	-4.99	-4.99	0	198
960	-4.99	-4.99	-4.99	0	198
970	-4.99	-4.99	-4.99	0	198
980	-4.99	-4.99	-4.99	0	198
990	-4.99	-4.99	-4.99	0	198
1000	5	5	-4.95	24.53	11978
1010	5	5	-4.42	75.49	8501
1020	5	5	-3.57	89.22	3192
1030	5	5	-2.69	98.14	1896
1040	5	5	-1.79	98.14	1712
1050	5	5	-0.88	89.22	1676
1060	5	5	0.02	89.22	1734
1070	5	5	1.14	98.14	1841
1080	5	5	2.3	89.22	1730
1090	5	5	3.32	98.14	1663
1100	5	5	4.32	89.22	913
1110	5	5	5.16	57.72	-7768
1120	5	5	5.46	9.81	-7068
1130	5	5	5.46	-6.17	-3093
1140	5	5	5.36	-11.42	-1220
1150	5	5	5.26	-12.42	-84
1160	5	5	5.18	-9.72	461
1170	5	5	5.1	-5.7	508
1180	5	5	5.08	-3.42	291
1190	5	5	5.04	-2.5	357
1200	5	5	5.04	-1.54	-374
1210	5	5	5.02	-0.97	239
1220	5	5	5.02	-0.97	-272
1230	5	5	5.02	0	-499
1240	5	5	5	0	57
1250	5	5	5	0	75
1260	5	5	5	0	-1
1270	5	5	5	0	-4
1280	5	5	5	0	-64
1290	5	5	5	0	-31
1300	5	5	5	0	-12
1310	5	5	5	0	-76
1320	5	5	5	0	-82
1330	5	5	5	0	-82
1340	5	5	5	0	-85
1350	5	5	5	0	-85
1360	5	5	5	0	-84
1370	5	5	5	0	-82
1380	5	5	5	0	-82
1390	5	5	5	0	-83
1400	5	5	5	0	-84
1410	5	5	5	0	-83
1420	5	5	5	0	-82
1430	5	5	5	0	-82
1440	5	5	5	0	-83
1450	5	5	5	0	-83
1460	5	5	5	0	-83
1470	5	5	5	0	-83
1480	5	5	5	0	-83
1490	5	5	5	0	-83
1500	-4.99	-4.99	4.97	-23.93	-12561
1510	-4.99	-4.99	4.44	-75.49	-8406
1520	-4.99	-4.99	3.61	-89.22	-3333
1530	-4.99	-4.99	2.71	-89.22	-1830
1540	-4.99	-4.99	1.79	-89.22	-1520
1550	-4.99	-4.99	0.86	-89.22	-1573
1560	-4.99	-4.99	-0.06	-89.22	-1637
1570	-4.99	-4.99	-1.18	-89.22	-1791
1580	-4.99	-4.99	-2.36	-89.22	-1617
1590	-4.99	-4.99	-3.24	-98.14	-1688
1600	-4.99	-4.99	-3.96	-89.22	-1430
1610	-4.99	-4.99	-4.69	-81.77	1915
1620	-4.99	-4.99	-5.32	-42.66	9534
1630	-4.99	-4.99	-5.48	0	5611
1640	-4.99	-4.99	-5.4	12.12	1803
1650	-4.99	-4.99	-5.24	13.44	-33
1660	-4.99	-4.99	-5.14	8.46	-359
1670	-4.99	-4.99	-5.08	5.45	-39
1680	-4.99	-4.99	-5.04	3.44	-23
1690	-4.99	-4.99	-5.02	1.84	-58
1700	-4.99	-4.99	-5.02	1.54	639
1710	-4.99	-4.99	-5	1.43	226
1720	-4.99	-4.99	-5	1.04	519
1730	-4.99	-4.99	-5	0.68	335
1740	-4.99	-4.99	-4.99	0.68	46
1750	-4.99	-4.99	-4.99	0.68	191
1760	-4.99	-4.99	-4.99	0.64	224
1770	-4.99	-4.99	-4.99	0.49	207
1780	-4.99	-4.99	-4.99	0.39	204
1790	-4.99	-4.99	-4.99	0	204
1800	-4.99	-4.99	-4.99	0	204
1810	-4.99	-4.99	-4.99	0	204
1820	-4.99	-4.99	-4.99	0	204
1830	-4.99	-4.99	-4.99	0	204
1840	-4.99	-4.99	-4.99	0	205
1850	-4.99	-4.99	-4.99	0	204
1860	-4.99	-4.99	-4.99	0	204
1870	-4.99	-4.99	-4.99	0	204
1880	-4.99	-4.99	-4.99	0	204
1890	-4.99	-4.99	-4.99	0	204
1900	-4.99	-4.99	-4.99	0	204
1910	-4.99	-4.99	-4.99	0	204
1920	-4.99	-4.99	-4.99	0	204
1930	-4.99	-4.99	-4.99	0	203
1940	-4.99	-4.99	-4.99	0	204
1950	-4.99	-4.99	-4.99	0	205
1960	-4.99	-4.99	-4.99	0	204
1970	-4.99	-4.99	-4.99	0	204
1980	-4.99	-4.99	-4.99	0	204
1990	-4.99	-4.99	-4.99	0	204
2000	5	5	-4.95	24.53	12449
2010	5	5	-4.42	75.49	8240
2020	5	5	-3.57	89.22	3133
2030	5	5	-2.69	81.77	1905
2040	5	5	-1.79	98.14	1677
2050	5	5	-0.88	98.14	1623
2060	5	5	0.02	98.14	1726
2070	5	5	1.1	89.22	1790
2080	5	5	1.98	89.22	1759
2090	5	5	2.77	98.14	1710
2100	5	5	3.63	89.22	1631
2110	5	5	4.53	81.77	-4
2120	5	5	5.26	46.73	-8490
2130	5	5	5.48	8.24	-5759
2140	5	5	5.4	-10.9	-1775
2150	5	5	5.28	-12.58	-164
2160	5	5	5.18	-9.53	319
2170	5	5	5.1	-5.92	562
2180	5	5	5.06	-3.38	334
2190	5	5	5.04	-2.56	351
2200	5	5	5.04	-1.46	-396
2210	5	5	5.02	-0.99	243
2220	5	5	5.02	-0.99	-293
2230	5	5	5	-1.08	290
2240	5	5	5	0.14	-149
2250	5	5	5	0	66
2260	5	5	5	0	-4
2270	5	5	5	0	-5
2280	5	5	5	0	-7
2290	5	5	5	0	-6
2300	5	5	5	0	1
2310	5	5	5	0	-41
2320	5	5	5	0	-48
2330	5	5	5	0	-48
2340	5	5	5	0	-49
2350	5	5	5	0	-46
2360	5	5	5	0	-47
2370	5	5	5	0	-47
2380	5	5	5	0	-49
2390	5	5	5	0	-49
2400	5	5	5	0	-46
2410	5	5	5	0	-45
2420	5	5	5	0	-47
2430	5	5	5	0	-47
2440	5	5	5	0	-50
2450	5	5	5	0	-47
2460	5	5	5	0	-49
2470	5	5	5	0	-49
2480	5	5	5	0	-48
2490	5	5	5	0	-47
2500	-4.99	-4.99	4.99	-20.44	-12607
2510	-4.99	-4.99	4.44	-75.49	-8505
2520	-4.99	-4.99	3.61	-89.22	-3336
2530	-4.99	-4.99	2.71	-89.22	-1850
2540	-4.99	-4.99	1.79	-89.22	-1543
2550	-4.99	-4.99	0.86	-89.22	-1543
2560	-4.99	-4.99	-0.06	-98.14	-1612
2570	-4.99	-4.99	-1.04	-81.77	-1742
2580	-4.99	-4.99	-2.06	-89.22	-1693
2590	-4.99	-4.99	-3.08	-89.22	-1655
2600	-4.99	-4.99	-3.96	-89.22	-1449
2610	-4.99	-4.99	-4.69	-81.77	2008
2620	-4.99	-4.99	-5.3	-40.89	9600
2630	-4.99	-4.99	-5.48	0	5737
2640	-4.99	-4.99	-5.38	11.42	1750
2650	-4.99	-4.99	-5.24	12.75	-12
2660	-4.99	-4.99	-5.14	8.24	-261
2670	-4.99	-4.99	-5.08	5.04	-53
2680	-4.99	-4.99	-5.04	3.39	-68
2690	-4.99	-4.99	-5.02	1.79	-39
2700	-4.99	-4.99	-5.02	1.57	633
2710	-4.99	-4.99	-5	1.43	212
2720	-4.99	-4.99	-5	1.05	524
2730	-4.99	-4.99	-4.99	0.74	-260
2740	-4.99	-4.99	-4.99	0.74	74
2750	-4.99	-4.99	-4.99	0.74	178
2760	-4.99	-4.99	-4.99	0.61	209
2770	-4.99	-4.99	-4.99	0.47	189
2780	-4.99	-4.99	-4.99	0.38	186
2790	-4.99	-4.99	-4.99	0	188
2800	-4.99	-4.99	-4.99	0	188
2810	-4.99	-4.99	-4.99	0	187
2820	-4.99	-4.99	-4.99	0	187
2830	-4.99	-4.99	-4.99	0	187
2840	-4.99	-4.99	-4.99	0	187
2850	-4.99	-4.99	-4.99	0	187
2860	-4.99	-4.99	-4.99	0	187
2870	-4.99	-4.99	-4.99	0	187
2880	-4.99	-4.99	-4.99	0	187
2890	-4.99	-4.99	-4.99	0	188
2900	-4.99	-4.99	-4.99	0	187
2910	-4.99	-4.99	-4.99	0	187
2920	-4.99	-4.99	-4.99	0	187
2930	-4.99	-4.99	-4.99	0	187
2940	-4.99	-4.99	-4.99	0	187
2950	-4.99	-4.99	-4.99	0	187
2960	-4.99	-4.99	-4.99	0	188
2970	-4.99	-4.99	-4.99	0	187
2980	-4.99	-4.99	-4.99	0	187
2990	-4.99	-4.99	-4.99	0	188
3000	5	5	-4.95	25.17	12427
3010	5	5	-4.42	81.77	8144
3020	5	5	-3.57	89.22	3113
3030	5	5	-2.69	81.77	1872
3040	5	5	-1.79	98.14	1675
3050	5	5	-0.88	98.14	1646
3060	5	5	0.02	98.14	1736
3070	5	5	1.04	98.14	1777
3080	5	5	1.94	89.22	1729
3090	5	5	2.77	98.14	1699
3100	5	5	3.63	89.22	1617
3110	5	5	4.53	98.14	-119
3120	5	5	5.26	46.73	-8568
3130	5	5	5.46	0	-4987
3140	5	5	5.4	-11.15	-1803
3150	5	5	5.28	-12.26	-25
3160	5	5	5.18	-9.44	603
3170	5	5	5.1	-5.81	416
3180	5	5	5.06	-3.27	379
3190	5	5	5.04	-2.47	340
3200	5	5	5.04	-1.46	-397
3210	5	5	5.02	-0.96	241
3220	5	5	5.02	-0.96	-293
3230	5	5	5	-1.18	252
3240	5	5	5	0	137
3250	5	5	5	0	-19
3260	5	5	5	0	-1
3270	5	5	5	0	23
3280	5	5	5	0	-76
3290	5	5	5	0	-38
3300	5	5	5	0	-20
3310	5	5	5	0	-31
3320	5	5	5	0	-75
3330	5	5	5	0	-75
3340	5	5	5	0	-74
3350	5	5	5	0	-74
3360	5	5	5	0	-74
3370	5	5	5	0	-75
3380	5	5	5	0	-75
3390	5	5	5	0	-75
3400	5	5	5	0	-74
3410	5	5	5	0	-75
3420	5	5	5	0	-74
3430	5	5	5	0	-75
3440	5	5	5	0	-74
3450	5	5	5	0	-75
3460	5	5	5	0	-75
3470	5	5	5	0	-75
3480	5	5	5	0	-75
3490	5	5	5	0	-74
3500	-4.99	-4.99	4.97	-23.93	-12561
3510	-4.99	-4.99	4.44	-75.49	-8396
3520	-4.99	-4.99	3.61	-81.77	-3305
3530	-4.99	-4.99	2.71	-89.22	-1833
3540	-4.99	-4.99	1.79	-89.22	-1549
3550	-4.99	-4.99	0.86	-89.22	-1556
3560	-4.99	-4.99	-0.06	-98.14	-1620
3570	-4.99	-4.99	-0.96	-98.14	-1719
3580	-4.99	-4.99	-2.06	-98.14	-1678
3590	-4.99	-4.99	-3.06	-89.22	-1711
3600	-4.99	-4.99	-4.14	-89.22	-1282
3610	-4.99	-4.99	-5	-70.09	6254
3620	-4.99	-4.99	-5.46	-16.93	8813
3630	-4.99	-4.99	-5.44	8.38	3127
3640	-4.99	-4.99	-5.3	15.34	430
3650	-4.99	-4.99	-5.18	10.9	-483
3660	-4.99	-4.99	-5.1	7.16	-249
3670	-4.99	-4.99	-5.06	4.63	-92
3680	-4.99	-4.99	-5.04	3.34	205
3690	-4.99	-4.99	-5.02	1.79	-39
3700	-4.99	-4.99	-5.02	1.57	629
3710	-4.99	-4.99	-5	1.4	218
3720	-4.99	-4.99	-5	1.07	525
3730	-4.99	-4.99	-5	0	520
3740	-4.99	-4.99	-4.99	0.69	43
3750	-4.99	-4.99	-4.99	0.69	201
3760	-4.99	-4.99	-4.99	0.66	242
3770	-4.99	-4.99	-4.99	0.49	222
3780	-4.99	-4.99	-4.99	0.39	217
3790	-4.99	-4.99	-4.99	0	216
3800	-4.99	-4.99	-4.99	0	216
3810	-4.99	-4.99	-4.99	0	216
3820	-4.99	-4.99	-4.99	0	216
3830	-4.99	-4.99	-4.99	0	216
3840	-4.99	-4.99	-4.99	0	215
3850	-4.99	-4.99	-4.99	0	216
3860	-4.99	-4.99	-4.99	0	216
3870	-4.99	-4.99	-4.99	0	216
3880	-4.99	-4.99	-4.99	0	216
3890	-4.99	-4.99	-4.99	0	216
3900	-4.99	-4.99	-4.99	0	216
3910	-4.99	-4.99	-4.99	0	216
3920	-4.99	-4.99	-4.99	0	217
3930	-4.99	-4.99	-4.99	0	216
3940	-4.99	-4.99	-4.99	0	216
3950	-4.99	-4.99	-4.99	0	217
3960	-4.99	-4.99	-4.99	0	216
3970	-4.99	-4.99	-4.99	0	216
3980	-4.99	-4.99	-4.99	0	216
3990	-4.99	-4.99	-4.99	0	216
4000	5	5	-4.95	24.53	12452
4010	5	5	-4.42	81.77	8181
4020	5	5	-3.57	81.77	3124
4030	5	5	-2.69	89.22	1861
4040	5	5	-1.79	98.14	1688
4050	5	5	-0.88	89.22	1675
4060	5	5	0.02	98.14	1744
4070	5	5	0.92	89.22	1763
4080	5	5	1.83	98.14	1741
4090	5	5	2.89	89.22	1659
4100	5	5	3.85	89.22	1557
4110	5	5	4.61	89.22	-738
4120	5	5	5.26	46.73	-8623
4130	5	5	5.46	0	-5006
4140	5	5	5.4	-10.9	-1791
4150	5	5	5.28	-12.26	-107
4160	5	5	5.18	-9	561
4170	5	5	5.1	-5.64	393
4180	5	5	5.06	-3.27	379
4190	5	5	5.04	-2.47	335
4200	5	5	5.04	-1.46	-398
4210	5	5	5.02	-0.99	241
4220	5	5	5.02	-0.99	-297
4230	5	5	5	0.14	-7
4240	5	5	5.02	0	-407
4250	5	5	5.02	0	-533
4260	5	5	5.02	0	-579
4270	5	5	5	0	-41
4280	5	5	5	0	-8
4290	5	5	5	0	-8
4300	5	5	5	0	-25
4310	5	5	5	0	-61
4320	5	5	5	0	-65
4330	5	5	5	0	-63
4340	5	5	5	0	-62
4350	5	5	5	0	-62
4360	5	5	5	0	-63
4370	5	5	5	0	-62
4380	5	5	5	0	-65
4390	5	5	5	0	-63
4400	5	5	5	0	-63
4410	5	5	5	0	-63
4420	5	5	5	0	-63
4430	5	5	5	0	-64
4440	5	5	5	0	-62
4450	5	5	5	0	-63
4460	5	5	5	0	-62
4470	5	5	5	0	-64
4480	5	5	5	0	-64
4490	5	5	5	0	-62
4500	-4.99	-4.99	4.97	-20.44	-12581
4510	-4.99	-4.99	4.42	-75.49	-8390
4520	-4.99	-4.99	3.61	-81.77	-3321
4530	-4.99	-4.99	2.71	-89.22	-1848
4540	-4.99	-4.99	1.79	-89.22	-1512
4550	-4.99	-4.99	0.86	-89.22	-1579
4560	-4.99	-4.99	-0.06	-98.14	-1578
4570	-4.99	-4.99	-0.96	-89.22	-1733
4580	-4.99	-4.99	-1.98	-89.22	-1678
4590	-4.99	-4.99	-2.9	-89.22	-1662
4600	-4.99	-4.99	-3.96	-89.22	-1444
4610	-4.99	-4.99	-4.81	-89.22	3126
4620	-4.99	-4.99	-5.3	-40.89	9513
4630	-4.99	-4.99	-5.48	0	5748
4640	-4.99	-4.99	-5.38	13.63	1570
4650	-4.99	-4.99	-5.24	12.58	-4
4660	-4.99	-4.99	-5.14	8.84	-325
4670	-4.99	-4.99	-5.08	5.21	-72
4680	-4.99	-4.99	-5.04	3.58	-120
4690	-4.99	-4.99	-5.02	1.77	-23
4700	-4.99	-4.99	-5.02	1.62	612
4710	-4.99	-4.99	-5	1.44	209
4720	-4.99	-4.99	-5	1.05	517
4730	-4.99	-4.99	-5	0	514
4740	-4.99	-4.99	-4.99	0.68	34
4750	-4.99	-4.99	-4.99	0.68	194
4760	-4.99	-4.99	-4.99	0.66	233
4770	-4.99	-4.99	-4.99	0.49	210
4780	-4.99	-4.99	-4.99	0.39	208
4790	-4.99	-4.99	-4.99	0	206
4800	-4.99	-4.99	-4.99	0	206
4810	-4.99	-4.99	-4.99	0	207
4820	-4.99	-4.99	-4.99	0	208
4830	-4.99	-4.99	-4.99	0	206
4840	-4.99	-4.99	-4.99	0	208
4850	-4.99	-4.99	-4.99	0	206
4860	-4.99	-4.99	-4.99	0	209
4870	-4.99	-4.99	-4.99	0	207
4880	-4.99	-4.99	-4.99	0	207
4890	-4.99	-4.99	-4.99	0	208
4900	-4.99	-4.99	-4.99	0	207
4910	-4.99	-4.99	-4.99	0	207
4920	-4.99	-4.99	-4.99	0	208
4930	-4.99	-4.99	-4.99	0	207
4940	-4.99	-4.99	-4.99	0	207
4950	-4.99	-4.99	-4.99	0	207
4960	-4.99	-4.99	-4.99	0	207
4970	-4.99	-4.99	-4.99	0	207
4980	-4.99	-4.99	-4.99	0	207
4990	-4.99	-4.99	-4.99	0	208
5000	5	5	-4.95	24.53	12451
5010	5	5	-4.42	81.77	8134
5020	5	5	-3.57	81.77	3123
5030	5	5	-2.69	81.77	1897
5040	5	5	-1.79	89.22	1686
5050	5	5	-0.88	89.22	1666
5060	5	5	0.02	89.22	1719
5070	5	5	0.92	89.22	1750
5080	5	5	1.83	89.22	1689
5090	5	5	2.85	98.14	1655
5100	5	5	3.75	89.22	1587
5110	5	5	4.57	89.22	-500
5120	5	5	5.32	33.84	-8462
5130	5	5	5.46	5.98	-5245
5140	5	5	5.4	-10.11	-1540
5150	5	5	5.28	-11.96	1
5160	5	5	5.18	-8.84	526
5170	5	5	5.1	-5.54	501
5180	5	5	5.06	-3.36	395
5190	5	5	5.04	-2.51	327
5200	5	5	5.04	-1.46	-404
5210	5	5	5.02	-1.04	220
5220	5	5	5.02	-1.04	-306
5230	5	5	5	-1.08	265
5240	5	5	5	0	157
5250	5	5	5	0	84
5260	5	5	5	0	18
5270	5	5	5	0	-43
5280	5	5	5	0	-21
5290	5	5	5	0	-12
5300	5	5	5	0	-7
5310	5	5	5	0	-68
5320	5	5	5	0	-72
5330	5	5	5	0	-72
5340	5	5	5	0	-71
5350	5	5	5	0	-72
5360	5	5	5	0	-73
5370	5	5	5	0	-72
5380	5	5	5	0	-72
5390	5	5	5	0	-72
5400	5	5	5	0	-72
5410	5	5	5	0	-72
5420	5	5	5	0	-72
5430	5	5	5	0	-72
5440	5	5	5	0	-72
5450	5	5	5	0	-73
5460	5	5	5	0	-73
5470	5	5	5	0	-72
5480	5	5	5	0	-72
5490	5	5	5	0	-72
5500	5	5	5	0	-73
5510	-4.99	-4.99	4.97	-20.44	-12583
5520	-4.99	-4.99	4.44	-75.49	-8348
5530	-4.99	-4.99	3.61	-89.22	-3334
5540	-4.99	-4.99	2.71	-98.14	-1850
5550	-4.99	-4.99	1.79	-89.22	-1556
5560	-4.99	-4.99	0.86	-89.22	-1520
5570	-4.99	-4.99	-0.06	-98.14	-1585
5580	-4.99	-4.99	-0.96	-89.22	-1731
5590	-4.99	-4.99	-2	-89.22	-1654
5600	-4.99	-4.99	-2.9	-89.22	-1646
5610	-4.99	-4.99	-3.87	-89.22	-1493
5620	-4.99	-4.99	-4.73	-75.49	3022
5630	-4.99	-4.99	-5.3	-39.25	9633
5640	-4.99	-4.99	-5.46	0	5504
5650	-4.99	-4.99	-5.38	13.63	1788
5660	-4.99	-4.99	-5.24	13.27	-91
5670	-4.99	-4.99	-5.14	8.12	-516
5680	-4.99	-4.99	-5.08	4.65	-146
5690	-4.99	-4.99	-5.04	3.55	52
5700	-4.99	-4.99	-5.02	1.84	-8
5710	-4.99	-4.99	-5.02	1.4	577
5720	-4.99	-4.99	-5	1.4	261
5730	-4.99	-4.99	-5	0.99	528
5740	-4.99	-4.99	-4.99	0.72	-289
5750	-4.99	-4.99	-4.99	0.72	81
5760	-4.99	-4.99	-4.99	0.72	179
5770	-4.99	-4.99	-4.99	0.6	201
5780	-4.99	-4.99	-4.99	0.46	188
5790	-4.99	-4.99	-4.99	0.38	186
5800	-4.99	-4.99	-4.99	0	186
5810	-4.99	-4.99	-4.99	0	187
5820	-4.99	-4.99	-4.99	0	186
5830	-4.99	-4.99	-4.99	0	186
5840	-4.99	-4.99	-4.99	0	186
5850	-4.99	-4.99	-4.99	0	186
5860	-4.99	-4.99	-4.99	0	187
5870	-4.99	-4.99	-4.99	0	186
5880	-4.99	-4.99	-4.99	0	186
5890	-4.99	-4.99	-4.99	0	186
5900	-4.99	-4.99	-4.99	0	186
5910	-4.99	-4.99	-4.99	0	186
5920	-4.99	-4.99	-4.99	0	186
5930	-4.99	-4.99	-4.99	0	186
5940	-4.99	-4.99	-4.99	0	186
5950	-4.99	-4.99	-4.99	0	187
5960	-4.99	-4.99	-4.99	0	186
5970	-4.99	-4.99	-4.99	0	186
5980	-4.99	-4.99	-4.99	0	186
5990	-4.99	-4.99	-4.99	0	186
6000	5	5	-4.95	25.17	12420
6010	5	5	-4.42	75.49	8261
6020	5	5	-3.57	98.14	3095
6030	5	5	-2.69	81.77	1855
6040	5	5	-1.79	98.14	1669
6050	5	5	-0.88	98.14	1641
6060	5	5	0.02	98.14	1701
6070	5	5	0.92	89.22	1745
6080	5	5	1.83	89.22	1686
6090	5	5	2.85	98.14	1665
6100	5	5	3.79	89.22	1585
6110	5	5	4.67	89.22	-1737
6120	5	5	5.32	36.35	-9056
6130	5	5	5.46	0	-3958
6140	5	5	5.38	-11.68	-1328
6150	5	5	5.26	-12.58	100
6160	5	5	5.18	-9.44	632
6170	5	5	5.1	-5.84	557
6180	5	5	5.06	-3.2	366
6190	5	5	5.04	-2.53	337
6200	5	5	5.04	-1.43	-398
6210	5	5	5.02	-0.99	245
6220	5	5	5.02	-0.99	-295
6230	5	5	5	-1.13	269
6240	5	5	5	0	-261
6250	5	5	5.02	0	-477
6260	5	5	5	0	12
6270	5	5	5	0	-41
6280	5	5	5	0	-23
6290	5	5	5	0	-30
6300	5	5	5	0	-25
6310	5	5	5	0	-6
6320	5	5	5	0	-49
6330	5	5	5	0	-58
6340	5	5	5	0	-58
6350	5	5	5	0	-62
6360	5	5	5	0	-60
6370	5	5	5	0	-59
6380	5	5	5	0	-61
6390	5	5	5	0	-60
6400	5	5	5	0	-60
6410	5	5	5	0	-59
6420	5	5	5	0	-60
6430	5	5	5	0	-59
6440	5	5	5	0	-58
6450	5	5	5	0	-60
6460	5	5	5	0	-58
6470	5	5	5	0	-60
6480	5	5	5	0	-59
6490	5	5	5	0	-60
6500	-4.99	-4.99	4.97	-20.44	-12582
6510	-4.99	-4.99	4.44	-75.49	-8380
6520	-4.99	-4.99	3.61	-89.22	-3320
6530	-4.99	-4.99	2.71	-98.14	-1831
6540	-4.99	-4.99	1.79	-89.22	-1546
6550	-4.99	-4.99	0.86	-89.22	-1514
6560	-4.99	-4.99	-0.06	-98.14	-1576
6570	-4.99	-4.99	-0.98	-98.14	-1705
6580	-4.99	-4.99	-1.88	-89.22	-1689
6590	-4.99	-4.99	-2.98	-98.14	-1666
6600	-4.99	-4.99	-4.04	-89.22	-1327
6610	-4.99	-4.99	-4.95	-75.49	6146
6620	-4.99	-4.99	-5.44	-14.02	8313
6630	-4.99	-4.99	-5.44	0	3840
6640	-4.99	-4.99	-5.36	13.63	1308
6650	-4.99	-4.99	-5.24	12.75	-143
6660	-4.99	-4.99	-5.14	7.55	-318
6670	-4.99	-4.99	-5.08	5.28	53
6680	-4.99	-4.99	-5.04	3.55	-18
6690	-4.99	-4.99	-5.02	1.9	-28
6700	-4.99	-4.99	-5.02	1.49	392
6710	-4.99	-4.99	-5	1.49	292
6720	-4.99	-4.99	-5	0.96	536
6730	-4.99	-4.99	-4.99	0.68	-4
6740	-4.99	-4.99	-4.99	0.68	70
6750	-4.99	-4.99	-4.99	0.68	200
6760	-4.99	-4.99	-4.99	0.63	227
6770	-4.99	-4.99	-4.99	0.47	211
6780	-4.99	-4.99	-4.99	0.38	209
6790	-4.99	-4.99	-4.99	0	209
6800	-4.99	-4.99	-4.99	0	209
6810	-4.99	-4.99	-4.99	0	210
6820	-4.99	-4.99	-4.99	0	209
6830	-4.99	-4.99	-4.99	0	209
6840	-4.99	-4.99	-4.99	0	209
6850	-4.99	-4.99	-4.99	0	209
6860	-4.99	-4.99	-4.99	0	210
6870	-4.99	-4.99	-4.99	0	209
6880	-4.99	-4.99	-4.99	0	209
6890	-4.99	-4.99	-4.99	0	209
6900	-4.99	-4.99	-4.99	0	209
6910	-4.99	-4.99	-4.99	0	209
6920	-4.99	-4.99	-4.99	0	209
6930	-4.99	-4.99	-4.99	0	209
6940	-4.99	-4.99	-4.99	0	210
6950	-4.99	-4.99	-4.99	0	209
6960	-4.99	-4.99	-4.99	0	209
6970	-4.99	-4.99	-4.99	0	209
6980	-4.99	-4.99	-4.99	0	208
6990	-4.99	-4.99	-4.99	0	210
7000	5	5	-4.95	24.53	12445
7010	5	5	-4.42	70.09	8242
7020	5	5	-3.57	98.14	3191
7030	5	5	-2.69	81.77	1848
7040	5	5	-1.79	98.14	1673
7050	5	5	-0.88	98.14	1657
7060	5	5	0.02	98.14	1741
7070	5	5	0.92	89.22	1747
7080	5	5	1.9	89.22	1684
7090	5	5	2.89	81.77	1640
7100	5	5	3.75	89.22	1605
7110	5	5	4.53	98.14	-118
7120	5	5	5.26	46.73	-8593
7130	5	5	5.48	7.91	-5967
7140	5	5	5.4	-11.02	-1824
7150	5	5	5.28	-12.42	8
7160	5	5	5.18	-9.44	613
7170	5	5	5.1	-5.98	538
7180	5	5	5.06	-3.39	432
7190	5	5	5.04	-2.42	307
7200	5	5	5.04	-1.41	-410
7210	5	5	5.02	-0.97	234
7220	5	5	5.02	-0.97	-305
7230	5	5	5	0.14	-10
7240	5	5	5.02	0	-496
7250	5	5	5.02	0	-587
7260	5	5	5.02	0	-537
7270	5	5	5	0	-41
7280	5	5	5	0	-15
7290	5	5	5	0	-18
7300	5	5	5	0	-21
7310	5	5	5	0	-67
7320	5	5	5	0	-69
7330	5	5	5	0	-71
7340	5	5	5	0	-70
7350	5	5	5	0	-68
7360	5	5	5	0	-68
7370	5	5	5	0	-69
7380	5	5	5	0	-69
7390	5	5	5	0	-68
7400	5	5	5	0	-70
7410	5	5	5	0	-70
7420	5	5	5	0	-69
7430	5	5	5	0	-69
7440	5	5	5	0	-69
7450	5	5	5	0	-69
7460	5	5	5	0	-70
7470	5	5	5	0	-69
7480	5	5	5	0	-68
7490	5	5	5	0	-68
7500	5	5	5	0	-69
7510	-4.99	-4.99	4.97	-20.44	-12577
7520	-4.99	-4.99	4.44	-75.49	-8348
7530	-4.99	-4.99	3.61	-81.77	-3292
7540	-4.99	-4.99	2.71	-89.22	-1855
7550	-4.99	-4.99	1.79	-89.22	-1534
7560	-4.99	-4.99	0.86	-89.22	-1517
7570	-4.99	-4.99	-0.06	-98.14	-1567
7580	-4.99	-4.99	-0.98	-98.14	-1712
7590	-4.99	-4.99	-2.04	-89.22	-1719
7600	-4.99	-4.99	-3.02	-81.77	-1645
7610	-4.99	-4.99	-3.96	-81.77	-1460
7620	-4.99	-4.99	-4.69	-89.22	1908
7630	-4.99	-4.99	-5.3	-39.25	9531
7640	-4.99	-4.99	-5.46	0	5309
7650	-4.99	-4.99	-5.36	12.42	1654
7660	-4.99	-4.99	-5.24	12.58	-164
7670	-4.99	-4.99	-5.14	7.6	-310
7680	-4.99	-4.99	-5.08	5.21	64
7690	-4.99	-4.99	-5.04	3.58	-53
7700	-4.99	-4.99	-5.02	1.84	-20
7710	-4.99	-4.99	-5.02	1.48	656
7720	-4.99	-4.99	-5	1.43	268
7730	-4.99	-4.99	-5	1	539
7740	-4.99	-4.99	-4.99	0.74	-277
7750	-4.99	-4.99	-4.99	0.74	96
7760	-4.99	-4.99	-4.99	0.74	190
7770	-4.99	-4.99	-4.99	0.6	213
7780	-4.99	-4.99	-4.99	0.46	200
7790	-4.99	-4.99	-4.99	0.38	199
7800	-4.99	-4.99	-4.99	0	199
7810	-4.99	-4.99	-4.99	0	199
7820	-4.99	-4.99	-4.99	0	198
7830	-4.99	-4.99	-4.99	0	198
7840	-4.99	-4.99	-4.99	0	198
7850	-4.99	-4.99	-4.99	0	198
7860	-4.99	-4.99	-4.99	0	198
7870	-4.99	-4.99	-4.99	0	198
7880	-4.99	-4.99	-4.99	0	198
7890	-4.99	-4.99	-4.99	0	198
7900	-4.99	-4.99	-4.99	0	199
7910	-4.99	-4.99	-4.99	0	199
7920	-4.99	-4.99	-4.99	0	198
7930	-4.99	-4.99	-4.99	0	198
7940	-4.99	-4.99	-4.99	0	197
7950	-4.99	-4.99	-4.99	0	198
7960	-4.99	-4.99	-4.99	0	198
7970	-4.99	-4.99	-4.99	0	198
7980	-4.99	-4.99	-4.99	0	199
7990	-4.99	-4.99	-4.99	0	197
8000	5	5	-4.95	25.17	12405
8010	5	5	-4.42	75.49	8259
8020	5	5	-3.57	89.22	3097
8030	5	5	-2.69	81.77	1845
8040	5	5	-1.79	89.22	1678
8050	5	5	-0.88	89.22	1668
8060	5	5	0.02	98.14	1738
8070	5	5	0.92	89.22	1748
8080	5	5	1.83	98.14	1710
8090	5	5	2.81	98.14	1645
8100	5	5	3.75	89.22	1615
8110	5	5	4.67	81.77	-1634
8120	5	5	5.28	46.73	-8344
8130	5	5	5.46	6.14	-5254
8140	5	5	5.4	-10.22	-1557
8150	5	5	5.28	-11.82	-30
8160	5	5	5.18	-9	519
8170	5	5	5.1	-5.73	391
8180	5	5	5.06	-3.27	365
8190	5	5	5.04	-2.48	327
8200	5	5	5.04	-1.46	-404
8210	5	5	5.02	-1.04	216
8220	5	5	5.02	-1.04	-308
8230	5	5	5	-1.07	195
8240	5	5	5	0.14	-114
8250	5	5	5	0	-352
8260	5	5	5	0.14	-246
8270	5	5	5	0	-45
8280	5	5	5	0	-35
8290	5	5	5	0	-67
8300	5	5	5	0	-39
8310	5	5	5	0	-41
8320	5	5	5	0	-91
8330	5	5	5	0	-94
8340	5	5	5	0	-94
8350	5	5	5	0	-94
8360	5	5	5	0	-94
8370	5	5	5	0	-95
8380	5	5	5	0	-95
8390	5	5	5	0	-94
8400	5	5	5	0	-96
8410	5	5	5	0	-94
8420	5	5	5	0	-94
8430	5	5	5	0	-94
8440	5	5	5	0	-94
8450	5	5	5	0	-94
8460	5	5	5	0	-94
8470	5	5	5	0	-94
8480	5	5	5	0	-94
8490	5	5	5	0	-93
8500	-4.99	-4.99	4.97	-20.04	-11910
8510	-4.99	-4.99	4.44	-75.49	-8401
8520	-4.99	-4.99	3.61	-89.22	-3332
8530	-4.99	-4.99	2.71	-89.22	-1825
8540	-4.99	-4.99	1.79	-89.22	-1542
8550	-4.99	-4.99	0.86	-89.22	-1489
8560	-4.99	-4.99	-0.06	-98.14	-1493
8570	-4.99	-4.99	-0.98	-98.14	-1719
8580	-4.99	-4.99	-1.88	-89.22	-1667
8590	-4.99	-4.99	-2.92	-89.22	-1635
8600	-4.99	-4.99	-3.87	-89.22	-1435
8610	-4.99	-4.99	-4.83	-81.77	4302
8620	-4.99	-4.99	-5.4	-22.3	9322
8630	-4.99	-4.99	-5.44	8.6	3394
8640	-4.99	-4.99	-5.32	12.91	737
8650	-4.99	-4.99	-5.18	10.66	-267
8660	-4.99	-4.99	-5.12	7.11	-372
8670	-4.99	-4.99	-5.06	4.68	-308
8680	-4.99	-4.99	-5.04	3.5	-41
8690	-4.99	-4.99	-5.02	1.74	-14
8700	-4.99	-4.99	-5.02	1.52	649
8710	-4.99	-4.99	-5	1.46	258
8720	-4.99	-4.99	-5	1	534
8730	-4.99	-4.99	-4.99	0.79	-301
8740	-4.99	-4.99	-4.99	0.79	120
8750	-4.99	-4.99	-4.99	0.79	169
8760	-4.99	-4.99	-4.99	0.57	196
8770	-4.99	-4.99	-4.99	0.44	183
8780	-4.99	-4.99	-4.99	0	179
8790	-4.99	-4.99	-4.99	0	178
8800	-4.99	-4.99	-4.99	0	178
8810	-4.99	-4.99	-4.99	0	178
8820	-4.99	-4.99	-4.99	0	177
8830	-4.99	-4.99	-4.99	0	180
8840	-4.99	-4.99	-4.99	0	178
8850	-4.99	-4.99	-4.99	0	178
8860	-4.99	-4.99	-4.99	0	179
8870	-4.99	-4.99	-4.99	0	176
8880	-4.99	-4.99	-4.99	0	178
8890	-4.99	-4.99	-4.99	0	178
8900	-4.99	-4.99	-4.99	0	178
8910	-4.99	-4.99	-4.99	0	177
8920	-4.99	-4.99	-4.99	0	179
8930	-4.99	-4.99	-4.99	0	178
8940	-4.99	-4.99	-4.99	0	177
8950	-4.99	-4.99	-4.99	0	178
8960	-4.99	-4.99	-4.99	0	179
8970	-4.99	-4.99	-4.99	0	178
8980	-4.99	-4.99	-4.99	0	178
8990	-4.99	-4.99	-4.99	0	178
9000	5	5	-4.95	25.17	11912
9010	5	5	-4.42	70.09	8493
9020	5	5	-3.57	98.14	3191
9030	5	5	-2.69	89.22	1863
9040	5	5	-1.79	98.14	1667
9050	5	5	-0.88	89.22	1669
9060	5	5	0.02	89.22	1729
9070	5	5	0.92	89.22	1750
9080	5	5	1.83	109.03	1693
9090	5	5	2.85	98.14	1654
9100	5	5	3.79	98.14	1578
9110	5	5	4.57	75.49	-561
9120	5	5	5.26	44.61	-7708
9130	5	5	5.46	6.86	-5666
9140	5	5	5.38	-10.02	-1603
9150	5	5	5.26	-12.12	-22
9160	5	5	5.16	-9.17	639
9170	5	5	5.1	-5.84	363
9180	5	5	5.06	-3.23	396
9190	5	5	5.04	-2.42	307
9200	5	5	5.04	-1.41	-411
9210	5	5	5.02	-1.04	212
9220	5	5	5.02	-1.04	-312
9230	5	5	5	0.14	194
9240	5	5	5	0	-119
9250	5	5	5.02	0	-356
9260	5	5	5	0	-253
9270	5	5	5	0	-49
9280	5	5	5	0	-28
9290	5	5	5	0	-71
9300	5	5	5	0	-35
9310	5	5	5	0	-74
9320	5	5	5	0	-100
9330	5	5	5	0	-100
9340	5	5	5	0	-99
9350	5	5	5	0	-99
9360	5	5	5	0	-99
9370	5	5	5	0	-98
9380	5	5	5	0	-100
9390	5	5	5	0	-99
9400	5	5	5	0	-99
9410	5	5	5	0	-99
9420	5	5	5	0	-98
9430	5	5	5	0	-100
9440	5	5	5	0	-99
9450	5	5	5	0	-100
9460	5	5	5	0	-102
9470	5	5	5	0	-99
9480	5	5	5	0	-99
9490	5	5	5	0	-99
9500	5	5	5	0	-99
9510	-4.99	-4.99	4.97	-23.93	-12605
9520	-4.99	-4.99	4.42	-81.77	-8362
9530	-4.99	-4.99	3.57	-89.22	-3337
9540	-4.99	-4.99	2.67	-89.22	-1841
9550	-4.99	-4.99	1.75	-98.14	-1527
9560	-4.99	-4.99	0.82	-98.14	-1498
9570	-4.99	-4.99	-0.1	-89.22	-1536
9580	-4.99	-4.99	-1.02	-98.14	-1676
9590	-4.99	-4.99	-2.04	-98.14	-1665
9600	-4.99	-4.99	-2.94	-89.22	-1677
9610	-4.99	-4.99	-3.91	-89.22	-1451
9620	-4.99	-4.99	-4.79	-89.22	3560
9630	-4.99	-4.99	-5.38	-28.86	9424
9640	-4.99	-4.99	-5.46	0	5188
9650	-4.99	-4.99	-5.36	13.82	1595
9660	-4.99	-4.99	-5.22	12.42	-108
9670	-4.99	-4.99	-5.14	7.73	-268
9680	-4.99	-4.99	-5.08	4.63	-231
9690	-4.99	-4.99	-5.04	3.45	-2
9700	-4.99	-4.99	-5.02	1.87	-15
9710	-4.99	-4.99	-5.02	1.44	583
9720	-4.99	-4.99	-5	1.44	297
9730	-4.99	-4.99	-5	0.97	547
9740	-4.99	-4.99	-4.99	0.71	-238
9750	-4.99	-4.99	-4.99	0.71	93
9760	-4.99	-4.99	-4.99	0.71	201
9770	-4.99	-4.99	-4.99	0.61	228
9780	-4.99	-4.99	-4.99	0.46	211
9790	-4.99	-4.99	-4.99	0.38	209
9800	-4.99	-4.99	-4.99	0	209
9810	-4.99	-4.99	-4.99	0	210
9820	-4.99	-4.99	-4.99	0	208
9830	-4.99	-4.99	-4.99	0	209
9840	-4.99	-4.99	-4.99	0	209
9850	-4.99	-4.99	-4.99	0	210
9860	-4.99	-4.99	-4.99	0	209
9870	-4.99	-4.99	-4.99	0	209
9880	-4.99	-4.99	-4.99	0	209
9890	-4.99	-4.99	-4.99	0	209
9900	-4.99	-4.99	-4.99	0	209
9910	-4.99	-4.99	-4.99	0	209
9920	-4.99	-4.99	-4.99	0	209
9930	-4.99	-4.99	-4.99	0	209
9940	-4.99	-4.99	-4.99	0	210
9950	-4.99	-4.99	-4.99	0	209
9960	-4.99	-4.99	-4.99	0	209
9970	-4.99	-4.99	-4.99	0	209
9980	-4.99	-4.99	-4.99	0	209
9990	-4.99	-4.99	-4.99	0	209
10000	5	5	-4.93	27.26	12427
