0	0	0	0	0	204
10	5	0	0	0	288
20	5	0.06	0.02	0.02	3247
30	5	0.24	0.18	24.53	3189
40	5	0.53	0.49	36.35	2949
50	5	0.92	0.88	49.07	3145
60	5	1.45	1.43	61.33	3228
70	5	2.1	2.06	81.77	3139
80	5	2.83	2.87	75.49	1750
90	5	3.47	3.63	70.09	-2818
100	5	4	4.2	44.61	-3151
110	5	4.44	4.59	29.74	-1959
120	5	4.73	4.85	20.88	-1474
130	5	4.93	4.99	10.66	-1643
140	5	5.02	5.04	0	-1719
150	5	5	5.02	-6.86	-1639
160	5	5	4.95	-5.13	1440
170	5	5	4.97	4.13	561
180	5	5	4.99	0	-634
190	5	5	4.99	0	-103
200	5	5	4.99	0	126
210	5	5	5	0.61	-310
220	5	5	4.99	0	-266
230	5	5	5	0	-156
240	5	5	5	0	-140
250	5	5	5	0	-194
260	5	5	5	0	-216
270	5	5	5	0	-212
280	5	5	5	0	-212
290	5	5	5	0	-213
300	5	5	5	0	-212
310	5	5	5	0	-211
320	5	5	5	0	-212
330	5	5	5	0	-212
340	5	5	5	0	-212
350	5	5	5	0	-212
360	5	5	5	0	-212
370	5	5	5	0	-212
380	5	5	5	0	-213
390	5	5	5	0	-212
400	5	5	5	0	-212
410	5	5	5	0	-211
420	5	5	5	0	-212
430	5	5	5	0	-212
440	5	5	5	0	-212
450	5	5	5	0	-212
460	5	5	5	0	-212
470	5	5	5	0	-212
480	5	5	5	0	-212
490	5	5	5	0	-212
500	-4.99	5	5	0	-243
510	-4.99	4.95	4.99	0	-2934
520	-4.99	4.79	4.83	-22.3	-3509
530	-4.99	4.49	4.55	-36.35	-3366
540	-4.99	4.1	4.14	-49.07	-3620
550	-4.99	3.57	3.59	-65.43	-3472
560	-4.99	2.94	2.94	-75.49	-3674
570	-4.99	2.14	2.14	-75.49	-2836
580	-4.99	1.32	1.35	-89.22	-2110
590	-4.99	0.31	0.43	-89.22	-1648
600	-4.99	-0.69	-0.47	-89.22	-1338
610	-4.99	-1.63	-1.37	-89.22	-1212
620	-4.99	-2.45	-2.3	-89.22	-1119
630	-4.99	-3.18	-3.2	-98.14	-905
640	-4.99	-3.75	-4.08	-75.49	3441
650	-4.99	-4.22	-4.67	-46.73	6233
660	-4.99	-4.59	-4.99	-18.51	2953
670	-4.99	-4.85	-5.1	-9.81	1374
680	-4.99	-4.95	-5.14	-3.11	1884
690	-4.99	-4.99	-5.08	7.6	898
700	-4.99	-4.99	-5	5.57	-946
710	-4.99	-4.99	-5	0	48
720	-4.99	-4.99	-5	0	290
730	-4.99	-4.99	-4.99	0	310
740	-4.99	-4.99	-4.97	1.15	25
750	-4.99	-4.99	-4.97	1.15	-441
760	-4.99	-4.99	-4.97	1	-679
770	-4.99	-4.99	-4.99	0	-38
780	-4.99	-4.99	-4.99	0	8
790	-4.99	-4.99	-4.97	0	-172
800	-4.99	-4.99	-4.97	0	-521
810	-4.99	-4.99	-4.99	0	-199
820	-4.99	-4.99	-4.99	0	-163
830	-4.99	-4.99	-4.97	0	-431
840	-4.99	-4.99	-4.99	0	-236
850	-4.99	-4.99	-4.99	0	-223
860	-4.99	-4.99	-4.99	0	-175
870	-4.99	-4.99	-4.99	0	-201
880	-4.99	-4.99	-4.99	0	-201
890	-4.99	-4.99	-4.99	0	-202
900	-4.99	-4.99	-4.99	0	-202
910	-4.99	-4.99	-4.99	0	-201
920	-4.99	-4.99	-4.99	0	-202
930	-4.99	-4.99	-4.99	0	-202
940	-4.99	-4.99	-4.99	0	-202
950	-4.99	-4.99	-4.99	0	-202
960	-4.99	-4.99	-4.99	0	-203
970	-4.99	-4.99	-4.99	0	-202
980	-4.99	-4.99	-4.99	0	-202
990	-4.99	-4.99	-4.99	0	-202
1000	5	-4.99	-4.99	0	-165
1010	5	-4.93	-4.97	2.9	2765
1020	5	-4.75	-4.81	24.53	3440
1030	5	-4.46	-4.51	36.35	3080
1040	5	-4.04	-4.08	44.61	3295
1050	5	-3.51	-3.53	61.33	3306
1060	5	-2.87	-2.87	75.49	3095
1070	5	-2.1	-2.08	81.77	2463
1080	5	-1.18	-1.18	89.22	1658
1090	5	-0.22	-0.31	89.22	1212
1100	5	0.79	0.59	98.14	983
1110	5	1.71	1.51	98.14	897
1120	5	2.53	2.43	89.22	848
1130	5	3.24	3.34	89.22	374
1140	5	3.81	4.16	70.09	-5029
1150	5	4.28	4.67	36.35	-4443
1160	5	4.63	4.95	18.51	-1883
1170	5	4.87	5.08	11.82	-1464
1180	5	4.99	5.14	4.51	-2210
1190	5	5	5.08	-7.16	-1374
1200	5	5	5	-6.06	988
1210	5	5	5	0	129
1220	5	5	5	0	-296
1230	5	5	5	0	-423
1240	5	5	4.99	-0.53	-52
1250	5	5	5	0	-307
1260	5	5	5	0	-332
1270	5	5	5	0	-370
1280	5	5	5	0	-366
1290	5	5	5	0	-364
1300	5	5	5	0	-364
1310	5	5	5	0	-364
1320	5	5	5	0	-365
1330	5	5	5	0	-364
1340	5	5	5	0	-364
1350	5	5	5	0	-364
1360	5	5	5	0	-364
1370	5	5	5	0	-364
1380	5	5	5	0	-364
1390	5	5	5	0	-364
1400	5	5	5	0	-364
1410	5	5	5	0	-364
1420	5	5	5	0	-363
1430	5	5	5	0	-364
1440	5	5	5	0	-364
1450	5	5	5	0	-364
1460	5	5	5	0	-363
1470	5	5	5	0	-364
1480	5	5	5	0	-364
1490	5	5	5	0	-364
1500	-4.99	5	5	0	-416
1510	-4.99	4.95	4.99	0	-3195
1520	-4.99	4.79	4.83	-21.81	-3525
1530	-4.99	4.49	4.53	-36.35	-3335
1540	-4.99	4.1	4.12	-46.73	-3441
1550	-4.99	3.57	3.59	-57.72	-3640
1560	-4.99	2.9	2.9	-75.49	-3683
1570	-4.99	2.18	2.16	-81.77	-2746
1580	-4.99	1.24	1.26	-89.22	-2047
1590	-4.99	0.31	0.45	-81.77	-1683
1600	-4.99	-0.73	-0.49	-98.14	-1345
1610	-4.99	-1.63	-1.41	-98.14	-1235
1620	-4.99	-2.45	-2.28	-89.22	-1133
1630	-4.99	-3.18	-3.2	-89.22	-953
1640	-4.99	-3.75	-4.06	-81.77	3649
1650	-4.99	-4.22	-4.71	-40.89	6084
1660	-4.99	-4.59	-5	-20.88	2956
1670	-4.99	-4.85	-5.12	-9.63	1499
1680	-4.99	-4.95	-5.14	0	1347
1690	-4.99	-4.99	-5.1	6.58	1970
1700	-4.99	-4.99	-5	7.49	-1121
1710	-4.99	-4.99	-4.99	2.81	-1038
1720	-4.99	-4.99	-5	0	401
1730	-4.99	-4.99	-4.99	0	427
1740	-4.99	-4.99	-4.97	2.4	-588
1750	-4.99	-4.99	-4.97	1.24	-756
1760	-4.99	-4.99	-4.99	0	-2
1770	-4.99	-4.99	-4.99	0	43
1780	-4.99	-4.99	-4.99	0	117
1790	-4.99	-4.99	-4.97	0	-343
1800	-4.99	-4.99	-4.97	0	-517
1810	-4.99	-4.99	-4.99	0	-199
1820	-4.99	-4.99	-4.99	0	-178
1830	-4.99	-4.99	-4.97	0	-335
1840	-4.99	-4.99	-4.99	0	-249
1850	-4.99	-4.99	-4.99	0	-227
1860	-4.99	-4.99	-4.99	0	-175
1870	-4.99	-4.99	-4.99	0	-201
1880	-4.99	-4.99	-4.99	0	-207
1890	-4.99	-4.99	-4.99	0	-207
1900	-4.99	-4.99	-4.99	0	-207
1910	-4.99	-4.99	-4.99	0	-207
1920	-4.99	-4.99	-4.99	0	-208
1930	-4.99	-4.99	-4.99	0	-208
1940	-4.99	-4.99	-4.99	0	-207
1950	-4.99	-4.99	-4.99	0	-207
1960	-4.99	-4.99	-4.99	0	-207
1970	-4.99	-4.99	-4.99	0	-208
1980	-4.99	-4.99	-4.99	0	-208
1990	-4.99	-4.99	-4.99	0	-207
2000	5	-4.99	-4.99	0	-176
2010	5	-4.93	-4.97	0	2628
2020	5	-4.75	-4.81	21.34	3492
2030	5	-4.47	-4.51	37.75	3098
2040	5	-4.06	-4.1	49.07	3308
2050	5	-3.51	-3.53	65.43	3309
2060	5	-2.92	-2.89	75.49	3236
2070	5	-2.16	-2.1	89.22	2485
2080	5	-1.3	-1.28	89.22	1762
2090	5	-0.26	-0.35	89.22	1217
2100	5	0.75	0.57	89.22	949
2110	5	1.65	1.43	89.22	878
2120	5	2.47	2.36	89.22	866
2130	5	3.2	3.26	89.22	432
2140	5	3.77	4.12	70.09	-4716
2150	5	4.24	4.65	36.35	-4701
2160	5	4.61	4.93	18.17	-1851
2170	5	4.87	5.08	11.82	-1510
2180	5	4.97	5.14	4.02	-2160
2190	5	5	5.08	-6.96	-1504
2200	5	5	5.02	-6.22	905
2210	5	5	5	0	140
2220	5	5	5	0	-331
2230	5	5	5	0	-460
2240	5	5	5	0	-135
2250	5	5	5	0	-284
2260	5	5	5	0	-379
2270	5	5	5	0	-405
2280	5	5	5	0	-396
2290	5	5	5	0	-396
2300	5	5	5	0	-396
2310	5	5	5	0	-396
2320	5	5	5	0	-396
2330	5	5	5	0	-396
2340	5	5	5	0	-396
2350	5	5	5	0	-396
2360	5	5	5	0	-396
2370	5	5	5	0	-396
2380	5	5	5	0	-397
2390	5	5	5	0	-397
2400	5	5	5	0	-396
2410	5	5	5	0	-397
2420	5	5	5	0	-397
2430	5	5	5	0	-396
2440	5	5	5	0	-396
2450	5	5	5	0	-396
2460	5	5	5	0	-396
2470	5	5	5	0	-397
2480	5	5	5	0	-396
2490	5	5	5	0	-396
2500	-4.99	5	5	0	-448
2510	-4.99	4.95	4.99	-3.2	-3121
2520	-4.99	4.79	4.83	-22.3	-3569
2530	-4.99	4.49	4.53	-36.35	-3297
2540	-4.99	4.1	4.12	-46.73	-3440
2550	-4.99	3.57	3.59	-57.72	-3678
2560	-4.99	2.9	2.9	-75.49	-3693
2570	-4.99	2.18	2.16	-81.77	-2798
2580	-4.99	1.32	1.32	-81.77	-2054
2590	-4.99	0.31	0.43	-89.22	-1635
2600	-4.99	-0.69	-0.47	-98.14	-1328
2610	-4.99	-1.63	-1.37	-89.22	-1170
2620	-4.99	-2.45	-2.3	-98.14	-1116
2630	-4.99	-3.18	-3.2	-89.22	-935
2640	-4.99	-3.75	-4.08	-81.77	3915
2650	-4.99	-4.22	-4.69	-39.25	5762
2660	-4.99	-4.59	-4.99	-20.04	3049
2670	-4.99	-4.85	-5.1	-9.17	1555
2680	-4.99	-4.95	-5.14	0	1637
2690	-4.99	-4.99	-5.08	7.85	1115
2700	-4.99	-4.99	-5	6.06	-1009
2710	-4.99	-4.99	-4.99	3.09	-757
2720	-4.99	-4.99	-5	0	502
2730	-4.99	-4.99	-4.99	0	325
2740	-4.99	-4.99	-4.97	1.84	-537
2750	-4.99	-4.99	-4.97	-0.14	-612
2760	-4.99	-4.99	-4.99	0	-6
2770	-4.99	-4.99	-4.99	0	-27
2780	-4.99	-4.99	-4.99	0	76
2790	-4.99	-4.99	-4.99	0	88
2800	-4.99	-4.99	-4.99	0	83
2810	-4.99	-4.99	-4.97	0	-345
2820	-4.99	-4.99	-4.99	0	-304
2830	-4.99	-4.99	-4.99	0	-212
2840	-4.99	-4.99	-4.99	0.14	-156
2850	-4.99	-4.99	-4.99	0	-246
2860	-4.99	-4.99	-4.99	0	-229
2870	-4.99	-4.99	-4.99	0	-177
2880	-4.99	-4.99	-4.99	0	-163
2890	-4.99	-4.99	-4.99	0	-182
2900	-4.99	-4.99	-4.99	0	-186
2910	-4.99	-4.99	-4.99	0	-186
2920	-4.99	-4.99	-4.99	0	-186
2930	-4.99	-4.99	-4.99	0	-186
2940	-4.99	-4.99	-4.99	0	-185
2950	-4.99	-4.99	-4.99	0	-186
2960	-4.99	-4.99	-4.99	0	-186
2970	-4.99	-4.99	-4.99	0	-186
2980	-4.99	-4.99	-4.99	0	-185
2990	-4.99	-4.99	-4.99	0	-185
3000	5	-4.99	-4.99	0	-162
3010	5	-4.93	-4.97	0	2616
3020	5	-4.77	-4.83	21.34	3551
3030	5	-4.46	-4.51	36.35	3017
3040	5	-4.08	-4.12	51.64	3319
3050	5	-3.55	-3.57	57.72	3211
3060	5	-2.92	-2.92	75.49	3086
3070	5	-2.16	-2.14	89.22	2523
3080	5	-1.3	-1.3	89.22	1759
3090	5	-0.29	-0.39	98.14	1231
3100	5	0.71	0.51	89.22	1015
3110	5	1.65	1.43	89.22	881
3120	5	2.47	2.34	89.22	860
3130	5	3.2	3.26	89.22	489
3140	5	3.77	4.1	75.49	-4369
3150	5	4.24	4.65	37.75	-4782
3160	5	4.61	4.93	19.63	-2147
3170	5	4.87	5.08	12.12	-1566
3180	5	4.97	5.14	3.55	-2092
3190	5	5	5.1	-7.66	-1443
3200	5	5	5.02	-5.67	833
3210	5	5	5	0	515
3220	5	5	5.02	0	-458
3230	5	5	5	0	-381
3240	5	5	4.99	-1.4	232
3250	5	5	5	0	-171
3260	5	5	5	0	-171
3270	5	5	5	0	-274
3280	5	5	5	0	-294
3290	5	5	5	0	-270
3300	5	5	5	0	-278
3310	5	5	5	0	-282
3320	5	5	5	0	-281
3330	5	5	5	0	-282
3340	5	5	5	0	-281
3350	5	5	5	0	-281
3360	5	5	5	0	-281
3370	5	5	5	0	-281
3380	5	5	5	0	-281
3390	5	5	5	0	-281
3400	5	5	5	0	-281
3410	5	5	5	0	-281
3420	5	5	5	0	-281
3430	5	5	5	0	-281
3440	5	5	5	0	-281
3450	5	5	5	0	-281
3460	5	5	5	0	-281
3470	5	5	5	0	-281
3480	5	5	5	0	-281
3490	5	5	5	0	-281
3500	-4.99	5	5	0	-314
3510	-4.99	4.95	4.99	0	-3023
3520	-4.99	4.79	4.83	-22.3	-3565
3530	-4.99	4.51	4.53	-36.35	-3271
3540	-4.99	4.1	4.12	-44.61	-3461
3550	-4.99	3.57	3.59	-57.72	-3580
3560	-4.99	2.96	2.94	-75.49	-3807
3570	-4.99	2.22	2.16	-81.77	-2862
3580	-4.99	1.35	1.35	-89.22	-2114
3590	-4.99	0.37	0.45	-89.22	-1687
3600	-4.99	-0.65	-0.47	-89.22	-1353
3610	-4.99	-1.59	-1.37	-89.22	-1217
3620	-4.99	-2.41	-2.3	-98.14	-1128
3630	-4.99	-3.14	-3.2	-89.22	-946
3640	-4.99	-3.73	-4.04	-75.49	3186
3650	-4.99	-4.2	-4.69	-46.73	6316
3660	-4.99	-4.59	-4.99	-19.23	3004
3670	-4.99	-4.83	-5.1	-9.63	1327
3680	-4.99	-4.95	-5.14	-3	1952
3690	-4.99	-4.99	-5.08	7.91	846
3700	-4.99	-4.99	-5	5.57	-936
3710	-4.99	-4.99	-4.99	2.42	-454
3720	-4.99	-4.99	-5	0	566
3730	-4.99	-4.99	-4.99	0	321
3740	-4.99	-4.99	-4.97	1.44	-419
3750	-4.99	-4.99	-4.97	1.24	-711
3760	-4.99	-4.99	-4.99	0	-52
3770	-4.99	-4.99	-4.99	0	0
3780	-4.99	-4.99	-4.99	0	69
3790	-4.99	-4.99	-4.97	0	-312
3800	-4.99	-4.99	-4.97	0	-531
3810	-4.99	-4.99	-4.99	0	-186
3820	-4.99	-4.99	-4.99	0	-174
3830	-4.99	-4.99	-4.99	0	-140
3840	-4.99	-4.99	-4.97	-0.14	-401
3850	-4.99	-4.99	-4.99	0	-215
3860	-4.99	-4.99	-4.99	0	-172
3870	-4.99	-4.99	-4.99	0	-190
3880	-4.99	-4.99	-4.99	0	-191
3890	-4.99	-4.99	-4.99	0	-191
3900	-4.99	-4.99	-4.99	0	-191
3910	-4.99	-4.99	-4.99	0	-191
3920	-4.99	-4.99	-4.99	0	-190
3930	-4.99	-4.99	-4.99	0	-191
3940	-4.99	-4.99	-4.99	0	-191
3950	-4.99	-4.99	-4.99	0	-191
3960	-4.99	-4.99	-4.99	0	-191
3970	-4.99	-4.99	-4.99	0	-191
3980	-4.99	-4.99	-4.99	0	-190
3990	-4.99	-4.99	-4.99	0	-191
4000	5	-4.99	-4.99	0	-157
4010	5	-4.93	-4.95	2.94	2736
4020	5	-4.75	-4.81	25.17	3531
4030	5	-4.44	-4.49	33.84	3202
4040	5	-4.02	-4.06	49.07	3155
4050	5	-3.49	-3.51	61.33	3214
4060	5	-2.85	-2.83	70.09	3245
4070	5	-2.06	-2.04	81.77	2505
4080	5	-1.18	-1.2	81.77	1748
4090	5	-0.18	-0.29	98.14	1211
4100	5	0.82	0.63	81.77	956
4110	5	1.75	1.53	98.14	900
4120	5	2.57	2.45	98.14	860
4130	5	3.26	3.36	89.22	391
4140	5	3.83	4.2	75.49	-4939
4150	5	4.3	4.71	32.71	-4596
4160	5	4.65	4.97	21.34	-1943
4170	5	4.87	5.1	10.44	-1598
4180	5	4.99	5.14	0	-1919
4190	5	5	5.1	-8.18	-1403
4200	5	5	5.02	-6.06	890
4210	5	5	5	0	492
4220	5	5	5.02	0	-409
4230	5	5	5	0	-384
4240	5	5	4.99	-1.32	213
4250	5	5	5	0	-200
4260	5	5	5	0	-200
4270	5	5	5	0	-288
4280	5	5	5	0	-303
4290	5	5	5	0	-285
4300	5	5	5	0	-291
4310	5	5	5	0	-291
4320	5	5	5	0	-291
4330	5	5	5	0	-291
4340	5	5	5	0	-291
4350	5	5	5	0	-291
4360	5	5	5	0	-290
4370	5	5	5	0	-291
4380	5	5	5	0	-291
4390	5	5	5	0	-291
4400	5	5	5	0	-291
4410	5	5	5	0	-290
4420	5	5	5	0	-291
4430	5	5	5	0	-290
4440	5	5	5	0	-292
4450	5	5	5	0	-291
4460	5	5	5	0	-291
4470	5	5	5	0	-292
4480	5	5	5	0	-292
4490	5	5	5	0	-291
4500	-4.99	5	5	0	-343
4510	-4.99	4.95	4.99	0	-3162
4520	-4.99	4.77	4.83	-22.3	-3557
4530	-4.99	4.47	4.53	-35.05	-3230
4540	-4.99	4.08	4.12	-46.73	-3577
4550	-4.99	3.55	3.59	-57.72	-3606
4560	-4.99	2.9	2.9	-70.09	-3542
4570	-4.99	2.14	2.14	-81.77	-2776
4580	-4.99	1.28	1.3	-89.22	-2101
4590	-4.99	0.27	0.41	-89.22	-1715
4600	-4.99	-0.73	-0.49	-89.22	-1381
4610	-4.99	-1.67	-1.41	-89.22	-1237
4620	-4.99	-2.47	-2.32	-89.22	-1146
4630	-4.99	-3.2	-3.22	-89.22	-995
4640	-4.99	-3.77	-4.06	-81.77	3479
4650	-4.99	-4.24	-4.73	-40.89	6178
4660	-4.99	-4.59	-5	-20.88	3108
4670	-4.99	-4.85	-5.12	-9.44	1505
4680	-4.99	-4.97	-5.14	0	1373
4690	-4.99	-4.99	-5.1	8.92	1682
4700	-4.99	-4.99	-5	6.86	-1085
4710	-4.99	-4.99	-4.99	3.08	-968
4720	-4.99	-4.99	-5	0	373
4730	-4.99	-4.99	-4.99	0	439
4740	-4.99	-4.99	-4.97	2.62	-595
4750	-4.99	-4.99	-4.97	0	-740
4760	-4.99	-4.99	-4.99	0	23
4770	-4.99	-4.99	-4.99	0	73
4780	-4.99	-4.99	-4.97	0	-93
4790	-4.99	-4.99	-4.97	0	-346
4800	-4.99	-4.99	-4.97	0	-583
4810	-4.99	-4.99	-4.99	0	-191
4820	-4.99	-4.99	-4.99	0	-158
4830	-4.99	-4.99	-4.97	0	-274
4840	-4.99	-4.99	-4.99	0	-260
4850	-4.99	-4.99	-4.99	0	-249
4860	-4.99	-4.99	-4.99	0	-174
4870	-4.99	-4.99	-4.99	0	-200
4880	-4.99	-4.99	-4.99	0	-201
4890	-4.99	-4.99	-4.99	0	-202
4900	-4.99	-4.99	-4.99	0	-202
4910	-4.99	-4.99	-4.99	0	-202
4920	-4.99	-4.99	-4.99	0	-202
4930	-4.99	-4.99	-4.99	0	-202
4940	-4.99	-4.99	-4.99	0	-202
4950	-4.99	-4.99	-4.99	0	-202
4960	-4.99	-4.99	-4.99	0	-202
4970	-4.99	-4.99	-4.99	0	-203
4980	-4.99	-4.99	-4.99	0	-202
4990	-4.99	-4.99	-4.99	0	-202
5000	5	-4.99	-4.99	0	-170
5010	5	-4.93	-4.97	3.11	2566
5020	5	-4.75	-4.81	20.88	3511
5030	5	-4.46	-4.51	37.75	3109
5040	5	-4.06	-4.1	49.07	3307
5050	5	-3.53	-3.55	54.52	3223
5060	5	-2.89	-2.92	75.49	3026
5070	5	-2.12	-2.14	81.77	2504
5080	5	-1.3	-1.3	89.22	1742
5090	5	-0.26	-0.39	98.14	1256
5100	5	0.75	0.51	89.22	993
5110	5	1.65	1.43	98.14	886
5120	5	2.49	2.36	89.22	865
5130	5	3.2	3.26	98.14	401
5140	5	3.79	4.14	75.49	-4702
5150	5	4.24	4.65	37.75	-4300
5160	5	4.61	4.93	19.63	-2009
5170	5	4.87	5.08	12.26	-1713
5180	5	4.97	5.14	3.63	-2167
5190	5	5	5.08	-7.73	-1290
5200	5	5	5.02	-5.54	885
5210	5	5	5	0	486
5220	5	5	5.02	0	-490
5230	5	5	5	0	-406
5240	5	5	4.99	-1.54	385
5250	5	5	5	0	-188
5260	5	5	5	0	-196
5270	5	5	5	0	-283
5280	5	5	5	0	-302
5290	5	5	5	0	-264
5300	5	5	5	0	-281
5310	5	5	5	0	-286
5320	5	5	5	0	-286
5330	5	5	5	0	-287
5340	5	5	5	0	-286
5350	5	5	5	0	-286
5360	5	5	5	0	-286
5370	5	5	5	0	-286
5380	5	5	5	0	-285
5390	5	5	5	0	-286
5400	5	5	5	0	-287
5410	5	5	5	0	-287
5420	5	5	5	0	-286
5430	5	5	5	0	-286
5440	5	5	5	0	-286
5450	5	5	5	0	-286
5460	5	5	5	0	-287
5470	5	5	5	0	-286
5480	5	5	5	0	-286
5490	5	5	5	0	-285
5500	5	5	5	0	-286
5510	-4.99	5	5	0	-340
5520	-4.99	4.95	4.99	0	-3159
5530	-4.99	4.79	4.83	-21.81	-3544
5540	-4.99	4.49	4.55	-36.35	-3296
5550	-4.99	4.1	4.14	-46.73	-3534
5560	-4.99	3.57	3.59	-57.72	-3669
5570	-4.99	2.94	2.94	-70.09	-3623
5580	-4.99	2.18	2.16	-81.77	-2762
5590	-4.99	1.32	1.33	-89.22	-2087
5600	-4.99	0.31	0.45	-89.22	-1705
5610	-4.99	-0.69	-0.45	-89.22	-1397
5620	-4.99	-1.63	-1.37	-81.77	-1232
5630	-4.99	-2.45	-2.28	-98.14	-1161
5640	-4.99	-3.18	-3.18	-89.22	-995
5650	-4.99	-3.75	-4.06	-81.77	3477
5660	-4.99	-4.22	-4.71	-40.89	6168
5670	-4.99	-4.59	-5	-21.34	3016
5680	-4.99	-4.85	-5.12	-9.53	1451
5690	-4.99	-4.95	-5.16	-3.85	2069
5700	-4.99	-4.99	-5.1	9.09	1240
5710	-4.99	-4.99	-5.02	5.73	-919
5720	-4.99	-4.99	-5	0	-184
5730	-4.99	-4.99	-4.99	1.38	44
5740	-4.99	-4.99	-5	0	420
5750	-4.99	-4.99	-4.99	0	317
5760	-4.99	-4.99	-4.97	1.22	-71
5770	-4.99	-4.99	-4.97	1.22	-563
5780	-4.99	-4.99	-4.99	0	-345
5790	-4.99	-4.99	-4.99	0	-74
5800	-4.99	-4.99	-4.99	0	37
5810	-4.99	-4.99	-4.97	0	-308
5820	-4.99	-4.99	-4.97	0	-560
5830	-4.99	-4.99	-4.99	0	-218
5840	-4.99	-4.99	-4.99	0	-155
5850	-4.99	-4.99	-4.97	0	-339
5860	-4.99	-4.99	-4.99	0	-223
5870	-4.99	-4.99	-4.99	0	-216
5880	-4.99	-4.99	-4.99	0	-180
5890	-4.99	-4.99	-4.99	0	-196
5900	-4.99	-4.99	-4.99	0	-197
5910	-4.99	-4.99	-4.99	0	-198
5920	-4.99	-4.99	-4.99	0	-196
5930	-4.99	-4.99	-4.99	0	-197
5940	-4.99	-4.99	-4.99	0	-197
5950	-4.99	-4.99	-4.99	0	-198
5960	-4.99	-4.99	-4.99	0	-197
5970	-4.99	-4.99	-4.99	0	-197
5980	-4.99	-4.99	-4.99	0	-197
5990	-4.99	-4.99	-4.99	0	-197
6000	5	-4.99	-4.99	0	-174
6010	5	-4.93	-4.97	0	2447
6020	5	-4.77	-4.83	21.34	3515
6030	5	-4.49	-4.53	37.75	3104
6040	5	-4.08	-4.12	49.07	3306
6050	5	-3.57	-3.57	61.33	3194
6060	5	-2.94	-2.92	65.43	3235
6070	5	-2.2	-2.14	81.77	2490
6080	5	-1.33	-1.28	89.22	1753
6090	5	-0.35	-0.39	89.22	1237
6100	5	0.67	0.51	81.77	1016
6110	5	1.61	1.43	89.22	913
6120	5	2.43	2.36	98.14	871
6130	5	3.16	3.26	89.22	534
6140	5	3.75	4.1	70.09	-4672
6150	5	4.22	4.65	35.05	-4406
6160	5	4.59	4.93	20.44	-2108
6170	5	4.85	5.08	12.42	-1526
6180	5	4.97	5.14	4.54	-2179
6190	5	5	5.08	-7.49	-1264
6200	5	5	5.02	-5.78	812
6210	5	5	5	0	512
6220	5	5	5.02	0	-461
6230	5	5	5	0	-398
6240	5	5	4.99	-1.46	317
6250	5	5	5	0	-190
6260	5	5	5	0	-196
6270	5	5	5	0	-285
6280	5	5	5	0	-305
6290	5	5	5	0	-283
6300	5	5	5	0	-290
6310	5	5	5	0	-291
6320	5	5	5	0	-292
6330	5	5	5	0	-291
6340	5	5	5	0	-291
6350	5	5	5	0	-291
6360	5	5	5	0	-291
6370	5	5	5	0	-291
6380	5	5	5	0	-291
6390	5	5	5	0	-292
6400	5	5	5	0	-291
6410	5	5	5	0	-291
6420	5	5	5	0	-291
6430	5	5	5	0	-291
6440	5	5	5	0	-291
6450	5	5	5	0	-291
6460	5	5	5	0	-291
6470	5	5	5	0	-291
6480	5	5	5	0	-291
6490	5	5	5	0	-291
6500	-4.99	5	5	0	-323
6510	-4.99	4.95	4.99	0	-3034
6520	-4.99	4.79	4.85	-22.3	-3565
6530	-4.99	4.51	4.55	-36.35	-3281
6540	-4.99	4.1	4.14	-51.64	-3596
6550	-4.99	3.59	3.59	-61.33	-3570
6560	-4.99	2.96	2.96	-75.49	-3696
6570	-4.99	2.22	2.2	-70.09	-2862
6580	-4.99	1.35	1.35	-98.14	-2135
6590	-4.99	0.37	0.47	-89.22	-1678
6600	-4.99	-0.65	-0.43	-89.22	-1391
6610	-4.99	-1.59	-1.33	-89.22	-1252
6620	-4.99	-2.41	-2.26	-89.22	-1170
6630	-4.99	-3.14	-3.16	-98.14	-970
6640	-4.99	-3.73	-4.04	-75.49	2868
6650	-4.99	-4.2	-4.67	-44.61	6205
6660	-4.99	-4.57	-4.99	-18.87	3127
6670	-4.99	-4.83	-5.1	-9.53	1349
6680	-4.99	-4.95	-5.14	0	1592
6690	-4.99	-4.99	-5.1	6.01	1782
6700	-4.99	-4.99	-5.02	6.81	-943
6710	-4.99	-4.99	-4.99	3.47	-1014
6720	-4.99	-4.99	-5	0	322
6730	-4.99	-4.99	-4.99	0	498
6740	-4.99	-4.99	-4.97	2.68	-489
6750	-4.99	-4.99	-4.97	0	-744
6760	-4.99	-4.99	-4.99	0	-9
6770	-4.99	-4.99	-4.99	0	43
6780	-4.99	-4.99	-4.99	0	89
6790	-4.99	-4.99	-4.97	0	-356
6800	-4.99	-4.99	-4.97	0	-599
6810	-4.99	-4.99	-4.99	0	-227
6820	-4.99	-4.99	-4.99	0	-169
6830	-4.99	-4.99	-4.99	0	-145
6840	-4.99	-4.99	-4.99	0	-295
6850	-4.99	-4.99	-4.99	0	-241
6860	-4.99	-4.99	-4.99	0	-170
6870	-4.99	-4.99	-4.99	0	-195
6880	-4.99	-4.99	-4.99	0	-197
6890	-4.99	-4.99	-4.99	0	-196
6900	-4.99	-4.99	-4.99	0	-197
6910	-4.99	-4.99	-4.99	0	-198
6920	-4.99	-4.99	-4.99	0	-197
6930	-4.99	-4.99	-4.99	0	-197
6940	-4.99	-4.99	-4.99	0	-197
6950	-4.99	-4.99	-4.99	0	-197
6960	-4.99	-4.99	-4.99	0	-197
6970	-4.99	-4.99	-4.99	0	-197
6980	-4.99	-4.99	-4.99	0	-197
6990	-4.99	-4.99	-4.99	0	-197
7000	5	-4.99	-4.99	0	-158
7010	5	-4.93	-4.97	2.83	2760
7020	5	-4.75	-4.81	25.17	3492
7030	5	-4.46	-4.51	36.35	3100
7040	5	-4.04	-4.08	46.73	3294
7050	5	-3.51	-3.53	65.43	3244
7060	5	-2.87	-2.87	75.49	3317
7070	5	-2.1	-2.08	89.22	2377
7080	5	-1.22	-1.22	81.77	1704
7090	5	-0.22	-0.31	89.22	1218
7100	5	0.79	0.59	98.14	1005
7110	5	1.71	1.51	89.22	915
7120	5	2.53	2.41	98.14	850
7130	5	3.24	3.34	89.22	392
7140	5	3.81	4.16	70.09	-5200
7150	5	4.28	4.67	36.35	-4029
7160	5	4.63	4.95	19.63	-1925
7170	5	4.87	5.1	12.26	-1743
7180	5	4.99	5.14	3.69	-2264
7190	5	5	5.08	-7.66	-1100
7200	5	5	5	-5.09	983
7210	5	5	5	0	412
7220	5	5	5	0	-472
7230	5	5	5	0	-419
7240	5	5	4.99	0.14	363
7250	5	5	5	0	-202
7260	5	5	5	0	-223
7270	5	5	5	0	-293
7280	5	5	5	0	-305
7290	5	5	5	0	-266
7300	5	5	5	0	-289
7310	5	5	5	0	-290
7320	5	5	5	0	-291
7330	5	5	5	0	-291
7340	5	5	5	0	-291
7350	5	5	5	0	-291
7360	5	5	5	0	-291
7370	5	5	5	0	-291
7380	5	5	5	0	-290
7390	5	5	5	0	-291
7400	5	5	5	0	-291
7410	5	5	5	0	-291
7420	5	5	5	0	-291
7430	5	5	5	0	-291
7440	5	5	5	0	-292
7450	5	5	5	0	-291
7460	5	5	5	0	-291
7470	5	5	5	0	-290
7480	5	5	5	0	-292
7490	5	5	5	0	-291
7500	5	5	5	0	-291
7510	-4.99	5	5	0	-372
7520	-4.99	4.95	4.99	-4.3	-3274
7530	-4.99	4.77	4.83	-21.81	-3509
7540	-4.99	4.47	4.53	-35.05	-3346
7550	-4.99	4.08	4.12	-46.73	-3457
7560	-4.99	3.55	3.57	-61.33	-3610
7570	-4.99	2.9	2.9	-70.09	-3696
7580	-4.99	2.14	2.14	-89.22	-2788
7590	-4.99	1.28	1.3	-89.22	-2015
7600	-4.99	0.27	0.41	-89.22	-1649
7610	-4.99	-0.73	-0.49	-89.22	-1380
7620	-4.99	-1.67	-1.41	-98.14	-1222
7630	-4.99	-2.47	-2.32	-89.22	-1117
7640	-4.99	-3.2	-3.24	-98.14	-959
7650	-4.99	-3.77	-4.1	-75.49	3767
7660	-4.99	-4.24	-4.71	-39.25	6285
7670	-4.99	-4.59	-4.99	-19.23	2671
7680	-4.99	-4.85	-5.12	-9.26	1468
7690	-4.99	-4.97	-5.14	0	1537
7700	-4.99	-4.99	-5.08	8.68	1387
7710	-4.99	-4.99	-5	6.58	-1111
7720	-4.99	-4.99	-4.99	3.09	-917
7730	-4.99	-4.99	-5	0	411
7740	-4.99	-4.99	-4.99	0	403
7750	-4.99	-4.99	-4.97	2.51	-616
7760	-4.99	-4.99	-4.97	0	-750
7770	-4.99	-4.99	-4.99	0	18
7780	-4.99	-4.99	-4.99	0	38
7790	-4.99	-4.99	-4.99	0	110
7800	-4.99	-4.99	-4.99	0	-65
7810	-4.99	-4.99	-4.97	0	-434
7820	-4.99	-4.99	-4.99	0	-263
7830	-4.99	-4.99	-4.99	0	-220
7840	-4.99	-4.99	-4.99	0	-144
7850	-4.99	-4.99	-4.97	0	-367
7860	-4.99	-4.99	-4.99	0	-236
7870	-4.99	-4.99	-4.99	0	-219
7880	-4.99	-4.99	-4.99	0	-172
7890	-4.99	-4.99	-4.99	0	-200
7900	-4.99	-4.99	-4.99	0	-202
7910	-4.99	-4.99	-4.99	0	-202
7920	-4.99	-4.99	-4.99	0	-203
7930	-4.99	-4.99	-4.99	0	-202
7940	-4.99	-4.99	-4.99	0	-202
7950	-4.99	-4.99	-4.99	0	-201
7960	-4.99	-4.99	-4.99	0	-202
7970	-4.99	-4.99	-4.99	0	-202
7980	-4.99	-4.99	-4.99	0	-202
7990	-4.99	-4.99	-4.99	0	-202
8000	5	-4.99	-4.99	0	-172
8010	5	-4.93	-4.97	3	2628
8020	5	-4.75	-4.83	24.53	3515
8030	5	-4.46	-4.53	36.35	3107
8040	5	-4.06	-4.12	44.61	3300
8050	5	-3.53	-3.55	61.33	3144
8060	5	-2.89	-2.89	70.09	3309
8070	5	-2.12	-2.1	81.77	2532
8080	5	-1.26	-1.28	89.22	1708
8090	5	-0.26	-0.35	81.77	1239
8100	5	0.75	0.51	89.22	1021
8110	5	1.69	1.43	98.14	911
8120	5	2.49	2.37	98.14	858
8130	5	3.22	3.26	89.22	405
8140	5	3.79	4.1	70.09	-4893
8150	5	4.26	4.63	37.75	-4226
8160	5	4.61	4.93	20.04	-2054
8170	5	4.87	5.08	12.58	-1744
8180	5	4.99	5.14	0	-2098
8190	5	5	5.1	-7.85	-1397
8200	5	5	5.02	-6.17	832
8210	5	5	5	0	488
8220	5	5	5	0	-140
8230	5	5	5	0	-316
8240	5	5	5	-0.5	-287
8250	5	5	5	0	-184
8260	5	5	5	0	-176
8270	5	5	5	0	-261
8280	5	5	5	0	-280
8290	5	5	5	0	-275
8300	5	5	5	0	-275
8310	5	5	5	0	-275
8320	5	5	5	0	-275
8330	5	5	5	0	-275
8340	5	5	5	0	-275
8350	5	5	5	0	-275
8360	5	5	5	0	-275
8370	5	5	5	0	-275
8380	5	5	5	0	-275
8390	5	5	5	0	-275
8400	5	5	5	0	-275
8410	5	5	5	0	-275
8420	5	5	5	0	-274
8430	5	5	5	0	-276
8440	5	5	5	0	-275
8450	5	5	5	0	-275
8460	5	5	5	0	-276
8470	5	5	5	0	-275
8480	5	5	5	0	-275
8490	5	5	5	0	-276
8500	-4.99	5	5	0	-327
8510	-4.99	4.95	4.99	-4.6	-3161
8520	-4.99	4.77	4.83	-21.81	-3547
8530	-4.99	4.47	4.55	-35.05	-3286
8540	-4.99	4.08	4.14	-46.73	-3534
8550	-4.99	3.55	3.59	-57.72	-3598
8560	-4.99	2.9	2.94	-70.09	-3667
8570	-4.99	2.14	2.18	-75.49	-2831
8580	-4.99	1.28	1.33	-89.22	-2119
8590	-4.99	0.27	0.45	-89.22	-1699
8600	-4.99	-0.73	-0.45	-89.22	-1372
8610	-4.99	-1.67	-1.37	-89.22	-1265
8620	-4.99	-2.47	-2.28	-89.22	-1139
8630	-4.99	-3.2	-3.2	-98.14	-975
8640	-4.99	-3.77	-4.06	-75.49	3476
8650	-4.99	-4.24	-4.69	-40.89	6037
8660	-4.99	-4.59	-4.99	-17.52	2975
8670	-4.99	-4.85	-5.12	-8.38	1433
8680	-4.99	-4.97	-5.16	0.14	2114
8690	-4.99	-4.99	-5.1	9	1034
8700	-4.99	-4.99	-5.02	5.57	-968
8710	-4.99	-4.99	-5	0	-159
8720	-4.99	-4.99	-4.99	1.16	201
8730	-4.99	-4.99	-4.99	1.16	45
8740	-4.99	-4.99	-4.99	0.85	-35
8750	-4.99	-4.99	-4.99	0.6	2
8760	-4.99	-4.99	-4.99	0	207
8770	-4.99	-4.99	-4.99	0	253
8780	-4.99	-4.99	-4.99	0	246
8790	-4.99	-4.99	-4.97	0.3	-349
8800	-4.99	-4.99	-4.97	0.3	-529
8810	-4.99	-4.99	-4.99	0	-169
8820	-4.99	-4.99	-4.99	0	-97
8830	-4.99	-4.99	-4.97	0	-541
8840	-4.99	-4.99	-4.99	0	-217
8850	-4.99	-4.99	-4.99	0	-196
8860	-4.99	-4.99	-4.97	0	-343
8870	-4.99	-4.99	-4.99	0	-242
8880	-4.99	-4.99	-4.99	0	-244
8890	-4.99	-4.99	-4.99	0	-208
8900	-4.99	-4.99	-4.99	0	-218
8910	-4.99	-4.99	-4.99	0	-218
8920	-4.99	-4.99	-4.99	0	-218
8930	-4.99	-4.99	-4.99	0	-218
8940	-4.99	-4.99	-4.99	0	-218
8950	-4.99	-4.99	-4.99	0	-218
8960	-4.99	-4.99	-4.99	0	-218
8970	-4.99	-4.99	-4.99	0	-218
8980	-4.99	-4.99	-4.99	0	-218
8990	-4.99	-4.99	-4.99	0	-218
9000	5	-4.99	-4.99	0	-186
9010	5	-4.93	-4.97	2.75	2599
9020	5	-4.75	-4.83	25.17	3547
9030	5	-4.46	-4.51	36.35	3024
9040	5	-4.06	-4.12	44.61	3351
9050	5	-3.53	-3.57	61.33	3200
9060	5	-2.89	-2.92	70.09	3269
9070	5	-2.12	-2.14	89.22	2534
9080	5	-1.26	-1.28	81.77	1734
9090	5	-0.26	-0.39	89.22	1248
9100	5	0.75	0.51	98.14	988
9110	5	1.69	1.43	98.14	888
9120	5	2.49	2.36	98.14	862
9130	5	3.22	3.26	89.22	455
9140	5	3.79	4.1	70.09	-4904
9150	5	4.26	4.63	36.35	-4303
9160	5	4.61	4.93	19.23	-2029
9170	5	4.87	5.08	12.12	-1648
9180	5	4.99	5.14	3.91	-2221
9190	5	5	5.08	-7.6	-1197
9200	5	5	5.02	-5.09	853
9210	5	5	5	0	457
9220	5	5	5	0	-502
9230	5	5	5	0	-418
9240	5	5	4.99	-1.6	408
9250	5	5	5	0	-179
9260	5	5	5	0	-200
9270	5	5	5	0	-287
9280	5	5	5	0	-309
9290	5	5	5	0	-282
9300	5	5	5	0	-284
9310	5	5	5	0	-291
9320	5	5	5	0	-291
9330	5	5	5	0	-291
9340	5	5	5	0	-291
9350	5	5	5	0	-291
9360	5	5	5	0	-290
9370	5	5	5	0	-291
9380	5	5	5	0	-291
9390	5	5	5	0	-291
9400	5	5	5	0	-292
9410	5	5	5	0	-291
9420	5	5	5	0	-291
9430	5	5	5	0	-291
9440	5	5	5	0	-291
9450	5	5	5	0	-291
9460	5	5	5	0	-291
9470	5	5	5	0	-291
9480	5	5	5	0	-291
9490	5	5	5	0	-291
9500	5	5	5	0	-291
9510	-4.99	5	5	0	-321
9520	-4.99	4.95	4.99	0	-3006
9530	-4.99	4.79	4.83	-21.81	-3559
9540	-4.99	4.49	4.55	-36.35	-3400
9550	-4.99	4.1	4.14	-46.73	-3533
9560	-4.99	3.57	3.59	-57.72	-3593
9570	-4.99	2.94	2.94	-70.09	-3577
9580	-4.99	2.18	2.16	-81.77	-2861
9590	-4.99	1.32	1.35	-98.14	-2121
9600	-4.99	0.31	0.49	-89.22	-1702
9610	-4.99	-0.69	-0.41	-89.22	-1403
9620	-4.99	-1.63	-1.32	-98.14	-1250
9630	-4.99	-2.45	-2.24	-89.22	-1157
9640	-4.99	-3.18	-3.14	-89.22	-1013
9650	-4.99	-3.75	-4.02	-81.77	2912
9660	-4.99	-4.22	-4.69	-42.66	6477
9670	-4.99	-4.59	-4.99	-21.81	3171
9680	-4.99	-4.85	-5.12	-8.6	1521
9690	-4.99	-4.95	-5.16	-3.05	2042
9700	-4.99	-4.99	-5.1	9	1043
9710	-4.99	-4.99	-5.02	6.25	-876
9720	-4.99	-4.99	-5	0	-324
9730	-4.99	-4.99	-5	0	614
9740	-4.99	-4.99	-4.99	0.97	39
9750	-4.99	-4.99	-4.99	0.97	-16
9760	-4.99	-4.99	-4.97	0.74	-251
9770	-4.99	-4.99	-4.99	0	-96
9780	-4.99	-4.99	-4.97	0	-268
9790	-4.99	-4.99	-4.99	0	-126
9800	-4.99	-4.99	-4.97	0	-398
9810	-4.99	-4.99	-4.99	0	-200
9820	-4.99	-4.99	-4.97	0	-436
9830	-4.99	-4.99	-4.99	0	-228
9840	-4.99	-4.99	-4.99	0	-154
9850	-4.99	-4.99	-4.99	0.14	-151
9860	-4.99	-4.99	-4.99	0	-206
9870	-4.99	-4.99	-4.99	0	-163
9880	-4.99	-4.99	-4.99	0	-177
9890	-4.99	-4.99	-4.99	0	-181
9900	-4.99	-4.99	-4.99	0	-181
9910	-4.99	-4.99	-4.99	0	-181
9920	-4.99	-4.99	-4.99	0	-181
9930	-4.99	-4.99	-4.99	0	-181
9940	-4.99	-4.99	-4.99	0	-181
9950	-4.99	-4.99	-4.99	0	-181
9960	-4.99	-4.99	-4.99	0	-182
9970	-4.99	-4.99	-4.99	0	-181
9980	-4.99	-4.99	-4.99	0	-181
9990	-4.99	-4.99	-4.99	0	-181
10000	5	-4.99	-4.99	0	-153
