0	0	0	0	0	135
10	1	1	0.04	22.3	10850
20	1	1	0.51	54.52	627
30	1	1	0.88	18.51	-4668
40	1	1	1	9.91	-518
50	1	1	1.08	6.41	-714
60	1	1	1.1	2.73	-9
70	1	1	1.1	0	574
80	1	1	1.1	0	4
90	1	1	1.1	0	-889
100	1	1	1.08	-1.05	-638
110	1	1	1.06	-1.9	-528
120	1	1	1.04	-1.38	141
130	1	1	1.04	-1.38	-572
140	1	1	1.04	-0.85	-875
150	1	1	1.02	-0.83	-277
160	1	1	1.02	0	-395
170	1	1	1.02	0	-398
180	1	1	1	0	11
190	1	1	1	0.14	-440
200	1	1	1	0	-162
210	1	1	1	0	-139
220	1	1	1	0	-220
230	1	1	1	0	-274
240	1	1	1	0	-270
250	1	1	1	0	-268
260	1	1	1	0	-267
270	1	1	1	0	-267
280	1	1	1	0	-267
290	1	1	1	0	-267
300	1	1	1	0	-268
310	1	1	1	0	-266
320	1	1	1	0	-267
330	1	1	1	0	-267
340	1	1	1	0	-267
350	1	1	1	0	-267
360	1	1	1	0	-267
370	1	1	1	0	-268
380	1	1	1	0	-267
390	1	1	1	0	-267
400	1	1	1	0	-267
410	1	1	1	0	-267
420	1	1	1	0	-267
430	1	1	1	0	-267
440	1	1	1	0	-267
450	1	1	1	0	-267
460	1	1	1	0	-267
470	1	1	1	0	-267
480	1	1	1	0	-267
490	1	1	1	0	-267
500	-0.98	-0.98	0.98	-19.23	-10595
510	-0.98	-0.98	0.47	-75.49	-9339
520	-0.98	-0.98	-0.31	-75.49	2453
530	-0.98	-0.98	-0.84	-30.67	6030
540	-0.98	-0.98	-1.06	-17.84	1807
550	-0.98	-0.98	-1.18	-8.84	1016
560	-0.98	-0.98	-1.22	-3.49	601
570	-0.98	-0.98	-1.22	0	649
580	-0.98	-0.98	-1.2	0	909
590	-0.98	-0.98	-1.16	3.44	502
600	-0.98	-0.98	-1.12	3.27	386
610	-0.98	-0.98	-1.08	3.17	267
620	-0.98	-0.98	-1.06	2.92	-241
630	-0.98	-0.98	-1.04	1.87	714
640	-0.98	-0.98	-1.02	1.59	347
650	-0.98	-0.98	-1	1.7	-131
660	-0.98	-0.98	-1	1.48	193
670	-0.98	-0.98	-1	0.89	524
680	-0.98	-0.98	-0.98	0.68	-708
690	-0.98	-0.98	-0.98	0.68	-129
700	-0.98	-0.98	-0.98	0.68	60
710	-0.98	-0.98	-0.98	0.6	119
720	-0.98	-0.98	-0.98	0.46	155
730	-0.98	-0.98	-0.98	0.38	164
740	-0.98	-0.98	-0.98	0	89
750	-0.98	-0.98	-0.98	0	102
760	-0.98	-0.98	-0.98	0	115
770	-0.98	-0.98	-0.98	0	115
780	-0.98	-0.98	-0.98	0	116
790	-0.98	-0.98	-0.98	0	115
800	-0.98	-0.98	-0.98	0	115
810	-0.98	-0.98	-0.98	0	116
820	-0.98	-0.98	-0.98	0	115
830	-0.98	-0.98	-0.98	0	115
840	-0.98	-0.98	-0.98	0	115
850	-0.98	-0.98	-0.98	0	115
860	-0.98	-0.98	-0.98	0	115
870	-0.98	-0.98	-0.98	0	115
880	-0.98	-0.98	-0.98	0	115
890	-0.98	-0.98	-0.98	0	115
900	-0.98	-0.98	-0.98	0	115
910	-0.98	-0.98	-0.98	0	116
920	-0.98	-0.98	-0.98	0	114
930	-0.98	-0.98	-0.98	0	116
940	-0.98	-0.98	-0.98	0	115
950	-0.98	-0.98	-0.98	0	115
960	-0.98	-0.98	-0.98	0	114
970	-0.98	-0.98	-0.98	0	115
980	-0.98	-0.98	-0.98	0	114
990	-0.98	-0.98	-0.98	0	115
1000	1	1	-0.94	23.36	10843
1010	1	1	-0.43	70.09	7844
1020	1	1	0.35	70.09	-3665
1030	1	1	0.86	32.71	-5253
1040	1	1	1.08	14.87	-1502
1050	1	1	1.2	10.11	-1394
1060	1	1	1.24	4.21	-1035
1070	1	1	1.22	0	19
1080	1	1	1.22	0	-966
1090	1	1	1.18	-4.22	-378
1100	1	1	1.14	-3.5	-392
1110	1	1	1.12	-3.11	-653
1120	1	1	1.08	-3.11	3
1130	1	1	1.06	-2.17	-147
1140	1	1	1.04	-2.21	-86
1150	1	1	1.04	-1.21	-821
1160	1	1	1.02	-1.07	-132
1170	1	1	1	-1.38	488
1180	1	1	1.02	0	-739
1190	1	1	1.02	-0.14	-944
1200	1	1	1	0	-523
1210	1	1	1	0	-139
1220	1	1	1	0	-197
1230	1	1	1	0	-269
1240	1	1	1	0	-272
1250	1	1	1	0	-272
1260	1	1	1	0	-272
1270	1	1	1	0	-273
1280	1	1	1	0	-273
1290	1	1	1	0	-272
1300	1	1	1	0	-272
1310	1	1	1	0	-272
1320	1	1	1	0	-272
1330	1	1	1	0	-272
1340	1	1	1	0	-272
1350	1	1	1	0	-272
1360	1	1	1	0	-272
1370	1	1	1	0	-272
1380	1	1	1	0	-273
1390	1	1	1	0	-272
1400	1	1	1	0	-272
1410	1	1	1	0	-272
1420	1	1	1	0	-273
1430	1	1	1	0	-272
1440	1	1	1	0	-273
1450	1	1	1	0	-272
1460	1	1	1	0	-272
1470	1	1	1	0	-273
1480	1	1	1	0	-272
1490	1	1	1	0	-272
1500	-0.98	-0.98	0.98	-19.23	-10566
1510	-0.98	-0.98	0.47	-81.77	-9358
1520	-0.98	-0.98	-0.31	-75.49	2431
1530	-0.98	-0.98	-0.84	-31.65	5917
1540	-0.98	-0.98	-1.06	-17.84	1821
1550	-0.98	-0.98	-1.18	-7.6	980
1560	-0.98	-0.98	-1.22	-3.3	619
1570	-0.98	-0.98	-1.22	0	631
1580	-0.98	-0.98	-1.2	0	869
1590	-0.98	-0.98	-1.16	3.34	604
1600	-0.98	-0.98	-1.12	3.89	326
1610	-0.98	-0.98	-1.08	2.97	-41
1620	-0.98	-0.98	-1.06	2.83	285
1630	-0.98	-0.98	-1.04	2.53	394
1640	-0.98	-0.98	-1.02	1.55	-232
1650	-0.98	-0.98	-1	1.76	-508
1660	-0.98	-0.98	-1	1.59	120
1670	-0.98	-0.98	-1	0.88	518
1680	-0.98	-0.98	-0.98	0.68	-677
1690	-0.98	-0.98	-0.98	0.68	-127
1700	-0.98	-0.98	-0.98	0.68	33
1710	-0.98	-0.98	-0.98	0.58	100
1720	-0.98	-0.98	-0.98	0.46	154
1730	-0.98	-0.98	-0.98	0.36	162
1740	-0.98	-0.98	-0.98	0	75
1750	-0.98	-0.98	-0.98	0	109
1760	-0.98	-0.98	-0.98	0	109
1770	-0.98	-0.98	-0.98	0	109
1780	-0.98	-0.98	-0.98	0	108
1790	-0.98	-0.98	-0.98	0	111
1800	-0.98	-0.98	-0.98	0	110
1810	-0.98	-0.98	-0.98	0	109
1820	-0.98	-0.98	-0.98	0	108
1830	-0.98	-0.98	-0.98	0	108
1840	-0.98	-0.98	-0.98	0	109
1850	-0.98	-0.98	-0.98	0	111
1860	-0.98	-0.98	-0.98	0	111
1870	-0.98	-0.98	-0.98	0	109
1880	-0.98	-0.98	-0.98	0	108
1890	-0.98	-0.98	-0.98	0	109
1900	-0.98	-0.98	-0.98	0	109
1910	-0.98	-0.98	-0.98	0	109
1920	-0.98	-0.98	-0.98	0	109
1930	-0.98	-0.98	-0.98	0	109
1940	-0.98	-0.98	-0.98	0	109
1950	-0.98	-0.98	-0.98	0	109
1960	-0.98	-0.98	-0.98	0	110
1970	-0.98	-0.98	-0.98	0	109
1980	-0.98	-0.98	-0.98	0	109
1990	-0.98	-0.98	-0.98	0	109
2000	1	1	-0.94	22.81	10830
2010	1	1	-0.43	70.09	8370
2020	1	1	0.35	70.09	-3221
2030	1	1	0.86	31.65	-5242
2040	1	1	1.08	14.87	-1588
2050	1	1	1.2	9.53	-1501
2060	1	1	1.24	4.32	-945
2070	1	1	1.22	0	178
2080	1	1	1.22	0	-1193
2090	1	1	1.18	-2.97	-586
2100	1	1	1.14	-3.42	-586
2110	1	1	1.12	-3.09	-429
2120	1	1	1.08	-3.06	-44
2130	1	1	1.06	-2.29	-204
2140	1	1	1.04	-2.25	-83
2150	1	1	1.04	-1.19	-843
2160	1	1	1.02	-1.1	-221
2170	1	1	1	-1.29	480
2180	1	1	1.02	0	-553
2190	1	1	1.02	0	-858
2200	1	1	1	0	-185
2210	1	1	1	0	-87
2220	1	1	1	0	-152
2230	1	1	1	0	-246
2240	1	1	1	0	-265
2250	1	1	1	0	-262
2260	1	1	1	0	-261
2270	1	1	1	0	-261
2280	1	1	1	0	-260
2290	1	1	1	0	-262
2300	1	1	1	0	-262
2310	1	1	1	0	-261
2320	1	1	1	0	-262
2330	1	1	1	0	-261
2340	1	1	1	0	-262
2350	1	1	1	0	-261
2360	1	1	1	0	-261
2370	1	1	1	0	-261
2380	1	1	1	0	-261
2390	1	1	1	0	-261
2400	1	1	1	0	-261
2410	1	1	1	0	-261
2420	1	1	1	0	-261
2430	1	1	1	0	-261
2440	1	1	1	0	-261
2450	1	1	1	0	-261
2460	1	1	1	0	-261
2470	1	1	1	0	-261
2480	1	1	1	0	-261
2490	1	1	1	0	-261
2500	-0.98	-0.98	0.98	-19.23	-11004
2510	-0.98	-0.98	0.47	-75.49	-8926
2520	-0.98	-0.98	-0.31	-75.49	3041
2530	-0.98	-0.98	-0.84	-30.67	5461
2540	-0.98	-0.98	-1.08	-18.17	1914
2550	-0.98	-0.98	-1.18	-7.73	951
2560	-0.98	-0.98	-1.22	-3.27	544
2570	-0.98	-0.98	-1.22	0	688
2580	-0.98	-0.98	-1.2	0	981
2590	-0.98	-0.98	-1.16	3.63	627
2600	-0.98	-0.98	-1.12	3.45	581
2610	-0.98	-0.98	-1.08	3.12	-130
2620	-0.98	-0.98	-1.06	2.7	-142
2630	-0.98	-0.98	-1.04	2.86	266
2640	-0.98	-0.98	-1.02	1.49	-196
2650	-0.98	-0.98	-1	1.77	-492
2660	-0.98	-0.98	-1	1.55	149
2670	-0.98	-0.98	-1	0	529
2680	-0.98	-0.98	-0.98	0.68	-650
2690	-0.98	-0.98	-0.98	0.68	-125
2700	-0.98	-0.98	-0.98	0.68	51
2710	-0.98	-0.98	-0.98	0.58	119
2720	-0.98	-0.98	-0.98	0.46	161
2730	-0.98	-0.98	-0.98	0.36	123
2740	-0.98	-0.98	-0.98	0	108
2750	-0.98	-0.98	-0.98	0	115
2760	-0.98	-0.98	-0.98	0	115
2770	-0.98	-0.98	-0.98	0	116
2780	-0.98	-0.98	-0.98	0	116
2790	-0.98	-0.98	-0.98	0	114
2800	-0.98	-0.98	-0.98	0	116
2810	-0.98	-0.98	-0.98	0	115
2820	-0.98	-0.98	-0.98	0	115
2830	-0.98	-0.98	-0.98	0	115
2840	-0.98	-0.98	-0.98	0	116
2850	-0.98	-0.98	-0.98	0	115
2860	-0.98	-0.98	-0.98	0	116
2870	-0.98	-0.98	-0.98	0	115
2880	-0.98	-0.98	-0.98	0	116
2890	-0.98	-0.98	-0.98	0	116
2900	-0.98	-0.98	-0.98	0	115
2910	-0.98	-0.98	-0.98	0	115
2920	-0.98	-0.98	-0.98	0	115
2930	-0.98	-0.98	-0.98	0	115
2940	-0.98	-0.98	-0.98	0	116
2950	-0.98	-0.98	-0.98	0	115
2960	-0.98	-0.98	-0.98	0	115
2970	-0.98	-0.98	-0.98	0	116
2980	-0.98	-0.98	-0.98	0	115
2990	-0.98	-0.98	-0.98	0	116
3000	1	1	-0.94	23.36	10882
3010	1	1	-0.43	70.09	8109
3020	1	1	0.35	70.09	-3437
3030	1	1	0.86	32.71	-5282
3040	1	1	1.08	14.65	-1693
3050	1	1	1.2	9.63	-1309
3060	1	1	1.24	4.37	-921
3070	1	1	1.22	0	259
3080	1	1	1.22	-1.63	-953
3090	1	1	1.18	-2.97	-270
3100	1	1	1.14	-3.28	-686
3110	1	1	1.1	-3.3	30
3120	1	1	1.08	-3	-423
3130	1	1	1.06	-2.26	-550
3140	1	1	1.04	-2.21	-428
3150	1	1	1.04	0	-499
3160	1	1	1.02	-1.05	-305
3170	1	1	1	-1.35	481
3180	1	1	1	0	-5
3190	1	1	1.02	0	-657
3200	1	1	1	0	-176
3210	1	1	1	0	-106
3220	1	1	1	0	-107
3230	1	1	1	0	-251
3240	1	1	1	0	-270
3250	1	1	1	0	-269
3260	1	1	1	0	-250
3270	1	1	1	0	-253
3280	1	1	0.98	0	541
3290	1	1	1	0	-234
3300	1	1	1	0	-374
3310	1	1	0.98	0	660
3320	1	1	1	0	293
3330	1	1	1	0	-197
3340	1	1	1	0	-136
3350	1	1	1	0	-80
3360	1	1	1	0	-34
3370	1	1	1	0	-131
3380	1	1	1	0	37
3390	1	1	1	0	8
3400	1	1	1	0	23
3410	1	1	1	0	-3
3420	1	1	1	0	6
3430	1	1	1	0	50
3440	1	1	1	0	66
3450	1	1	1	0	58
3460	1	1	1	0	58
3470	1	1	1	0	56
3480	1	1	1	0	59
3490	1	1	1	0	55
3500	-0.98	-0.98	0.96	-20.04	-10988
3510	-0.98	-0.98	0.47	-75.49	-9030
3520	-0.98	-0.98	-0.31	-75.49	3109
3530	-0.98	-0.98	-0.84	-30.67	5805
3540	-0.98	-0.98	-1.06	-16.36	1826
3550	-0.98	-0.98	-1.18	-7.79	1204
3560	-0.98	-0.98	-1.22	-3.52	1181
3570	-0.98	-0.98	-1.2	0	-141
3580	-0.98	-0.98	-1.2	0	1332
3590	-0.98	-0.98	-1.16	4.13	-105
3600	-0.98	-0.98	-1.12	3.47	533
3610	-0.98	-0.98	-1.08	2.95	53
3620	-0.98	-0.98	-1.06	2.86	56
3630	-0.98	-0.98	-1.04	2.5	401
3640	-0.98	-0.98	-1.02	1.57	-39
3650	-0.98	-0.98	-1	1.68	-341
3660	-0.98	-0.98	-1	1.43	224
3670	-0.98	-0.98	-1	0	535
3680	-0.98	-0.98	-0.98	0.68	-524
3690	-0.98	-0.98	-0.98	0.68	-90
3700	-0.98	-0.98	-0.98	0.68	74
3710	-0.98	-0.98	-0.98	0.57	125
3720	-0.98	-0.98	-0.98	0.44	151
3730	-0.98	-0.98	-0.98	0.36	129
3740	-0.98	-0.98	-0.98	0	115
3750	-0.98	-0.98	-0.98	0	120
3760	-0.98	-0.98	-0.98	0	120
3770	-0.98	-0.98	-0.98	0	122
3780	-0.98	-0.98	-0.98	0	120
3790	-0.98	-0.98	-0.98	0	121
3800	-0.98	-0.98	-0.98	0	121
3810	-0.98	-0.98	-0.98	0	119
3820	-0.98	-0.98	-0.98	0	121
3830	-0.98	-0.98	-0.98	0	120
3840	-0.98	-0.98	-0.98	0	120
3850	-0.98	-0.98	-0.98	0	121
3860	-0.98	-0.98	-0.98	0	121
3870	-0.98	-0.98	-0.98	0	120
3880	-0.98	-0.98	-0.98	0	121
3890	-0.98	-0.98	-0.98	0	120
3900	-0.98	-0.98	-0.98	0	120
3910	-0.98	-0.98	-0.98	0	120
3920	-0.98	-0.98	-0.98	0	121
3930	-0.98	-0.98	-0.98	0	121
3940	-0.98	-0.98	-0.98	0	120
3950	-0.98	-0.98	-0.98	0	120
3960	-0.98	-0.98	-0.98	0	121
3970	-0.98	-0.98	-0.98	0	120
3980	-0.98	-0.98	-0.98	0	119
3990	-0.98	-0.98	-0.98	0	119
4000	1	1	-0.94	23.36	10881
4010	1	1	-0.43	70.09	8597
4020	1	1	0.35	75.49	-2822
4030	1	1	0.86	31.65	-5538
4040	1	1	1.08	16.93	-1443
4050	1	1	1.2	10.22	-1379
4060	1	1	1.24	4.44	-988
4070	1	1	1.22	0	30
4080	1	1	1.22	0	-1241
4090	1	1	1.18	-2.92	-562
4100	1	1	1.14	-3.45	-392
4110	1	1	1.12	-3.08	-228
4120	1	1	1.08	-3.09	16
4130	1	1	1.06	-2.29	-179
4140	1	1	1.04	-2.12	-87
4150	1	1	1.04	-1.24	-822
4160	1	1	1.02	-1.05	-243
4170	1	1	1	-1.4	484
4180	1	1	1	0	95
4190	1	1	1.02	0	-1000
4200	1	1	1	0	-171
4210	1	1	1	0	-97
4220	1	1	1	0	-138
4230	1	1	1	0	-258
4240	1	1	1	0	-271
4250	1	1	1	0	-272
4260	1	1	1	0	-272
4270	1	1	1	0	-273
4280	1	1	1	0	-272
4290	1	1	1	0	-272
4300	1	1	1	0	-272
4310	1	1	1	0	-272
4320	1	1	1	0	-272
4330	1	1	1	0	-272
4340	1	1	1	0	-271
4350	1	1	1	0	-272
4360	1	1	1	0	-273
4370	1	1	1	0	-272
4380	1	1	1	0	-272
4390	1	1	1	0	-272
4400	1	1	1	0	-272
4410	1	1	1	0	-272
4420	1	1	1	0	-272
4430	1	1	1	0	-273
4440	1	1	1	0	-272
4450	1	1	1	0	-272
4460	1	1	1	0	-272
4470	1	1	1	0	-272
4480	1	1	1	0	-271
4490	1	1	1	0	-271
4500	-0.98	-0.98	0.98	-18.87	-11018
4510	-0.98	-0.98	0.47	-75.49	-8784
4520	-0.98	-0.98	-0.31	-70.09	2980
4530	-0.98	-0.98	-0.84	-31.65	5520
4540	-0.98	-0.98	-1.06	-17.84	1689
4550	-0.98	-0.98	-1.18	-8.18	999
4560	-0.98	-0.98	-1.22	-3.52	612
4570	-0.98	-0.98	-1.22	0	678
4580	-0.98	-0.98	-1.2	0	921
4590	-0.98	-0.98	-1.16	3.44	308
4600	-0.98	-0.98	-1.12	3.91	221
4610	-0.98	-0.98	-1.08	3.11	-172
4620	-0.98	-0.98	-1.06	2.65	41
4630	-0.98	-0.98	-1.04	2.39	437
4640	-0.98	-0.98	-1.02	1.54	34
4650	-0.98	-0.98	-1	1.74	-495
4660	-0.98	-0.98	-1	1.57	139
4670	-0.98	-0.98	-1	0.88	535
4680	-0.98	-0.98	-0.98	0.68	-701
4690	-0.98	-0.98	-0.98	0.68	-112
4700	-0.98	-0.98	-0.98	0.68	75
4710	-0.98	-0.98	-0.98	0.6	124
4720	-0.98	-0.98	-0.98	0.46	158
4730	-0.98	-0.98	-0.98	0.38	124
4740	-0.98	-0.98	-0.98	0	121
4750	-0.98	-0.98	-0.98	0	124
4760	-0.98	-0.98	-0.98	0	126
4770	-0.98	-0.98	-0.98	0	126
4780	-0.98	-0.98	-0.98	0	125
4790	-0.98	-0.98	-0.98	0	125
4800	-0.98	-0.98	-0.98	0	125
4810	-0.98	-0.98	-0.98	0	125
4820	-0.98	-0.98	-0.98	0	125
4830	-0.98	-0.98	-0.98	0	124
4840	-0.98	-0.98	-0.98	0	125
4850	-0.98	-0.98	-0.98	0	125
4860	-0.98	-0.98	-0.98	0	125
4870	-0.98	-0.98	-0.98	0	126
4880	-0.98	-0.98	-0.98	0	126
4890	-0.98	-0.98	-0.98	0	126
4900	-0.98	-0.98	-0.98	0	125
4910	-0.98	-0.98	-0.98	0	125
4920	-0.98	-0.98	-0.98	0	125
4930	-0.98	-0.98	-0.98	0	124
4940	-0.98	-0.98	-0.98	0	126
4950	-0.98	-0.98	-0.98	0	125
4960	-0.98	-0.98	-0.98	0	123
4970	-0.98	-0.98	-0.98	0	126
4980	-0.98	-0.98	-0.98	0	125
4990	-0.98	-0.98	-0.98	0	124
5000	1	1	-0.94	11.68	10836
5010	1	1	-0.43	75.49	8545
5020	1	1	0.35	70.09	-3269
5030	1	1	0.86	32.71	-5290
5040	1	1	1.08	16.63	-1508
5050	1	1	1.2	9.91	-1466
5060	1	1	1.24	4.52	-1051
5070	1	1	1.22	0	19
5080	1	1	1.22	0	-1239
5090	1	1	1.18	-2.94	-389
5100	1	1	1.14	-3.36	-282
5110	1	1	1.12	-3.16	-690
5120	1	1	1.08	-3.09	1
5130	1	1	1.06	-2.28	-174
5140	1	1	1.04	-2.1	-85
5150	1	1	1.04	-1.26	-823
5160	1	1	1.02	-1.05	-102
5170	1	1	1	-1.48	476
5180	1	1	1.02	-0.14	-691
5190	1	1	1	0	-52
5200	1	1	1	0	-101
5210	1	1	1	0	-148
5220	1	1	1	0	-156
5230	1	1	1	0	-268
5240	1	1	1	0	-273
5250	1	1	1	0	-272
5260	1	1	1	0	-272
5270	1	1	1	0	-272
5280	1	1	1	0	-272
5290	1	1	1	0	-272
5300	1	1	1	0	-272
5310	1	1	1	0	-273
5320	1	1	1	0	-272
5330	1	1	1	0	-272
5340	1	1	1	0	-273
5350	1	1	1	0	-273
5360	1	1	1	0	-273
5370	1	1	1	0	-272
5380	1	1	1	0	-272
5390	1	1	1	0	-272
5400	1	1	1	0	-272
5410	1	1	1	0	-272
5420	1	1	1	0	-272
5430	1	1	1	0	-272
5440	1	1	1	0	-272
5450	1	1	1	0	-273
5460	1	1	1	0	-272
5470	1	1	1	0	-272
5480	1	1	1	0	-272
5490	1	1	1	0	-271
5500	1	1	1	0	-272
5510	-0.98	-0.98	0.98	-19.23	-11032
5520	-0.98	-0.98	0.47	-75.49	-8942
5530	-0.98	-0.98	-0.31	-70.09	3049
5540	-0.98	-0.98	-0.84	-31.65	5833
5550	-0.98	-0.98	-1.06	-18.17	1678
5560	-0.98	-0.98	-1.18	-7.79	963
5570	-0.98	-0.98	-1.22	-3.3	571
5580	-0.98	-0.98	-1.22	0	674
5590	-0.98	-0.98	-1.2	2.26	351
5600	-0.98	-0.98	-1.16	3.36	424
5610	-0.98	-0.98	-1.12	3.22	-16
5620	-0.98	-0.98	-1.08	2.92	384
5630	-0.98	-0.98	-1.04	2.89	-384
5640	-0.98	-0.98	-1.04	1.57	182
5650	-0.98	-0.98	-1.02	1.57	519
5660	-0.98	-0.98	-1	1.7	6
5670	-0.98	-0.98	-1	1.26	343
5680	-0.98	-0.98	-1	0	525
5690	-0.98	-0.98	-0.98	0.69	-621
5700	-0.98	-0.98	-0.98	0.69	-123
5710	-0.98	-0.98	-0.98	0.69	34
5720	-0.98	-0.98	-0.98	0.58	101
5730	-0.98	-0.98	-0.98	0.44	148
5740	-0.98	-0.98	-0.98	0.36	168
5750	-0.98	-0.98	-0.98	0	68
5760	-0.98	-0.98	-0.98	0	85
5770	-0.98	-0.98	-0.98	0	102
5780	-0.98	-0.98	-0.98	0	104
5790	-0.98	-0.98	-0.98	0	106
5800	-0.98	-0.98	-0.98	0	105
5810	-0.98	-0.98	-0.98	0	106
5820	-0.98	-0.98	-0.98	0	104
5830	-0.98	-0.98	-0.98	0	104
5840	-0.98	-0.98	-0.98	0	106
5850	-0.98	-0.98	-0.98	0	103
5860	-0.98	-0.98	-0.98	0	106
5870	-0.98	-0.98	-0.98	0	104
5880	-0.98	-0.98	-0.98	0	104
5890	-0.98	-0.98	-0.98	0	103
5900	-0.98	-0.98	-0.98	0	105
5910	-0.98	-0.98	-0.98	0	104
5920	-0.98	-0.98	-0.98	0	107
5930	-0.98	-0.98	-0.98	0	103
5940	-0.98	-0.98	-0.98	0	104
5950	-0.98	-0.98	-0.98	0	105
5960	-0.98	-0.98	-0.98	0	104
5970	-0.98	-0.98	-0.98	0	103
5980	-0.98	-0.98	-0.98	0	104
5990	-0.98	-0.98	-0.98	0	104
6000	1	1	-0.94	23.36	10865
6010	1	1	-0.41	75.49	8010
6020	1	1	0.39	70.09	-3606
6030	1	1	0.88	29.74	-5227
6040	1	1	1.08	15.11	-1617
6050	1	1	1.2	9.91	-1262
6060	1	1	1.24	4.32	-924
6070	1	1	1.22	0	258
6080	1	1	1.22	0	-1173
6090	1	1	1.18	-2.94	-556
6100	1	1	1.14	-3.39	-558
6110	1	1	1.1	-3.17	45
6120	1	1	1.08	-2.9	-73
6130	1	1	1.06	-2.23	-182
6140	1	1	1.04	-2.21	-137
6150	1	1	1.04	-1.22	-835
6160	1	1	1.02	-1.07	-166
6170	1	1	1	-1.38	480
6180	1	1	1	0	-928
6190	1	1	1.02	-0.14	-736
6200	1	1	1	0	-235
6210	1	1	1	0	-177
6220	1	1	1	0	-184
6230	1	1	1	0	-262
6240	1	1	1	0	-270
6250	1	1	1	0	-268
6260	1	1	1	0	-267
6270	1	1	1	0	-267
6280	1	1	1	0	-268
6290	1	1	1	0	-267
6300	1	1	1	0	-267
6310	1	1	1	0	-267
6320	1	1	1	0	-267
6330	1	1	1	0	-267
6340	1	1	1	0	-268
6350	1	1	1	0	-267
6360	1	1	1	0	-267
6370	1	1	1	0	-267
6380	1	1	1	0	-268
6390	1	1	1	0	-267
6400	1	1	1	0	-267
6410	1	1	1	0	-267
6420	1	1	1	0	-267
6430	1	1	1	0	-267
6440	1	1	1	0	-267
6450	1	1	1	0	-267
6460	1	1	1	0	-267
6470	1	1	1	0	-267
6480	1	1	1	0	-267
6490	1	1	1	0	-267
6500	-0.98	-0.98	0.98	-19.23	-10586
6510	-0.98	-0.98	0.47	-81.77	-9326
6520	-0.98	-0.98	-0.31	-70.09	2472
6530	-0.98	-0.98	-0.84	-31.65	5614
6540	-0.98	-0.98	-1.08	-17.84	2113
6550	-0.98	-0.98	-1.18	-8.04	989
6560	-0.98	-0.98	-1.22	-3.71	627
6570	-0.98	-0.98	-1.22	0	633
6580	-0.98	-0.98	-1.2	0	872
6590	-0.98	-0.98	-1.16	3.42	481
6600	-0.98	-0.98	-1.12	3.89	309
6610	-0.98	-0.98	-1.08	3.14	-175
6620	-0.98	-0.98	-1.06	2.72	-191
6630	-0.98	-0.98	-1.04	2.9	172
6640	-0.98	-0.98	-1.02	1.55	-224
6650	-0.98	-0.98	-1	1.74	-506
6660	-0.98	-0.98	-1	1.6	123
6670	-0.98	-0.98	-1	0.88	524
6680	-0.98	-0.98	-0.98	0.66	-685
6690	-0.98	-0.98	-0.98	0.66	-137
6700	-0.98	-0.98	-0.98	0.66	56
6710	-0.98	-0.98	-0.98	0.6	122
6720	-0.98	-0.98	-0.98	0.46	164
6730	-0.98	-0.98	-0.98	0.38	135
6740	-0.98	-0.98	-0.98	0	115
6750	-0.98	-0.98	-0.98	0	120
6760	-0.98	-0.98	-0.98	0	121
6770	-0.98	-0.98	-0.98	0	120
6780	-0.98	-0.98	-0.98	0	120
6790	-0.98	-0.98	-0.98	0	120
6800	-0.98	-0.98	-0.98	0	121
6810	-0.98	-0.98	-0.98	0	120
6820	-0.98	-0.98	-0.98	0	120
6830	-0.98	-0.98	-0.98	0	120
6840	-0.98	-0.98	-0.98	0	120
6850	-0.98	-0.98	-0.98	0	119
6860	-0.98	-0.98	-0.98	0	120
6870	-0.98	-0.98	-0.98	0	120
6880	-0.98	-0.98	-0.98	0	121
6890	-0.98	-0.98	-0.98	0	121
6900	-0.98	-0.98	-0.98	0	120
6910	-0.98	-0.98	-0.98	0	120
6920	-0.98	-0.98	-0.98	0	120
6930	-0.98	-0.98	-0.98	0	120
6940	-0.98	-0.98	-0.98	0	120
6950	-0.98	-0.98	-0.98	0	120
6960	-0.98	-0.98	-0.98	0	121
6970	-0.98	-0.98	-0.98	0	120
6980	-0.98	-0.98	-0.98	0	119
6990	-0.98	-0.98	-0.98	0	120
7000	1	1	-0.94	22.81	10883
7010	1	1	-0.43	75.49	7939
7020	1	1	0.35	70.09	-3636
7030	1	1	0.86	31.65	-5357
7040	1	1	1.08	14.65	-1601
7050	1	1	1.2	9.91	-1303
7060	1	1	1.24	4.57	-980
7070	1	1	1.22	0	244
7080	1	1	1.22	0	-1186
7090	1	1	1.18	-2.95	-454
7100	1	1	1.14	-3.27	-483
7110	1	1	1.1	-3.28	26
7120	1	1	1.08	-3.09	-36
7130	1	1	1.06	-2.29	-231
7140	1	1	1.04	-2.09	-99
7150	1	1	1.04	-1.24	-836
7160	1	1	1.02	-1.1	-177
7170	1	1	1	-1.4	477
7180	1	1	1	0	18
7190	1	1	1.02	0	-1024
7200	1	1	1	0	-167
7210	1	1	1	0	-131
7220	1	1	1	0	-192
7230	1	1	1	0	-267
7240	1	1	1	0	-273
7250	1	1	1	0	-272
7260	1	1	1	0	-273
7270	1	1	1	0	-272
7280	1	1	1	0	-272
7290	1	1	1	0	-272
7300	1	1	1	0	-272
7310	1	1	1	0	-272
7320	1	1	1	0	-273
7330	1	1	1	0	-272
7340	1	1	1	0	-272
7350	1	1	1	0	-273
7360	1	1	1	0	-272
7370	1	1	1	0	-272
7380	1	1	1	0	-272
7390	1	1	1	0	-273
7400	1	1	1	0	-273
7410	1	1	1	0	-272
7420	1	1	1	0	-273
7430	1	1	1	0	-273
7440	1	1	1	0	-272
7450	1	1	1	0	-272
7460	1	1	1	0	-272
7470	1	1	1	0	-272
7480	1	1	1	0	-272
7490	1	1	1	0	-273
7500	1	1	1	0	-272
7510	-0.98	-0.98	0.98	-18.87	-11025
7520	-0.98	-0.98	0.47	-75.49	-9379
7530	-0.98	-0.98	-0.31	-75.49	3041
7540	-0.98	-0.98	-0.84	-31.65	5593
7550	-0.98	-0.98	-1.06	-17.84	1676
7560	-0.98	-0.98	-1.18	-7.91	1271
7570	-0.98	-0.98	-1.22	-3.27	549
7580	-0.98	-0.98	-1.22	0	610
7590	-0.98	-0.98	-1.2	2.29	695
7600	-0.98	-0.98	-1.16	3.23	201
7610	-0.98	-0.98	-1.12	3.27	324
7620	-0.98	-0.98	-1.08	3.03	-5
7630	-0.98	-0.98	-1.06	2.81	16
7640	-0.98	-0.98	-1.04	2.98	147
7650	-0.98	-0.98	-1.02	1.54	-207
7660	-0.98	-0.98	-1	1.73	-499
7670	-0.98	-0.98	-1	1.62	121
7680	-0.98	-0.98	-1	0	532
7690	-0.98	-0.98	-0.98	0.66	-667
7700	-0.98	-0.98	-0.98	0.66	-138
7710	-0.98	-0.98	-0.98	0.66	53
7720	-0.98	-0.98	-0.98	0.61	124
7730	-0.98	-0.98	-0.98	0.46	163
7740	-0.98	-0.98	-0.98	0.38	135
7750	-0.98	-0.98	-0.98	0	114
7760	-0.98	-0.98	-0.98	0	120
7770	-0.98	-0.98	-0.98	0	120
7780	-0.98	-0.98	-0.98	0	120
7790	-0.98	-0.98	-0.98	0	120
7800	-0.98	-0.98	-0.98	0	121
7810	-0.98	-0.98	-0.98	0	120
7820	-0.98	-0.98	-0.98	0	121
7830	-0.98	-0.98	-0.98	0	120
7840	-0.98	-0.98	-0.98	0	120
7850	-0.98	-0.98	-0.98	0	121
7860	-0.98	-0.98	-0.98	0	120
7870	-0.98	-0.98	-0.98	0	119
7880	-0.98	-0.98	-0.98	0	120
7890	-0.98	-0.98	-0.98	0	121
7900	-0.98	-0.98	-0.98	0	120
7910	-0.98	-0.98	-0.98	0	121
7920	-0.98	-0.98	-0.98	0	120
7930	-0.98	-0.98	-0.98	0	120
7940	-0.98	-0.98	-0.98	0	120
7950	-0.98	-0.98	-0.98	0	120
7960	-0.98	-0.98	-0.98	0	120
7970	-0.98	-0.98	-0.98	0	121
7980	-0.98	-0.98	-0.98	0	119
7990	-0.98	-0.98	-0.98	0	120
8000	1	1	-0.94	23.36	10884
8010	1	1	-0.43	70.09	8080
8020	1	1	0.35	70.09	-3414
8030	1	1	0.86	31.65	-5408
8040	1	1	1.08	14.87	-1576
8050	1	1	1.2	10.11	-1292
8060	1	1	1.24	4.32	-904
8070	1	1	1.22	0	262
8080	1	1	1.22	0	-1164
8090	1	1	1.18	-2.95	-437
8100	1	1	1.14	-3.41	-567
8110	1	1	1.1	-3.25	5
8120	1	1	1.08	-2.7	-571
8130	1	1	1.06	-2.12	-685
8140	1	1	1.04	-1.92	-584
8150	1	1	1.02	-1.11	272
8160	1	1	1.02	-1.11	-384
8170	1	1	1	-1.32	465
8180	1	1	1	0	-538
8190	1	1	1.02	0	-528
8200	1	1	1.02	0	-762
8210	1	1	1	0	-134
8220	1	1	1	0	-189
8230	1	1	1	0	-263
8240	1	1	1	0	-270
8250	1	1	1	0	-267
8260	1	1	1	0	-267
8270	1	1	1	0	-267
8280	1	1	1	0	-267
8290	1	1	1	0	-268
8300	1	1	1	0	-267
8310	1	1	1	0	-267
8320	1	1	1	0	-267
8330	1	1	1	0	-267
8340	1	1	1	0	-267
8350	1	1	1	0	-267
8360	1	1	1	0	-267
8370	1	1	1	0	-267
8380	1	1	1	0	-266
8390	1	1	1	0	-268
8400	1	1	1	0	-267
8410	1	1	1	0	-267
8420	1	1	1	0	-268
8430	1	1	1	0	-267
8440	1	1	1	0	-267
8450	1	1	1	0	-267
8460	1	1	1	0	-268
8470	1	1	1	0	-267
8480	1	1	1	0	-267
8490	1	1	1	0	-267
8500	-0.98	-0.98	0.98	-19.23	-10554
8510	-0.98	-0.98	0.47	-75.49	-9375
8520	-0.98	-0.98	-0.31	-70.09	2421
8530	-0.98	-0.98	-0.84	-33.84	5641
8540	-0.98	-0.98	-1.08	-18.17	2117
8550	-0.98	-0.98	-1.18	-8.68	995
8560	-0.98	-0.98	-1.22	-3.63	620
8570	-0.98	-0.98	-1.22	0	635
8580	-0.98	-0.98	-1.2	0	879
8590	-0.98	-0.98	-1.16	3.45	233
8600	-0.98	-0.98	-1.12	3.94	153
8610	-0.98	-0.98	-1.08	3.08	-110
8620	-0.98	-0.98	-1.06	2.84	291
8630	-0.98	-0.98	-1.04	2.78	287
8640	-0.98	-0.98	-1.02	1.54	-226
8650	-0.98	-0.98	-1	1.77	-503
8660	-0.98	-0.98	-1	1.57	123
8670	-0.98	-0.98	-1	0	527
8680	-0.98	-0.98	-0.98	0.64	-661
8690	-0.98	-0.98	-0.98	0.64	-136
8700	-0.98	-0.98	-0.98	0.64	69
8710	-0.98	-0.98	-0.98	0.61	131
8720	-0.98	-0.98	-0.98	0.47	167
8730	-0.98	-0.98	-0.98	0.38	143
8740	-0.98	-0.98	-0.98	0	114
8750	-0.98	-0.98	-0.98	0	124
8760	-0.98	-0.98	-0.98	0	126
8770	-0.98	-0.98	-0.98	0	124
8780	-0.98	-0.98	-0.98	0	126
8790	-0.98	-0.98	-0.98	0	125
8800	-0.98	-0.98	-0.98	0	126
8810	-0.98	-0.98	-0.98	0	126
8820	-0.98	-0.98	-0.98	0	125
8830	-0.98	-0.98	-0.98	0	125
8840	-0.98	-0.98	-0.98	0	124
8850	-0.98	-0.98	-0.98	0	124
8860	-0.98	-0.98	-0.98	0	125
8870	-0.98	-0.98	-0.98	0	124
8880	-0.98	-0.98	-0.98	0	125
8890	-0.98	-0.98	-0.98	0	125
8900	-0.98	-0.98	-0.98	0	124
8910	-0.98	-0.98	-0.98	0	125
8920	-0.98	-0.98	-0.98	0	125
8930	-0.98	-0.98	-0.98	0	126
8940	-0.98	-0.98	-0.98	0	126
8950	-0.98	-0.98	-0.98	0	127
8960	-0.98	-0.98	-0.98	0	124
8970	-0.98	-0.98	-0.98	0	124
8980	-0.98	-0.98	-0.98	0	124
8990	-0.98	-0.98	-0.98	0	124
9000	1	1	-0.94	23.36	10862
9010	1	1	-0.43	75.49	7938
9020	1	1	0.35	70.09	-3405
9030	1	1	0.86	30.67	-5220
9040	1	1	1.08	16.09	-1431
9050	1	1	1.2	6.77	-1257
9060	1	1	1.24	2.87	-430
9070	1	1	1.24	0	-580
9080	1	1	1.22	-1.98	-638
9090	1	1	1.18	-3.16	-290
9100	1	1	1.14	-3.56	-332
9110	1	1	1.1	-3.08	-28
9120	1	1	1.08	-3.08	-240
9130	1	1	1.06	-2.34	-194
9140	1	1	1.04	-2.23	-140
9150	1	1	1.04	-1.22	-846
9160	1	1	1.02	-1.08	-200
9170	1	1	1	-1.37	471
9180	1	1	1	0.14	-254
9190	1	1	1.02	0	-966
9200	1	1	1	0	-175
9210	1	1	1	0	-176
9220	1	1	1	0	-174
9230	1	1	1	0	-261
9240	1	1	1	0	-279
9250	1	1	1	0	-278
9260	1	1	1	0	-277
9270	1	1	1	0	-277
9280	1	1	1	0	-277
9290	1	1	1	0	-276
9300	1	1	1	0	-277
9310	1	1	1	0	-277
9320	1	1	1	0	-278
9330	1	1	1	0	-277
9340	1	1	1	0	-277
9350	1	1	1	0	-277
9360	1	1	1	0	-277
9370	1	1	1	0	-277
9380	1	1	1	0	-277
9390	1	1	1	0	-277
9400	1	1	1	0	-278
9410	1	1	1	0	-277
9420	1	1	1	0	-277
9430	1	1	1	0	-278
9440	1	1	1	0	-277
9450	1	1	1	0	-277
9460	1	1	1	0	-277
9470	1	1	1	0	-277
9480	1	1	1	0	-277
9490	1	1	1	0	-277
9500	1	1	1	0	-276
9510	-0.98	-0.98	0.98	-18.87	-11082
9520	-0.98	-0.98	0.47	-75.49	-8938
9530	-0.98	-0.98	-0.31	-75.49	3004
9540	-0.98	-0.98	-0.84	-31.65	5520
9550	-0.98	-0.98	-1.08	-18.17	1972
9560	-0.98	-0.98	-1.18	-8.46	916
9570	-0.98	-0.98	-1.22	-3.39	603
9580	-0.98	-0.98	-1.22	0	690
9590	-0.98	-0.98	-1.2	2.21	659
9600	-0.98	-0.98	-1.16	3.45	641
9610	-0.98	-0.98	-1.12	3.94	524
9620	-0.98	-0.98	-1.08	3.16	-117
9630	-0.98	-0.98	-1.06	2.76	-139
9640	-0.98	-0.98	-1.04	2.92	228
9650	-0.98	-0.98	-1.02	1.63	-152
9660	-0.98	-0.98	-1	1.68	-458
9670	-0.98	-0.98	-1	1.51	127
9680	-0.98	-0.98	-1	0.85	520
9690	-0.98	-0.98	-0.98	0.64	-693
9700	-0.98	-0.98	-0.98	0.64	-121
9710	-0.98	-0.98	-0.98	0.64	62
9720	-0.98	-0.98	-0.98	0.6	112
9730	-0.98	-0.98	-0.98	0.46	148
9740	-0.98	-0.98	-0.98	0.38	123
9750	-0.98	-0.98	-0.98	0	108
9760	-0.98	-0.98	-0.98	0	114
9770	-0.98	-0.98	-0.98	0	115
9780	-0.98	-0.98	-0.98	0	114
9790	-0.98	-0.98	-0.98	0	116
9800	-0.98	-0.98	-0.98	0	115
9810	-0.98	-0.98	-0.98	0	115
9820	-0.98	-0.98	-0.98	0	115
9830	-0.98	-0.98	-0.98	0	115
9840	-0.98	-0.98	-0.98	0	115
9850	-0.98	-0.98	-0.98	0	116
9860	-0.98	-0.98	-0.98	0	114
9870	-0.98	-0.98	-0.98	0	114
9880	-0.98	-0.98	-0.98	0	114
9890	-0.98	-0.98	-0.98	0	116
9900	-0.98	-0.98	-0.98	0	114
9910	-0.98	-0.98	-0.98	0	115
9920	-0.98	-0.98	-0.98	0	114
9930	-0.98	-0.98	-0.98	0	115
9940	-0.98	-0.98	-0.98	0	115
9950	-0.98	-0.98	-0.98	0	115
9960	-0.98	-0.98	-0.98	0	115
9970	-0.98	-0.98	-0.98	0	114
9980	-0.98	-0.98	-0.98	0	115
9990	-0.98	-0.98	-0.98	0	115
10000	1	1	-0.94	23.36	10843
