0	0	0	0	0	131
10	5	5	0.04	22.3	10828
20	5	5	0.55	81.77	8375
30	5	5	1.39	89.22	2581
40	5	5	2.3	89.22	1288
50	5	5	3.2	89.22	1038
60	5	5	4.1	89.22	-1118
70	5	5	4.85	51.64	-7213
80	5	5	5.16	20.88	-3021
90	5	5	5.32	10.66	-1606
100	5	5	5.38	4.27	-1749
110	5	5	5.36	0	-834
120	5	5	5.32	-4.35	-730
130	5	5	5.26	-6.06	-214
140	5	5	5.22	-5.13	-253
150	5	5	5.16	-4.91	-239
160	5	5	5.12	-4.05	-336
170	5	5	5.08	-3.25	73
180	5	5	5.06	-2.84	-210
190	5	5	5.04	-2.37	-290
200	5	5	5.04	-1.21	-14
210	5	5	5.02	-1.21	-424
220	5	5	5	0	-326
230	5	5	5	0	-332
240	5	5	5	0	-45
250	5	5	5	0	-172
260	5	5	5	0	-208
270	5	5	5	0	-231
280	5	5	5	0	-279
290	5	5	5	0	-283
300	5	5	5	0	-282
310	5	5	5	0	-282
320	5	5	5	0	-282
330	5	5	5	0	-282
340	5	5	5	0	-283
350	5	5	5	0	-282
360	5	5	5	0	-282
370	5	5	5	0	-282
380	5	5	5	0	-282
390	5	5	5	0	-281
400	5	5	5	0	-264
410	5	5	5	0	-264
420	5	5	5	0	-255
430	5	5	5	-0.14	-32
440	5	5	4.99	0	4
450	5	5	5	0	-342
460	5	5	5	0	-331
470	5	5	4.99	0	577
480	5	5	5	0	-13
490	5	5	5	0	-128
500	-4.99	-4.99	4.97	-18.17	-10894
510	-4.99	-4.99	4.47	-70.09	-9367
520	-4.99	-4.99	3.63	-89.22	-3205
530	-4.99	-4.99	2.73	-89.22	-1718
540	-4.99	-4.99	1.83	-98.14	-1423
550	-4.99	-4.99	0.9	-81.77	-1325
560	-4.99	-4.99	-0.02	-89.22	-1312
570	-4.99	-4.99	-0.94	-89.22	-1338
580	-4.99	-4.99	-1.84	-89.22	-1353
590	-4.99	-4.99	-2.77	-98.14	-1309
600	-4.99	-4.99	-3.69	-89.22	-975
610	-4.99	-4.99	-4.55	-81.77	5168
620	-4.99	-4.99	-5.06	-30.67	6227
630	-4.99	-4.99	-5.28	-13.44	1879
640	-4.99	-4.99	-5.36	-6.45	1428
650	-4.99	-4.99	-5.36	0	606
660	-4.99	-4.99	-5.34	2.26	1052
670	-4.99	-4.99	-5.28	6.55	392
680	-4.99	-4.99	-5.22	6.01	172
690	-4.99	-4.99	-5.16	5.2	10
700	-4.99	-4.99	-5.12	4.63	154
710	-4.99	-4.99	-5.08	3.74	-28
720	-4.99	-4.99	-5.04	3.01	-245
730	-4.99	-4.99	-5.04	1.82	398
740	-4.99	-4.99	-5.02	1.82	516
750	-4.99	-4.99	-5	1.74	98
760	-4.99	-4.99	-5	1.04	516
770	-4.99	-4.99	-4.99	0.8	-653
780	-4.99	-4.99	-4.99	0.8	-109
790	-4.99	-4.99	-4.99	0.8	65
800	-4.99	-4.99	-4.99	0.58	112
810	-4.99	-4.99	-4.99	0.44	156
820	-4.99	-4.99	-4.99	0	144
830	-4.99	-4.99	-4.99	0	88
840	-4.99	-4.99	-4.99	0	114
850	-4.99	-4.99	-4.99	0	115
860	-4.99	-4.99	-4.99	0	115
870	-4.99	-4.99	-4.99	0	115
880	-4.99	-4.99	-4.99	0	115
890	-4.99	-4.99	-4.99	0	115
900	-4.99	-4.99	-4.99	0	115
910	-4.99	-4.99	-4.99	0	115
920	-4.99	-4.99	-4.99	0	114
930	-4.99	-4.99	-4.99	0	116
940	-4.99	-4.99	-4.99	0	116
950	-4.99	-4.99	-4.99	0	116
960	-4.99	-4.99	-4.99	0	116
970	-4.99	-4.99	-4.99	0	116
980	-4.99	-4.99	-4.99	0	116
990	-4.99	-4.99	-4.99	0	115
1000	5	5	-4.95	21.81	10901
1010	5	5	-4.44	70.09	8471
1020	5	5	-3.59	89.22	2609
1030	5	5	-2.69	81.77	1241
1040	5	5	-1.79	89.22	1082
1050	5	5	-0.86	89.22	1019
1060	5	5	0.06	98.14	963
1070	5	5	0.98	98.14	970
1080	5	5	1.9	98.14	982
1090	5	5	2.81	89.22	1005
1100	5	5	3.73	89.22	657
1110	5	5	4.59	75.49	-5659
1120	5	5	5.08	28.86	-5085
1130	5	5	5.28	14.87	-1893
1140	5	5	5.38	6.45	-1576
1150	5	5	5.38	0	-483
1160	5	5	5.36	-2.2	-1081
1170	5	5	5.3	-5.2	-637
1180	5	5	5.24	-5.42	-309
1190	5	5	5.18	-5.31	-45
1200	5	5	5.14	-4.47	-236
1210	5	5	5.1	-3.83	-69
1220	5	5	5.06	-2.72	30
1230	5	5	5.04	-2.39	188
1240	5	5	5.04	-1.66	-727
1250	5	5	5.02	-1.21	94
1260	5	5	5	-1.37	241
1270	5	5	5	0	56
1280	5	5	5	0	-51
1290	5	5	5	0	-185
1300	5	5	5	0	-102
1310	5	5	5	0	-139
1320	5	5	5	0	-271
1330	5	5	5	0	-278
1340	5	5	5	0	-265
1350	5	5	5	0	-256
1360	5	5	5	0	-254
1370	5	5	5	0	-61
1380	5	5	4.99	0.14	459
1390	5	5	5	0	-290
1400	5	5	5	0	-267
1410	5	5	5	0	-205
1420	5	5	5	0	-151
1430	5	5	5	0	-99
1440	5	5	5	0	-54
1450	5	5	5	0	13
1460	5	5	5	0	-117
1470	5	5	5	0	85
1480	5	5	5	0	40
1490	5	5	5	0	34
1500	-4.99	-4.99	4.97	-18.51	-10757
1510	-4.99	-4.99	4.47	-75.49	-9766
1520	-4.99	-4.99	3.63	-89.22	-3287
1530	-4.99	-4.99	2.73	-89.22	-1697
1540	-4.99	-4.99	1.83	-98.14	-1426
1550	-4.99	-4.99	0.9	-81.77	-1349
1560	-4.99	-4.99	-0.02	-98.14	-1274
1570	-4.99	-4.99	-0.94	-89.22	-1320
1580	-4.99	-4.99	-1.84	-89.22	-1348
1590	-4.99	-4.99	-2.77	-109.03	-1301
1600	-4.99	-4.99	-3.69	-89.22	-976
1610	-4.99	-4.99	-4.55	-70.09	5275
1620	-4.99	-4.99	-5.06	-32.71	5944
1630	-4.99	-4.99	-5.28	-14.02	2348
1640	-4.99	-4.99	-5.36	-5.87	1558
1650	-4.99	-4.99	-5.36	0	826
1660	-4.99	-4.99	-5.34	4.63	1037
1670	-4.99	-4.99	-5.28	5.64	500
1680	-4.99	-4.99	-5.22	5.64	287
1690	-4.99	-4.99	-5.16	5.28	71
1700	-4.99	-4.99	-5.12	4.71	147
1710	-4.99	-4.99	-5.08	3.58	8
1720	-4.99	-4.99	-5.04	2.97	-32
1730	-4.99	-4.99	-5.02	1.95	91
1740	-4.99	-4.99	-5.02	1.79	558
1750	-4.99	-4.99	-5	1.66	114
1760	-4.99	-4.99	-5	1.02	511
1770	-4.99	-4.99	-4.99	0.79	-699
1780	-4.99	-4.99	-4.99	0.79	-109
1790	-4.99	-4.99	-4.99	0.79	53
1800	-4.99	-4.99	-4.99	0.58	110
1810	-4.99	-4.99	-4.97	0.46	-421
1820	-4.99	-4.99	-4.99	0	115
1830	-4.99	-4.99	-4.99	0	108
1840	-4.99	-4.99	-4.99	0	91
1850	-4.99	-4.99	-4.99	0	94
1860	-4.99	-4.99	-4.99	0	95
1870	-4.99	-4.99	-4.99	0	94
1880	-4.99	-4.99	-4.99	0	94
1890	-4.99	-4.99	-4.99	0	95
1900	-4.99	-4.99	-4.99	0	95
1910	-4.99	-4.99	-4.99	0	93
1920	-4.99	-4.99	-4.99	0	95
1930	-4.99	-4.99	-4.99	0	95
1940	-4.99	-4.99	-4.99	0	94
1950	-4.99	-4.99	-4.99	0	95
1960	-4.99	-4.99	-4.99	0	95
1970	-4.99	-4.99	-4.99	0	95
1980	-4.99	-4.99	-4.99	0	94
1990	-4.99	-4.99	-4.99	0	95
2000	5	5	-4.95	21.81	10705
2010	5	5	-4.44	75.49	8859
2020	5	5	-3.59	98.14	2632
2030	5	5	-2.69	81.77	1245
2040	5	5	-1.77	98.14	1049
2050	5	5	-0.86	89.22	992
2060	5	5	0.06	98.14	977
2070	5	5	0.98	89.22	953
2080	5	5	1.9	98.14	992
2090	5	5	2.81	89.22	998
2100	5	5	3.73	89.22	723
2110	5	5	4.57	61.33	-5282
2120	5	5	5.08	28.04	-5492
2130	5	5	5.28	14.23	-1895
2140	5	5	5.36	5.57	-1237
2150	5	5	5.38	0	-1217
2160	5	5	5.34	-2.94	-803
2170	5	5	5.3	-5.01	-814
2180	5	5	5.24	-5.39	-476
2190	5	5	5.18	-5.2	-75
2200	5	5	5.14	-4.43	-331
2210	5	5	5.1	-3.75	-116
2220	5	5	5.08	-2.79	-341
2230	5	5	5.04	-2.5	270
2240	5	5	5.04	-1.44	-789
2250	5	5	5.02	-1.22	15
2260	5	5	5	-1.26	235
2270	5	5	5	0	90
2280	5	5	5	0	-30
2290	5	5	5	0	-163
2300	5	5	5	0	-441
2310	5	5	5	0	-151
2320	5	5	5	0	-271
2330	5	5	5	0	-287
2340	5	5	5	0	-290
2350	5	5	5	0	-288
2360	5	5	5	0	-287
2370	5	5	5	0	-288
2380	5	5	5	0	-287
2390	5	5	5	0	-287
2400	5	5	5	0	-288
2410	5	5	5	0	-286
2420	5	5	5	0	-287
2430	5	5	5	0	-287
2440	5	5	5	0	-287
2450	5	5	5	0	-287
2460	5	5	5	0	-287
2470	5	5	5	0	-288
2480	5	5	5	0	-288
2490	5	5	5	0	-287
2500	-4.99	-4.99	4.99	-18.87	-11068
2510	-4.99	-4.99	4.47	-75.49	-9209
2520	-4.99	-4.99	3.65	-89.22	-3156
2530	-4.99	-4.99	2.75	-89.22	-1752
2540	-4.99	-4.99	1.83	-98.14	-1371
2550	-4.99	-4.99	0.9	-89.22	-1300
2560	-4.99	-4.99	0	-98.14	-1309
2570	-4.99	-4.99	-0.92	-98.14	-1281
2580	-4.99	-4.99	-1.84	-81.77	-1338
2590	-4.99	-4.99	-2.77	-98.14	-1297
2600	-4.99	-4.99	-3.67	-89.22	-1034
2610	-4.99	-4.99	-4.53	-70.09	5826
2620	-4.99	-4.99	-5.04	-28.86	5683
2630	-4.99	-4.99	-5.26	-14.87	1989
2640	-4.99	-4.99	-5.34	-6.63	1280
2650	-4.99	-4.99	-5.34	0	214
2660	-4.99	-4.99	-5.32	2.01	808
2670	-4.99	-4.99	-5.26	5.2	149
2680	-4.99	-4.99	-5.22	5.42	331
2690	-4.99	-4.99	-5.16	5.21	156
2700	-4.99	-4.99	-5.12	4.47	393
2710	-4.99	-4.99	-5.08	3.6	157
2720	-4.99	-4.99	-5.04	3.12	-399
2730	-4.99	-4.99	-5.02	1.81	-51
2740	-4.99	-4.99	-5.02	1.81	552
2750	-4.99	-4.99	-5	1.68	104
2760	-4.99	-4.99	-5	1.04	511
2770	-4.99	-4.99	-4.99	0.83	-546
2780	-4.99	-4.99	-4.99	0.83	-135
2790	-4.99	-4.99	-4.99	0.77	31
2800	-4.99	-4.99	-4.99	0.55	88
2810	-4.99	-4.99	-4.99	0.42	143
2820	-4.99	-4.99	-4.99	0	151
2830	-4.99	-4.99	-4.99	0	71
2840	-4.99	-4.99	-4.99	0	93
2850	-4.99	-4.99	-4.99	0	97
2860	-4.99	-4.99	-4.99	0	97
2870	-4.99	-4.99	-4.99	0	96
2880	-4.99	-4.99	-4.99	0	97
2890	-4.99	-4.99	-4.99	0	97
2900	-4.99	-4.99	-4.99	0	97
2910	-4.99	-4.99	-4.99	0	98
2920	-4.99	-4.99	-4.99	0	98
2930	-4.99	-4.99	-4.99	0	98
2940	-4.99	-4.99	-4.99	0	97
2950	-4.99	-4.99	-4.99	0	98
2960	-4.99	-4.99	-4.99	0	97
2970	-4.99	-4.99	-4.99	0	98
2980	-4.99	-4.99	-4.99	0	96
2990	-4.99	-4.99	-4.99	0	97
3000	5	5	-4.95	21.81	10835
3010	5	5	-4.44	75.49	8848
3020	5	5	-3.59	109.03	2637
3030	5	5	-2.69	81.77	1250
3040	5	5	-1.77	89.22	1049
3050	5	5	-0.84	81.77	1009
3060	5	5	0.06	98.14	965
3070	5	5	0.98	81.77	964
3080	5	5	1.9	98.14	938
3090	5	5	2.83	89.22	1023
3100	5	5	3.73	89.22	796
3110	5	5	4.59	65.43	-5495
3120	5	5	5.06	30.67	-5003
3130	5	5	5.28	14.23	-2077
3140	5	5	5.36	6.86	-1432
3150	5	5	5.36	0	-820
3160	5	5	5.34	-2.21	-786
3170	5	5	5.3	-5.95	-534
3180	5	5	5.24	-5.37	-469
3190	5	5	5.18	-5.17	-193
3200	5	5	5.14	-4.46	-437
3210	5	5	5.1	-3.67	-187
3220	5	5	5.08	-2.83	-96
3230	5	5	5.04	-2.37	232
3240	5	5	5.04	-1.6	-747
3250	5	5	5.02	-1.21	16
3260	5	5	5	-1.27	481
3270	5	5	5	0	42
3280	5	5	5	0	-50
3290	5	5	5	0	-188
3300	5	5	5	0.14	-556
3310	5	5	5	0	-165
3320	5	5	5	0	-274
3330	5	5	5	0	-285
3340	5	5	5	0	-284
3350	5	5	5	0	-283
3360	5	5	5	0	-284
3370	5	5	5	0	-284
3380	5	5	5	0	-284
3390	5	5	5	0	-285
3400	5	5	5	0	-284
3410	5	5	5	0	-284
3420	5	5	5	0	-284
3430	5	5	5	0	-284
3440	5	5	5	0	-285
3450	5	5	5	0	-284
3460	5	5	5	0	-284
3470	5	5	5	0	-284
3480	5	5	5	0	-284
3490	5	5	5	0	-285
3500	-4.99	-4.99	4.99	-18.87	-11087
3510	-4.99	-4.99	4.47	-75.49	-9226
3520	-4.99	-4.99	3.61	-89.22	-3174
3530	-4.99	-4.99	2.75	-89.22	-1679
3540	-4.99	-4.99	1.83	-98.14	-1378
3550	-4.99	-4.99	0.92	-98.14	-1316
3560	-4.99	-4.99	-0.04	-89.22	-1319
3570	-4.99	-4.99	-0.92	-89.22	-1295
3580	-4.99	-4.99	-1.84	-89.22	-1320
3590	-4.99	-4.99	-2.75	-89.22	-1302
3600	-4.99	-4.99	-3.67	-89.22	-980
3610	-4.99	-4.99	-4.53	-65.43	5696
3620	-4.99	-4.99	-5.04	-31.65	5569
3630	-4.99	-4.99	-5.26	-13.27	2154
3640	-4.99	-4.99	-5.34	-4.8	1105
3650	-4.99	-4.99	-5.36	0	1025
3660	-4.99	-4.99	-5.32	2.64	565
3670	-4.99	-4.99	-5.28	5.37	468
3680	-4.99	-4.99	-5.22	5.7	344
3690	-4.99	-4.99	-5.16	5.34	36
3700	-4.99	-4.99	-5.12	4.69	272
3710	-4.99	-4.99	-5.08	3.56	58
3720	-4.99	-4.99	-5.04	3.01	-335
3730	-4.99	-4.99	-5.04	1.82	143
3740	-4.99	-4.99	-5.02	1.82	531
3750	-4.99	-4.99	-5	1.71	88
3760	-4.99	-4.99	-5	1.04	511
3770	-4.99	-4.99	-4.99	0.8	-595
3780	-4.99	-4.99	-4.99	0.8	-123
3790	-4.99	-4.99	-4.99	0.8	39
3800	-4.99	-4.99	-4.99	0.57	104
3810	-4.99	-4.99	-4.99	0.44	146
3820	-4.99	-4.99	-4.99	0	147
3830	-4.99	-4.99	-4.99	0	81
3840	-4.99	-4.99	-4.99	0	102
3850	-4.99	-4.99	-4.99	0	106
3860	-4.99	-4.99	-4.99	0	106
3870	-4.99	-4.99	-4.99	0	105
3880	-4.99	-4.99	-4.99	0	107
3890	-4.99	-4.99	-4.99	0	106
3900	-4.99	-4.99	-4.99	0	107
3910	-4.99	-4.99	-4.99	0	105
3920	-4.99	-4.99	-4.99	0	107
3930	-4.99	-4.99	-4.99	0	106
3940	-4.99	-4.99	-4.99	0	105
3950	-4.99	-4.99	-4.99	0	106
3960	-4.99	-4.99	-4.99	0	106
3970	-4.99	-4.99	-4.99	0	106
3980	-4.99	-4.99	-4.99	0	106
3990	-4.99	-4.99	-4.99	0	106
4000	5	5	-4.95	21.81	10898
4010	5	5	-4.44	75.49	8431
4020	5	5	-3.59	89.22	2560
4030	5	5	-2.69	89.22	1221
4040	5	5	-1.77	89.22	1056
4050	5	5	-0.86	89.22	979
4060	5	5	0.06	89.22	959
4070	5	5	0.98	89.22	967
4080	5	5	1.9	89.22	961
4090	5	5	2.81	89.22	1013
4100	5	5	3.73	89.22	620
4110	5	5	4.57	65.43	-5629
4120	5	5	5.08	28.04	-5289
4130	5	5	5.28	14.23	-1681
4140	5	5	5.36	5.7	-1348
4150	5	5	5.38	0	-1245
4160	5	5	5.34	-2.97	-741
4170	5	5	5.3	-5.01	-793
4180	5	5	5.24	-5.39	-561
4190	5	5	5.18	-5.31	-134
4200	5	5	5.14	-4.46	-475
4210	5	5	5.1	-3.49	-217
4220	5	5	5.08	-2.87	-103
4230	5	5	5.04	-2.47	268
4240	5	5	5.04	-1.55	-753
4250	5	5	5.02	-1.19	1
4260	5	5	5	-1.3	378
4270	5	5	5	0	71
4280	5	5	5	0	-157
4290	5	5	5	0	-173
4300	5	5	5	0	-116
4310	5	5	5	0	-201
4320	5	5	5	0	-280
4330	5	5	5	0	-289
4340	5	5	5	0	-287
4350	5	5	5	0	-287
4360	5	5	5	0	-286
4370	5	5	5	0	-287
4380	5	5	5	0	-286
4390	5	5	5	0	-287
4400	5	5	5	0	-287
4410	5	5	5	0	-287
4420	5	5	5	0	-287
4430	5	5	5	0	-287
4440	5	5	5	0	-287
4450	5	5	5	0	-288
4460	5	5	5	0	-287
4470	5	5	5	0	-288
4480	5	5	5	0	-287
4490	5	5	5	0	-287
4500	-4.99	-4.99	4.99	-19.23	-11037
4510	-4.99	-4.99	4.47	-70.09	-9259
4520	-4.99	-4.99	3.65	-89.22	-3208
4530	-4.99	-4.99	2.75	-89.22	-1757
4540	-4.99	-4.99	1.83	-98.14	-1406
4550	-4.99	-4.99	0.9	-89.22	-1310
4560	-4.99	-4.99	-0.02	-89.22	-1287
4570	-4.99	-4.99	-0.92	-89.22	-1277
4580	-4.99	-4.99	-1.84	-89.22	-1321
4590	-4.99	-4.99	-2.77	-98.14	-1276
4600	-4.99	-4.99	-3.67	-98.14	-1005
4610	-4.99	-4.99	-4.53	-65.43	5822
4620	-4.99	-4.99	-5.04	-29.74	5611
4630	-4.99	-4.99	-5.26	-14.43	1961
4640	-4.99	-4.99	-5.34	-6.37	1262
4650	-4.99	-4.99	-5.34	0	290
4660	-4.99	-4.99	-5.32	2.14	793
4670	-4.99	-4.99	-5.26	5.17	145
4680	-4.99	-4.99	-5.22	5.45	64
4690	-4.99	-4.99	-5.16	5.48	141
4700	-4.99	-4.99	-5.12	4.47	380
4710	-4.99	-4.99	-5.08	3.6	134
4720	-4.99	-4.99	-5.04	2.98	-378
4730	-4.99	-4.99	-5.04	1.77	168
4740	-4.99	-4.99	-5.02	1.77	537
4750	-4.99	-4.99	-5	1.73	88
4760	-4.99	-4.99	-5	1.02	511
4770	-4.99	-4.99	-4.99	0.77	-692
4780	-4.99	-4.99	-4.99	0.77	-117
4790	-4.99	-4.99	-4.99	0.77	67
4800	-4.99	-4.99	-4.99	0.58	121
4810	-4.99	-4.99	-4.99	0.44	151
4820	-4.99	-4.99	-4.99	0	138
4830	-4.99	-4.99	-4.99	0	84
4840	-4.99	-4.99	-4.99	0	111
4850	-4.99	-4.99	-4.99	0	112
4860	-4.99	-4.99	-4.99	0	112
4870	-4.99	-4.99	-4.99	0	111
4880	-4.99	-4.99	-4.99	0	112
4890	-4.99	-4.99	-4.99	0	113
4900	-4.99	-4.99	-4.99	0	110
4910	-4.99	-4.99	-4.99	0	112
4920	-4.99	-4.99	-4.99	0	111
4930	-4.99	-4.99	-4.99	0	112
4940	-4.99	-4.99	-4.99	0	113
4950	-4.99	-4.99	-4.99	0	113
4960	-4.99	-4.99	-4.99	0	113
4970	-4.99	-4.99	-4.99	0	112
4980	-4.99	-4.99	-4.99	0	113
4990	-4.99	-4.99	-4.99	0	112
5000	5	5	-4.95	25.83	10884
5010	5	5	-4.42	81.77	8422
5020	5	5	-3.55	81.77	2556
5030	5	5	-2.65	98.14	1228
5040	5	5	-1.75	81.77	1024
5050	5	5	-0.82	89.22	990
5060	5	5	0.1	98.14	961
5070	5	5	1.02	89.22	953
5080	5	5	1.94	89.22	956
5090	5	5	2.85	98.14	1014
5100	5	5	3.77	89.22	616
5110	5	5	4.61	70.09	-5630
5120	5	5	5.08	28.04	-5287
5130	5	5	5.28	14.02	-1691
5140	5	5	5.36	5.73	-1352
5150	5	5	5.38	0	-1240
5160	5	5	5.34	-3.14	-618
5170	5	5	5.3	-6.01	-801
5180	5	5	5.24	-5.34	-573
5190	5	5	5.18	-5.34	-121
5200	5	5	5.14	-4.47	-477
5210	5	5	5.1	-3.49	-216
5220	5	5	5.06	-2.89	-92
5230	5	5	5.04	-2.47	270
5240	5	5	5.04	-1.51	-748
5250	5	5	5.02	-1.21	-29
5260	5	5	5	-1.26	227
5270	5	5	5	0	32
5280	5	5	5	0	-42
5290	5	5	5	0	-72
5300	5	5	5	0	-135
5310	5	5	5	0	-195
5320	5	5	5	0	-274
5330	5	5	5	0	-279
5340	5	5	5	0	-277
5350	5	5	5	0	-277
5360	5	5	5	0	-278
5370	5	5	5	0	-277
5380	5	5	5	0	-277
5390	5	5	5	0	-277
5400	5	5	5	0	-277
5410	5	5	5	0	-277
5420	5	5	5	0	-277
5430	5	5	5	0	-278
5440	5	5	5	0	-277
5450	5	5	5	0	-277
5460	5	5	5	0	-277
5470	5	5	5	0	-277
5480	5	5	5	0	-277
5490	5	5	5	0	-278
5500	5	5	5	0	-277
5510	-4.99	-4.99	4.99	-19.23	-11064
5520	-4.99	-4.99	4.47	-75.49	-9263
5530	-4.99	-4.99	3.65	-89.22	-3218
5540	-4.99	-4.99	2.75	-89.22	-1697
5550	-4.99	-4.99	1.83	-81.77	-1412
5560	-4.99	-4.99	0.92	-89.22	-1295
5570	-4.99	-4.99	0	-98.14	-1298
5580	-4.99	-4.99	-0.92	-89.22	-1285
5590	-4.99	-4.99	-1.84	-89.22	-1345
5600	-4.99	-4.99	-2.77	-89.22	-1297
5610	-4.99	-4.99	-3.67	-89.22	-982
5620	-4.99	-4.99	-4.53	-70.09	5708
5630	-4.99	-4.99	-5.04	-31.65	5814
5640	-4.99	-4.99	-5.26	-14.87	1820
5650	-4.99	-4.99	-5.34	-5.73	1083
5660	-4.99	-4.99	-5.34	0	58
5670	-4.99	-4.99	-5.32	2.03	733
5680	-4.99	-4.99	-5.26	5.2	159
5690	-4.99	-4.99	-5.22	5.51	213
5700	-4.99	-4.99	-5.16	5.31	88
5710	-4.99	-4.99	-5.12	4.6	317
5720	-4.99	-4.99	-5.08	3.53	119
5730	-4.99	-4.99	-5.04	2.89	-296
5740	-4.99	-4.99	-5.04	1.84	390
5750	-4.99	-4.99	-5.02	1.84	539
5760	-4.99	-4.99	-5	1.73	114
5770	-4.99	-4.99	-5	1.02	514
5780	-4.99	-4.99	-4.99	0.79	-651
5790	-4.99	-4.99	-4.99	0.79	-128
5800	-4.99	-4.99	-4.99	0.79	50
5810	-4.99	-4.99	-4.99	0.58	102
5820	-4.99	-4.99	-4.99	0.44	161
5830	-4.99	-4.99	-4.99	0	147
5840	-4.99	-4.99	-4.99	0	82
5850	-4.99	-4.99	-4.99	0	107
5860	-4.99	-4.99	-4.99	0	109
5870	-4.99	-4.99	-4.99	0	109
5880	-4.99	-4.99	-4.99	0	110
5890	-4.99	-4.99	-4.99	0	109
5900	-4.99	-4.99	-4.99	0	109
5910	-4.99	-4.99	-4.99	0	110
5920	-4.99	-4.99	-4.99	0	109
5930	-4.99	-4.99	-4.99	0	109
5940	-4.99	-4.99	-4.99	0	109
5950	-4.99	-4.99	-4.99	0	109
5960	-4.99	-4.99	-4.99	0	111
5970	-4.99	-4.99	-4.99	0	108
5980	-4.99	-4.99	-4.99	0	110
5990	-4.99	-4.99	-4.99	0	109
6000	5	5	-4.95	21.81	10881
6010	5	5	-4.44	75.49	8442
6020	5	5	-3.59	89.22	2551
6030	5	5	-2.69	89.22	1203
6040	5	5	-1.77	98.14	1048
6050	5	5	-0.86	81.77	1004
6060	5	5	0.06	98.14	965
6070	5	5	0.98	89.22	946
6080	5	5	1.9	98.14	983
6090	5	5	2.81	89.22	995
6100	5	5	3.73	89.22	627
6110	5	5	4.57	65.43	-5585
6120	5	5	5.08	28.04	-5235
6130	5	5	5.28	14.02	-1809
6140	5	5	5.36	5.7	-1115
6150	5	5	5.38	0	-1261
6160	5	5	5.34	-3	-739
6170	5	5	5.3	-5.01	-787
6180	5	5	5.24	-5.39	-561
6190	5	5	5.18	-5.28	-127
6200	5	5	5.14	-4.43	-337
6210	5	5	5.1	-3.69	-199
6220	5	5	5.06	-2.92	124
6230	5	5	5.04	-2.34	255
6240	5	5	5.04	-1.57	-770
6250	5	5	5.02	-1.16	98
6260	5	5	5	-1.35	222
6270	5	5	5	0	46
6280	5	5	5	0	-51
6290	5	5	5	0	-189
6300	5	5	5	0	-337
6310	5	5	5	0	-179
6320	5	5	5	0	-273
6330	5	5	5	0	-287
6340	5	5	5	0	-290
6350	5	5	5	0	-287
6360	5	5	5	0	-288
6370	5	5	5	0	-288
6380	5	5	5	0	-287
6390	5	5	5	0	-287
6400	5	5	5	0	-287
6410	5	5	5	0	-288
6420	5	5	5	0	-287
6430	5	5	5	0	-287
6440	5	5	5	0	-287
6450	5	5	5	0	-287
6460	5	5	5	0	-287
6470	5	5	5	0	-287
6480	5	5	5	0	-287
6490	5	5	5	0	-287
6500	-4.99	-4.99	4.99	-18.87	-10542
6510	-4.99	-4.99	4.47	-75.49	-9621
6520	-4.99	-4.99	3.65	-89.22	-3321
6530	-4.99	-4.99	2.75	-81.77	-1767
6540	-4.99	-4.99	1.83	-89.22	-1408
6550	-4.99	-4.99	0.9	-89.22	-1333
6560	-4.99	-4.99	0	-89.22	-1321
6570	-4.99	-4.99	-0.92	-98.14	-1325
6580	-4.99	-4.99	-1.84	-89.22	-1341
6590	-4.99	-4.99	-2.77	-89.22	-1302
6600	-4.99	-4.99	-3.69	-98.14	-1023
6610	-4.99	-4.99	-4.53	-75.49	5503
6620	-4.99	-4.99	-5.04	-28.86	5903
6630	-4.99	-4.99	-5.26	-14.65	2232
6640	-4.99	-4.99	-5.34	-6.58	1412
6650	-4.99	-4.99	-5.34	0	287
6660	-4.99	-4.99	-5.32	2.07	755
6670	-4.99	-4.99	-5.26	4.88	246
6680	-4.99	-4.99	-5.22	5.87	202
6690	-4.99	-4.99	-5.16	5.31	74
6700	-4.99	-4.99	-5.12	4.27	343
6710	-4.99	-4.99	-5.08	3.56	80
6720	-4.99	-4.99	-5.04	3.11	-209
6730	-4.99	-4.99	-5.02	1.9	-93
6740	-4.99	-4.99	-5.02	1.81	537
6750	-4.99	-4.99	-5	1.59	65
6760	-4.99	-4.99	-5	1.07	514
6770	-4.99	-4.99	-4.99	0.8	-647
6780	-4.99	-4.99	-4.99	0.8	-127
6790	-4.99	-4.99	-4.99	0.8	54
6800	-4.99	-4.99	-4.99	0.58	105
6810	-4.99	-4.99	-4.99	0.44	165
6820	-4.99	-4.99	-4.99	0	143
6830	-4.99	-4.99	-4.99	0	90
6840	-4.99	-4.99	-4.99	0	112
6850	-4.99	-4.99	-4.99	0	113
6860	-4.99	-4.99	-4.99	0	112
6870	-4.99	-4.99	-4.99	0	112
6880	-4.99	-4.99	-4.99	0	112
6890	-4.99	-4.99	-4.99	0	111
6900	-4.99	-4.99	-4.99	0	111
6910	-4.99	-4.99	-4.99	0	112
6920	-4.99	-4.99	-4.99	0	112
6930	-4.99	-4.99	-4.99	0	112
6940	-4.99	-4.99	-4.99	0	114
6950	-4.99	-4.99	-4.99	0	112
6960	-4.99	-4.99	-4.99	0	112
6970	-4.99	-4.99	-4.99	0	112
6980	-4.99	-4.99	-4.99	0	111
6990	-4.99	-4.99	-4.99	0	112
7000	5	5	-4.95	21.81	10899
7010	5	5	-4.44	75.49	8430
7020	5	5	-3.59	89.22	2556
7030	5	5	-2.69	81.77	1211
7040	5	5	-1.77	98.14	1033
7050	5	5	-0.86	81.77	1011
7060	5	5	0.06	98.14	973
7070	5	5	0.98	89.22	943
7080	5	5	1.9	89.22	951
7090	5	5	2.81	89.22	1016
7100	5	5	3.73	89.22	643
7110	5	5	4.57	65.43	-5613
7120	5	5	5.08	28.04	-5283
7130	5	5	5.28	14.23	-1840
7140	5	5	5.36	5.73	-1340
7150	5	5	5.38	0	-1246
7160	5	5	5.34	-2.97	-744
7170	5	5	5.3	-4.98	-791
7180	5	5	5.24	-5.37	-560
7190	5	5	5.18	-5.28	-128
7200	5	5	5.14	-4.44	-461
7210	5	5	5.1	-3.75	-204
7220	5	5	5.08	-2.78	-141
7230	5	5	5.04	-2.45	263
7240	5	5	5.04	-1.55	-757
7250	5	5	5.02	-1.18	9
7260	5	5	5	-1.3	229
7270	5	5	5	0	50
7280	5	5	5	0	-69
7290	5	5	5	0	-178
7300	5	5	5	0	-147
7310	5	5	5	0	-220
7320	5	5	5	0	-271
7330	5	5	5	0	-272
7340	5	5	5	0	-272
7350	5	5	5	0	-272
7360	5	5	5	0	-272
7370	5	5	5	0	-273
7380	5	5	5	0	-272
7390	5	5	5	0	-272
7400	5	5	5	0	-273
7410	5	5	5	0	-272
7420	5	5	5	0	-272
7430	5	5	5	0	-272
7440	5	5	5	0	-271
7450	5	5	5	0	-272
7460	5	5	5	0	-272
7470	5	5	5	0	-272
7480	5	5	5	0	-272
7490	5	5	5	0	-272
7500	5	5	5	0	-273
7510	-4.99	-4.99	4.99	-19.23	-11049
7520	-4.99	-4.99	4.47	-70.09	-9279
7530	-4.99	-4.99	3.65	-89.22	-3160
7540	-4.99	-4.99	2.75	-89.22	-1714
7550	-4.99	-4.99	1.83	-81.77	-1416
7560	-4.99	-4.99	0.92	-89.22	-1329
7570	-4.99	-4.99	0	-98.14	-1311
7580	-4.99	-4.99	-0.92	-89.22	-1292
7590	-4.99	-4.99	-1.84	-89.22	-1305
7600	-4.99	-4.99	-2.77	-98.14	-1301
7610	-4.99	-4.99	-3.67	-89.22	-982
7620	-4.99	-4.99	-4.53	-65.43	5762
7630	-4.99	-4.99	-5.04	-29.74	5558
7640	-4.99	-4.99	-5.26	-15.11	1816
7650	-4.99	-4.99	-5.34	-5.61	1058
7660	-4.99	-4.99	-5.34	0	214
7670	-4.99	-4.99	-5.32	2.26	679
7680	-4.99	-4.99	-5.28	5.39	375
7690	-4.99	-4.99	-5.22	5.54	198
7700	-4.99	-4.99	-5.16	5.24	100
7710	-4.99	-4.99	-5.12	4.58	316
7720	-4.99	-4.99	-5.08	3.47	111
7730	-4.99	-4.99	-5.04	3.03	-317
7740	-4.99	-4.99	-5.04	1.85	151
7750	-4.99	-4.99	-5.02	1.84	544
7760	-4.99	-4.99	-5	1.73	137
7770	-4.99	-4.99	-5	1.02	521
7780	-4.99	-4.99	-4.99	0.77	-686
7790	-4.99	-4.99	-4.99	0.77	-119
7800	-4.99	-4.99	-4.99	0.77	67
7810	-4.99	-4.99	-4.99	0.58	113
7820	-4.99	-4.99	-4.99	0.46	172
7830	-4.99	-4.99	-4.99	0	155
7840	-4.99	-4.99	-4.99	0	97
7850	-4.99	-4.99	-4.99	0	119
7860	-4.99	-4.99	-4.99	0	120
7870	-4.99	-4.99	-4.99	0	120
7880	-4.99	-4.99	-4.99	0	120
7890	-4.99	-4.99	-4.99	0	120
7900	-4.99	-4.99	-4.99	0	120
7910	-4.99	-4.99	-4.99	0	119
7920	-4.99	-4.99	-4.99	0	121
7930	-4.99	-4.99	-4.99	0	120
7940	-4.99	-4.99	-4.99	0	122
7950	-4.99	-4.99	-4.99	0	121
7960	-4.99	-4.99	-4.99	0	120
7970	-4.99	-4.99	-4.99	0	120
7980	-4.99	-4.99	-4.99	0	120
7990	-4.99	-4.99	-4.99	0	120
8000	5	5	-4.93	25.17	10898
8010	5	5	-4.44	75.49	8436
8020	5	5	-3.55	81.77	2560
8030	5	5	-2.69	81.77	1208
8040	5	5	-1.75	89.22	1049
8050	5	5	-0.82	98.14	984
8060	5	5	0.06	98.14	966
8070	5	5	0.98	89.22	950
8080	5	5	1.92	81.77	980
8090	5	5	2.81	89.22	1009
8100	5	5	3.73	89.22	634
8110	5	5	4.57	65.43	-5483
8120	5	5	5.08	27.26	-5272
8130	5	5	5.28	14.43	-1741
8140	5	5	5.36	5.64	-1354
8150	5	5	5.38	0	-1241
8160	5	5	5.34	-2.94	-737
8170	5	5	5.3	-4.96	-902
8180	5	5	5.24	-5.48	-532
8190	5	5	5.18	-5.31	-123
8200	5	5	5.14	-4.44	-458
8210	5	5	5.1	-3.74	-199
8220	5	5	5.08	-2.76	-133
8230	5	5	5.04	-2.43	267
8240	5	5	5.04	-1.57	-767
8250	5	5	5.02	-1.16	51
8260	5	5	5	-1.33	229
8270	5	5	5	0	46
8280	5	5	5	0	-54
8290	5	5	5	0	-188
8300	5	5	5.02	-0.14	-784
8310	5	5	5	0	-184
8320	5	5	5	0	-276
8330	5	5	5	0	-288
8340	5	5	5	0	-290
8350	5	5	5	0	-288
8360	5	5	5	0	-288
8370	5	5	5	0	-288
8380	5	5	5	0	-287
8390	5	5	5	0	-287
8400	5	5	5	0	-287
8410	5	5	5	0	-287
8420	5	5	5	0	-287
8430	5	5	5	0	-287
8440	5	5	5	0	-286
8450	5	5	5	0	-287
8460	5	5	5	0	-287
8470	5	5	5	0	-288
8480	5	5	5	0	-287
8490	5	5	5	0	-287
8500	-4.99	-4.99	4.99	-18.51	-11106
8510	-4.99	-4.99	4.47	-75.49	-9161
8520	-4.99	-4.99	3.65	-89.22	-3145
8530	-4.99	-4.99	2.75	-89.22	-1669
8540	-4.99	-4.99	1.83	-98.14	-1386
8550	-4.99	-4.99	0.9	-98.14	-1307
8560	-4.99	-4.99	0	-89.22	-1282
8570	-4.99	-4.99	-0.92	-89.22	-1274
8580	-4.99	-4.99	-1.84	-89.22	-1326
8590	-4.99	-4.99	-2.75	-89.22	-1320
8600	-4.99	-4.99	-3.67	-89.22	-980
8610	-4.99	-4.99	-4.53	-65.43	5704
8620	-4.99	-4.99	-5.04	-30.67	5596
8630	-4.99	-4.99	-5.26	-13.08	2130
8640	-4.99	-4.99	-5.34	-4.85	973
8650	-4.99	-4.99	-5.36	0	936
8660	-4.99	-4.99	-5.32	2.54	594
8670	-4.99	-4.99	-5.28	5.42	480
8680	-4.99	-4.99	-5.22	5.78	350
8690	-4.99	-4.99	-5.16	5.12	8
8700	-4.99	-4.99	-5.12	4.44	287
8710	-4.99	-4.99	-5.08	3.61	69
8720	-4.99	-4.99	-5.04	3.17	-360
8730	-4.99	-4.99	-5.04	1.82	139
8740	-4.99	-4.99	-5.02	1.82	530
8750	-4.99	-4.99	-5	1.7	82
8760	-4.99	-4.99	-5	1.04	510
8770	-4.99	-4.99	-4.99	0.8	-663
8780	-4.99	-4.99	-4.99	0.8	-124
8790	-4.99	-4.99	-4.99	0.8	48
8800	-4.99	-4.99	-4.99	0.57	109
8810	-4.99	-4.99	-4.99	0.44	153
8820	-4.99	-4.99	-4.99	0	144
8830	-4.99	-4.99	-4.99	0	84
8840	-4.99	-4.99	-4.99	0	107
8850	-4.99	-4.99	-4.99	0	108
8860	-4.99	-4.99	-4.99	0	109
8870	-4.99	-4.99	-4.99	0	107
8880	-4.99	-4.99	-4.99	0	109
8890	-4.99	-4.99	-4.99	0	108
8900	-4.99	-4.99	-4.99	0	108
8910	-4.99	-4.99	-4.99	0	108
8920	-4.99	-4.99	-4.99	0	109
8930	-4.99	-4.99	-4.99	0	107
8940	-4.99	-4.99	-4.99	0	108
8950	-4.99	-4.99	-4.99	0	110
8960	-4.99	-4.99	-4.99	0	108
8970	-4.99	-4.99	-4.99	0	108
8980	-4.99	-4.99	-4.99	0	110
8990	-4.99	-4.99	-4.99	0	108
9000	5	5	-4.95	22.3	10843
9010	5	5	-4.44	75.49	8423
9020	5	5	-3.59	89.22	2565
9030	5	5	-2.69	89.22	1207
9040	5	5	-1.77	98.14	1051
9050	5	5	-0.86	81.77	991
9060	5	5	0.06	98.14	934
9070	5	5	0.98	81.77	958
9080	5	5	1.9	98.14	974
9090	5	5	2.81	89.22	1028
9100	5	5	3.73	89.22	790
9110	5	5	4.59	61.33	-5488
9120	5	5	5.08	28.04	-5272
9130	5	5	5.28	14.23	-1862
9140	5	5	5.36	5.51	-1367
9150	5	5	5.38	0	-1240
9160	5	5	5.34	-2.79	-845
9170	5	5	5.3	-5.09	-829
9180	5	5	5.24	-5.54	-465
9190	5	5	5.18	-5.28	-100
9200	5	5	5.14	-4.54	-371
9210	5	5	5.1	-3.63	-164
9220	5	5	5.08	-2.76	-361
9230	5	5	5.04	-2.47	262
9240	5	5	5.04	-1.57	-737
9250	5	5	5.02	-1.22	19
9260	5	5	5	-1.29	240
9270	5	5	5	0	66
9280	5	5	5.02	0	-656
9290	5	5	5	0	-165
9300	5	5	5	0	-223
9310	5	5	5	0	-178
9320	5	5	5	0	-272
9330	5	5	5	0	-284
9340	5	5	5	0	-282
9350	5	5	5	0	-282
9360	5	5	5	0	-283
9370	5	5	5	0	-282
9380	5	5	5	0	-283
9390	5	5	5	0	-282
9400	5	5	5	0	-282
9410	5	5	5	0	-282
9420	5	5	5	0	-281
9430	5	5	5	0	-282
9440	5	5	5	0	-282
9450	5	5	5	0	-283
9460	5	5	5	0	-282
9470	5	5	5	0	-281
9480	5	5	5	0	-282
9490	5	5	5	0	-283
9500	5	5	5	0	-282
9510	-4.99	-4.99	4.99	-19.23	-11045
9520	-4.99	-4.99	4.47	-75.49	-9260
9530	-4.99	-4.99	3.65	-89.22	-3161
9540	-4.99	-4.99	2.75	-89.22	-1740
9550	-4.99	-4.99	1.83	-98.14	-1394
9560	-4.99	-4.99	0.9	-89.22	-1352
9570	-4.99	-4.99	0	-98.14	-1292
9580	-4.99	-4.99	-0.92	-89.22	-1305
9590	-4.99	-4.99	-1.84	-89.22	-1310
9600	-4.99	-4.99	-2.77	-109.03	-1310
9610	-4.99	-4.99	-3.69	-98.14	-980
9620	-4.99	-4.99	-4.53	-65.43	5837
9630	-4.99	-4.99	-5.04	-29.74	5780
9640	-4.99	-4.99	-5.26	-14.23	2069
9650	-4.99	-4.99	-5.34	-6.33	1356
9660	-4.99	-4.99	-5.34	0	439
9670	-4.99	-4.99	-5.32	2.21	874
9680	-4.99	-4.99	-5.26	5.04	237
9690	-4.99	-4.99	-5.2	5.57	-65
9700	-4.99	-4.99	-5.16	5.34	213
9710	-4.99	-4.99	-5.12	4.35	337
9720	-4.99	-4.99	-5.08	3.47	181
9730	-4.99	-4.99	-5.04	3.01	-364
9740	-4.99	-4.99	-5.02	1.82	-48
9750	-4.99	-4.99	-5.02	1.79	554
9760	-4.99	-4.99	-5	1.7	110
9770	-4.99	-4.99	-5	1	513
9780	-4.99	-4.99	-4.99	0.79	-607
9790	-4.99	-4.99	-4.99	0.79	-126
9800	-4.99	-4.99	-4.99	0.79	47
9810	-4.99	-4.99	-4.99	0.57	99
9820	-4.99	-4.99	-4.99	0.44	158
9830	-4.99	-4.99	-4.99	0	157
9840	-4.99	-4.99	-4.99	0	82
9850	-4.99	-4.99	-4.99	0	102
9860	-4.99	-4.99	-4.99	0	109
9870	-4.99	-4.99	-4.99	0	108
9880	-4.99	-4.99	-4.99	0	108
9890	-4.99	-4.99	-4.99	0	109
9900	-4.99	-4.99	-4.99	0	109
9910	-4.99	-4.99	-4.99	0	108
9920	-4.99	-4.99	-4.99	0	107
9930	-4.99	-4.99	-4.99	0	107
9940	-4.99	-4.99	-4.99	0	107
9950	-4.99	-4.99	-4.99	0	107
9960	-4.99	-4.99	-4.99	0	107
9970	-4.99	-4.99	-4.99	0	107
9980	-4.99	-4.99	-4.99	0	108
9990	-4.99	-4.99	-4.99	0	107
10000	5	5	-4.95	11.02	10847
