0	0	0	-0.04	0	261
10	5	5	-0.02	16.36	8312
20	5	5	0.37	57.72	9360
30	5	5	1.12	81.77	4006
40	5	5	1.98	81.77	512
50	5	5	2.9	70.09	-1807
60	5	5	3.53	57.72	-2226
70	5	5	4.02	39.25	-1940
80	5	5	4.28	28.86	-1484
90	5	5	4.53	19.63	-1086
100	5	5	4.69	14.43	-737
110	5	5	4.79	9.09	-341
120	5	5	4.87	6.72	-205
130	5	5	4.91	4.63	-44
140	5	5	4.95	2.81	-114
150	5	5	4.97	1.88	-146
160	5	5	4.97	1.68	173
170	5	5	4.99	0.94	95
180	5	5	4.97	0	338
190	5	5	4.97	0	332
200	5	5	4.97	0	260
210	5	5	4.99	0	162
220	5	5	4.99	0	130
230	5	5	4.97	0	221
240	5	5	4.97	0	299
250	5	5	4.97	0	230
260	5	5	4.99	0	135
270	5	5	4.99	0	135
280	5	5	4.97	0	283
290	5	5	4.97	0	295
300	5	5	4.97	0	208
310	5	5	4.99	0	135
320	5	5	4.97	0	215
330	5	5	4.97	0	296
340	5	5	4.97	0	218
350	5	5	4.99	0	132
360	5	5	4.99	0	168
370	5	5	4.97	0	294
380	5	5	4.97	0	268
390	5	5	4.97	0	171
400	5	5	4.99	0	131
410	5	5	4.97	0.14	244
420	5	5	4.97	0	294
430	5	5	4.97	0	230
440	5	5	4.99	0	118
450	5	5	4.99	0	157
460	5	5	4.97	0	292
470	5	5	4.97	0	281
480	5	5	4.97	0	203
490	5	5	4.99	0	130
500	-4.99	-4.99	4.95	-2.45	-7662
510	-4.99	-4.99	4.57	-61.33	-10184
520	-4.99	-4.99	3.83	-81.77	-4845
530	-4.99	-4.99	2.94	-89.22	-2241
540	-4.99	-4.99	2.04	-89.22	-1743
550	-4.99	-4.99	0.96	-89.22	-1595
560	-4.99	-4.99	0.24	-98.14	-1598
570	-4.99	-4.99	-0.67	-81.77	-1514
580	-4.99	-4.99	-1.57	-98.14	-963
590	-4.99	-4.99	-2.43	-75.49	992
600	-4.99	-4.99	-3.14	-65.43	2042
610	-4.99	-4.99	-3.71	-46.73	2218
620	-4.99	-4.99	-4.12	-35.05	1708
630	-4.99	-4.99	-4.4	-25.17	1321
640	-4.99	-4.99	-4.59	-16.93	722
650	-4.99	-4.99	-4.71	-10.44	509
660	-4.99	-4.99	-4.81	-6.67	216
670	-4.99	-4.99	-4.85	-4.65	15
680	-4.99	-4.99	-4.89	-3.27	-240
690	-4.99	-4.99	-4.91	-2.17	-343
700	-4.99	-4.99	-4.93	-1.73	-141
710	-4.99	-4.99	-4.93	-1.11	-380
720	-4.99	-4.99	-4.95	-1.04	-170
730	-4.99	-4.99	-4.95	-1.04	-128
740	-4.99	-4.99	-4.95	0	-190
750	-4.99	-4.99	-4.95	0	-226
760	-4.99	-4.99	-4.95	0	-264
770	-4.99	-4.99	-4.95	0	-262
780	-4.99	-4.99	-4.95	0	-261
790	-4.99	-4.99	-4.95	0	-262
800	-4.99	-4.99	-4.95	0	-262
810	-4.99	-4.99	-4.95	0	-262
820	-4.99	-4.99	-4.95	0	-261
830	-4.99	-4.99	-4.95	0	-261
840	-4.99	-4.99	-4.95	0	-261
850	-4.99	-4.99	-4.95	0	-262
860	-4.99	-4.99	-4.95	0	-262
870	-4.99	-4.99	-4.95	0	-261
880	-4.99	-4.99	-4.95	0	-262
890	-4.99	-4.99	-4.95	0	-261
900	-4.99	-4.99	-4.95	0	-262
910	-4.99	-4.99	-4.95	0	-261
920	-4.99	-4.99	-4.95	0	-260
930	-4.99	-4.99	-4.95	0	-262
940	-4.99	-4.99	-4.95	0	-262
950	-4.99	-4.99	-4.95	0	-260
960	-4.99	-4.99	-4.95	0	-261
970	-4.99	-4.99	-4.95	0	-261
980	-4.99	-4.99	-4.95	0	-261
990	-4.99	-4.99	-4.95	0	-261
1000	5	5	-4.91	8.92	7978
1010	5	5	-4.53	61.33	9692
1020	5	5	-3.77	89.22	4044
1030	5	5	-2.89	89.22	1692
1040	5	5	-1.94	89.22	1298
1050	5	5	-0.96	98.14	1233
1060	5	5	-0.06	98.14	1224
1070	5	5	0.88	98.14	1168
1080	5	5	1.92	81.77	-6
1090	5	5	2.61	75.49	-1452
1100	5	5	3.18	61.33	-2285
1110	5	5	3.75	44.61	-2215
1120	5	5	4.18	32.71	-1740
1130	5	5	4.44	25.83	-1139
1140	5	5	4.63	15.83	-837
1150	5	5	4.75	10.55	-566
1160	5	5	4.85	6.96	-332
1170	5	5	4.89	4.91	-105
1180	5	5	4.93	3.72	-36
1190	5	5	4.95	2.43	186
1200	5	5	4.97	1.87	7
1210	5	5	4.97	1.11	245
1220	5	5	4.99	0.88	145
1230	5	5	4.99	0	129
1240	5	5	4.99	0	165
1250	5	5	4.97	0	299
1260	5	5	4.97	0	259
1270	5	5	4.99	0	164
1280	5	5	4.99	0	134
1290	5	5	4.97	0	268
1300	5	5	4.97	0	279
1310	5	5	4.97	0	195
1320	5	5	4.99	0	132
1330	5	5	4.97	0.14	239
1340	5	5	4.97	0	296
1350	5	5	4.97	0	245
1360	5	5	4.99	0	160
1370	5	5	4.99	0	132
1380	5	5	4.97	0	208
1390	5	5	4.97	0	298
1400	5	5	4.97	0	257
1410	5	5	4.97	0	174
1420	5	5	4.99	0	130
1430	5	5	4.99	0	213
1440	5	5	4.97	0	295
1450	5	5	4.97	0	260
1460	5	5	4.97	0	174
1470	5	5	4.99	0	130
1480	5	5	4.99	0	183
1490	5	5	4.97	0	289
1500	-4.99	-4.99	4.95	-17.21	-8600
1510	-4.99	-4.99	4.55	-61.33	-10167
1520	-4.99	-4.99	3.77	-89.22	-4352
1530	-4.99	-4.99	2.89	-98.14	-2127
1540	-4.99	-4.99	2.02	-89.22	-1708
1550	-4.99	-4.99	1.12	-89.22	-1627
1560	-4.99	-4.99	0.04	-89.22	-1561
1570	-4.99	-4.99	-0.86	-98.14	-1445
1580	-4.99	-4.99	-2	-81.77	64
1590	-4.99	-4.99	-2.81	-75.49	1751
1600	-4.99	-4.99	-3.51	-54.52	2204
1610	-4.99	-4.99	-3.95	-37.75	2050
1620	-4.99	-4.99	-4.22	-31.65	1539
1630	-4.99	-4.99	-4.46	-19.63	1085
1640	-4.99	-4.99	-4.59	-15.11	761
1650	-4.99	-4.99	-4.73	-10.33	452
1660	-4.99	-4.99	-4.81	-6.77	154
1670	-4.99	-4.99	-4.87	-4.63	93
1680	-4.99	-4.99	-4.89	-3.11	-259
1690	-4.99	-4.99	-4.91	-1.85	-375
1700	-4.99	-4.99	-4.93	-1.7	-162
1710	-4.99	-4.99	-4.93	-1.08	-388
1720	-4.99	-4.99	-4.95	-1.02	-165
1730	-4.99	-4.99	-4.95	0	-337
1740	-4.99	-4.99	-4.95	0	-200
1750	-4.99	-4.99	-4.95	0	-196
1760	-4.99	-4.99	-4.93	0	-479
1770	-4.99	-4.99	-4.95	0	-242
1780	-4.99	-4.99	-4.95	0	-254
1790	-4.99	-4.99	-4.95	0	-261
1800	-4.99	-4.99	-4.95	0	-262
1810	-4.99	-4.99	-4.95	0	-262
1820	-4.99	-4.99	-4.95	0	-262
1830	-4.99	-4.99	-4.95	0	-261
1840	-4.99	-4.99	-4.95	0	-262
1850	-4.99	-4.99	-4.95	0	-262
1860	-4.99	-4.99	-4.95	0	-262
1870	-4.99	-4.99	-4.95	0	-261
1880	-4.99	-4.99	-4.95	0	-262
1890	-4.99	-4.99	-4.95	0	-262
1900	-4.99	-4.99	-4.95	0	-262
1910	-4.99	-4.99	-4.95	0	-262
1920	-4.99	-4.99	-4.95	0	-262
1930	-4.99	-4.99	-4.95	0	-261
1940	-4.99	-4.99	-4.95	0	-261
1950	-4.99	-4.99	-4.95	0	-261
1960	-4.99	-4.99	-4.95	0	-261
1970	-4.99	-4.99	-4.95	0	-261
1980	-4.99	-4.99	-4.95	0	-261
1990	-4.99	-4.99	-4.95	0	-261
2000	5	5	-4.91	9.44	8026
2010	5	5	-4.51	65.43	9679
2020	5	5	-3.73	81.77	3904
2030	5	5	-2.85	89.22	1674
2040	5	5	-1.94	89.22	1319
2050	5	5	-1.04	98.14	1235
2060	5	5	-0.06	98.14	1203
2070	5	5	0.94	89.22	1144
2080	5	5	1.71	81.77	395
2090	5	5	2.51	81.77	-1262
2100	5	5	3.24	61.33	-2294
2110	5	5	3.79	49.07	-2273
2120	5	5	4.2	32.71	-1664
2130	5	5	4.46	24.53	-1188
2140	5	5	4.63	14.23	-873
2150	5	5	4.77	10.33	-592
2160	5	5	4.85	7.07	-397
2170	5	5	4.91	4.91	-123
2180	5	5	4.93	3.49	6
2190	5	5	4.95	2.32	204
2200	5	5	4.97	1.9	48
2210	5	5	4.97	1.08	252
2220	5	5	4.99	-0.14	182
2230	5	5	4.99	0	154
2240	5	5	4.99	0	146
2250	5	5	4.97	0	306
2260	5	5	4.97	0	282
2270	5	5	4.97	0	196
2280	5	5	4.99	0	134
2290	5	5	4.97	0	218
2300	5	5	4.97	0	294
2310	5	5	4.97	0	220
2320	5	5	4.99	0	127
2330	5	5	4.99	0	137
2340	5	5	4.97	0	302
2350	5	5	4.97	0	262
2360	5	5	4.99	0	122
2370	5	5	4.99	0	166
2380	5	5	4.97	0	292
2390	5	5	4.97	0	227
2400	5	5	4.99	0	126
2410	5	5	4.99	0	143
2420	5	5	4.97	0	283
2430	5	5	4.97	0	282
2440	5	5	4.97	0	175
2450	5	5	4.99	0	121
2460	5	5	4.97	0	214
2470	5	5	4.97	0	294
2480	5	5	4.97	0	252
2490	5	5	4.99	0	152
2500	-4.99	-4.99	4.95	-16.93	-7926
2510	-4.99	-4.99	4.57	-65.43	-10187
2520	-4.99	-4.99	3.83	-81.77	-4684
2530	-4.99	-4.99	2.94	-81.77	-2180
2540	-4.99	-4.99	2.04	-89.22	-1721
2550	-4.99	-4.99	1	-89.22	-1606
2560	-4.99	-4.99	-0.1	-81.77	-1587
2570	-4.99	-4.99	-0.92	-89.22	-1453
2580	-4.99	-4.99	-1.65	-89.22	-824
2590	-4.99	-4.99	-2.41	-75.49	952
2600	-4.99	-4.99	-3.14	-65.43	2120
2610	-4.99	-4.99	-3.71	-46.73	2176
2620	-4.99	-4.99	-4.12	-31.65	1651
2630	-4.99	-4.99	-4.4	-25.17	1188
2640	-4.99	-4.99	-4.59	-15.11	778
2650	-4.99	-4.99	-4.73	-10.22	468
2660	-4.99	-4.99	-4.81	-6.77	183
2670	-4.99	-4.99	-4.87	-4.54	29
2680	-4.99	-4.99	-4.89	-3.34	-261
2690	-4.99	-4.99	-4.91	-2.09	-352
2700	-4.99	-4.99	-4.93	-1.71	-169
2710	-4.99	-4.99	-4.93	-1.1	-384
2720	-4.99	-4.99	-4.95	-1.05	-172
2730	-4.99	-4.99	-4.95	0	-153
2740	-4.99	-4.99	-4.95	0	-171
2750	-4.99	-4.99	-4.95	0	-194
2760	-4.99	-4.99	-4.95	0	-221
2770	-4.99	-4.99	-4.95	0	-261
2780	-4.99	-4.99	-4.95	0	-262
2790	-4.99	-4.99	-4.95	0	-262
2800	-4.99	-4.99	-4.95	0	-261
2810	-4.99	-4.99	-4.95	0	-261
2820	-4.99	-4.99	-4.95	0	-261
2830	-4.99	-4.99	-4.95	0	-262
2840	-4.99	-4.99	-4.95	0	-261
2850	-4.99	-4.99	-4.95	0	-262
2860	-4.99	-4.99	-4.95	0	-261
2870	-4.99	-4.99	-4.95	0	-262
2880	-4.99	-4.99	-4.95	0	-261
2890	-4.99	-4.99	-4.95	0	-261
2900	-4.99	-4.99	-4.95	0	-261
2910	-4.99	-4.99	-4.95	0	-261
2920	-4.99	-4.99	-4.95	0	-261
2930	-4.99	-4.99	-4.95	0	-261
2940	-4.99	-4.99	-4.95	0	-261
2950	-4.99	-4.99	-4.95	0	-261
2960	-4.99	-4.99	-4.95	0	-261
2970	-4.99	-4.99	-4.95	0	-261
2980	-4.99	-4.99	-4.95	0	-261
2990	-4.99	-4.99	-4.95	0	-261
3000	5	5	-4.91	16.93	8057
3010	5	5	-4.51	61.33	9634
3020	5	5	-3.77	89.22	3870
3030	5	5	-2.89	81.77	1662
3040	5	5	-1.98	89.22	1321
3050	5	5	-0.9	89.22	1197
3060	5	5	0.08	98.14	1188
3070	5	5	0.92	89.22	1165
3080	5	5	1.63	89.22	535
3090	5	5	2.49	75.49	-1284
3100	5	5	3.22	61.33	-2202
3110	5	5	3.77	51.64	-2221
3120	5	5	4.16	32.71	-1743
3130	5	5	4.46	22.81	-1216
3140	5	5	4.63	14.23	-874
3150	5	5	4.77	10.33	-587
3160	5	5	4.85	7.07	-353
3170	5	5	4.91	4.88	-143
3180	5	5	4.93	3.49	3
3190	5	5	4.95	2.32	201
3200	5	5	4.97	1.84	1
3210	5	5	4.97	1.1	247
3220	5	5	4.99	0.83	85
3230	5	5	4.97	0	234
3240	5	5	4.97	0	309
3250	5	5	4.97	0	238
3260	5	5	4.99	0	131
3270	5	5	4.99	0	167
3280	5	5	4.97	0	296
3290	5	5	4.97	0	250
3300	5	5	4.99	-0.14	138
3310	5	5	4.99	0	146
3320	5	5	4.97	0	293
3330	5	5	4.97	0	268
3340	5	5	4.99	0	153
3350	5	5	4.99	0	129
3360	5	5	4.97	0	286
3370	5	5	4.97	0	269
3380	5	5	4.97	0	152
3390	5	5	4.99	0	132
3400	5	5	4.97	0	281
3410	5	5	4.97	0	293
3420	5	5	4.97	0	216
3430	5	5	4.99	0	128
3440	5	5	4.99	0	136
3450	5	5	4.97	0	283
3460	5	5	4.97	0	287
3470	5	5	4.97	0	202
3480	5	5	4.99	0	123
3490	5	5	4.99	0	143
3500	-4.99	-4.99	4.95	-16.93	-7996
3510	-4.99	-4.99	4.55	-61.33	-10173
3520	-4.99	-4.99	3.79	-75.49	-4610
3530	-4.99	-4.99	2.9	-89.22	-2186
3540	-4.99	-4.99	2	-89.22	-1756
3550	-4.99	-4.99	1.1	-89.22	-1669
3560	-4.99	-4.99	0.12	-109.03	-1553
3570	-4.99	-4.99	-0.71	-98.14	-1559
3580	-4.99	-4.99	-1.61	-98.14	-927
3590	-4.99	-4.99	-2.45	-75.49	972
3600	-4.99	-4.99	-3.18	-65.43	2124
3610	-4.99	-4.99	-3.73	-44.61	2135
3620	-4.99	-4.99	-4.12	-35.05	1649
3630	-4.99	-4.99	-4.42	-22.81	1142
3640	-4.99	-4.99	-4.59	-15.11	757
3650	-4.99	-4.99	-4.73	-10.33	496
3660	-4.99	-4.99	-4.81	-6.67	199
3670	-4.99	-4.99	-4.87	-4.51	-34
3680	-4.99	-4.99	-4.89	-3.42	-259
3690	-4.99	-4.99	-4.91	-2.15	-339
3700	-4.99	-4.99	-4.93	-1.71	-142
3710	-4.99	-4.99	-4.93	-1.11	-379
3720	-4.99	-4.99	-4.95	-1.05	-172
3730	-4.99	-4.99	-4.95	0.14	-277
3740	-4.99	-4.99	-4.95	0	-189
3750	-4.99	-4.99	-4.95	0	-232
3760	-4.99	-4.99	-4.95	0	-263
3770	-4.99	-4.99	-4.95	0	-262
3780	-4.99	-4.99	-4.95	0	-261
3790	-4.99	-4.99	-4.95	0	-261
3800	-4.99	-4.99	-4.95	0	-261
3810	-4.99	-4.99	-4.95	0	-261
3820	-4.99	-4.99	-4.95	0	-262
3830	-4.99	-4.99	-4.95	0	-262
3840	-4.99	-4.99	-4.95	0	-261
3850	-4.99	-4.99	-4.95	0	-260
3860	-4.99	-4.99	-4.95	0	-261
3870	-4.99	-4.99	-4.95	0	-261
3880	-4.99	-4.99	-4.95	0	-262
3890	-4.99	-4.99	-4.95	0	-261
3900	-4.99	-4.99	-4.95	0	-262
3910	-4.99	-4.99	-4.95	0	-261
3920	-4.99	-4.99	-4.95	0	-262
3930	-4.99	-4.99	-4.95	0	-261
3940	-4.99	-4.99	-4.95	0	-261
3950	-4.99	-4.99	-4.95	0	-260
3960	-4.99	-4.99	-4.95	0	-261
3970	-4.99	-4.99	-4.95	0	-260
3980	-4.99	-4.99	-4.95	0	-261
3990	-4.99	-4.99	-4.95	0	-260
4000	5	5	-4.91	8.84	7976
4010	5	5	-4.53	61.33	9619
4020	5	5	-3.77	89.22	3890
4030	5	5	-2.89	81.77	1665
4040	5	5	-1.98	89.22	1316
4050	5	5	-1.08	81.77	1240
4060	5	5	0.04	98.14	1185
4070	5	5	1.02	98.14	1079
4080	5	5	2.02	81.77	-330
4090	5	5	2.89	70.09	-2057
4100	5	5	3.53	51.64	-2352
4110	5	5	4.04	33.84	-1896
4120	5	5	4.34	27.26	-1400
4130	5	5	4.57	18.87	-878
4140	5	5	4.69	12.91	-717
4150	5	5	4.79	9.63	-522
4160	5	5	4.85	6.96	-380
4170	5	5	4.91	4.96	-93
4180	5	5	4.93	3.69	-22
4190	5	5	4.95	2.39	191
4200	5	5	4.97	1.88	24
4210	5	5	4.97	1.1	248
4220	5	5	4.99	0.85	114
4230	5	5	4.99	0	176
4240	5	5	4.97	0	312
4250	5	5	4.97	0	263
4260	5	5	4.99	0	165
4270	5	5	4.99	0	134
4280	5	5	4.97	0	295
4290	5	5	4.97	0	289
4300	5	5	4.97	0	201
4310	5	5	4.99	0	136
4320	5	5	4.97	0	283
4330	5	5	4.97	0	270
4340	5	5	4.97	0	195
4350	5	5	4.99	0	130
4360	5	5	4.99	0	213
4370	5	5	4.97	0	293
4380	5	5	4.97	0	239
4390	5	5	4.99	0	138
4400	5	5	4.99	0	139
4410	5	5	4.97	0	278
4420	5	5	4.97	0	283
4430	5	5	4.97	0	208
4440	5	5	4.99	0	132
4450	5	5	4.99	0	190
4460	5	5	4.97	0	290
4470	5	5	4.97	0	258
4480	5	5	4.97	0	153
4490	5	5	4.99	0	137
4500	-4.99	-4.99	4.95	-16.63	-7994
4510	-4.99	-4.99	4.53	-65.43	-10418
4520	-4.99	-4.99	3.83	-81.77	-4625
4530	-4.99	-4.99	2.94	-89.22	-2123
4540	-4.99	-4.99	2.04	-98.14	-1697
4550	-4.99	-4.99	1.02	-109.03	-1599
4560	-4.99	-4.99	0.2	-98.14	-1576
4570	-4.99	-4.99	-0.67	-81.77	-1507
4580	-4.99	-4.99	-1.57	-98.14	-891
4590	-4.99	-4.99	-2.43	-75.49	974
4600	-4.99	-4.99	-3.16	-65.43	2148
4610	-4.99	-4.99	-3.71	-46.73	2092
4620	-4.99	-4.99	-4.12	-31.65	1620
4630	-4.99	-4.99	-4.4	-25.17	1183
4640	-4.99	-4.99	-4.59	-15.34	772
4650	-4.99	-4.99	-4.73	-10.33	431
4660	-4.99	-4.99	-4.81	-6.72	155
4670	-4.99	-4.99	-4.87	-4.63	92
4680	-4.99	-4.99	-4.89	-3.11	-260
4690	-4.99	-4.99	-4.91	-2.01	-358
4700	-4.99	-4.99	-4.93	-1.71	-165
4710	-4.99	-4.99	-4.93	-1.07	-401
4720	-4.99	-4.99	-4.95	-1	-189
4730	-4.99	-4.99	-4.95	0	-105
4740	-4.99	-4.99	-4.95	0	-170
4750	-4.99	-4.99	-4.95	0	-205
4760	-4.99	-4.99	-4.95	0	-140
4770	-4.99	-4.99	-4.95	0	-208
4780	-4.99	-4.99	-4.95	0	-257
4790	-4.99	-4.99	-4.95	0	-262
4800	-4.99	-4.99	-4.95	0	-261
4810	-4.99	-4.99	-4.95	0	-261
4820	-4.99	-4.99	-4.95	0	-261
4830	-4.99	-4.99	-4.95	0	-261
4840	-4.99	-4.99	-4.95	0	-261
4850	-4.99	-4.99	-4.95	0	-262
4860	-4.99	-4.99	-4.95	0	-262
4870	-4.99	-4.99	-4.95	0	-261
4880	-4.99	-4.99	-4.95	0	-261
4890	-4.99	-4.99	-4.95	0	-262
4900	-4.99	-4.99	-4.95	0	-261
4910	-4.99	-4.99	-4.95	0	-260
4920	-4.99	-4.99	-4.95	0	-261
4930	-4.99	-4.99	-4.95	0	-261
4940	-4.99	-4.99	-4.95	0	-262
4950	-4.99	-4.99	-4.95	0	-261
4960	-4.99	-4.99	-4.95	0	-261
4970	-4.99	-4.99	-4.95	0	-261
4980	-4.99	-4.99	-4.95	0	-261
4990	-4.99	-4.99	-4.95	0	-261
5000	5	5	-4.91	9	8051
5010	5	5	-4.53	65.43	9653
5020	5	5	-3.77	81.77	3871
5030	5	5	-2.89	81.77	1645
5040	5	5	-1.98	89.22	1326
5050	5	5	-0.9	98.14	1209
5060	5	5	0.04	89.22	1190
5070	5	5	0.88	89.22	1164
5080	5	5	1.63	89.22	533
5090	5	5	2.49	81.77	-1306
5100	5	5	3.22	61.33	-2204
5110	5	5	3.77	51.64	-2214
5120	5	5	4.18	32.71	-1720
5130	5	5	4.46	22.81	-1211
5140	5	5	4.63	14.23	-876
5150	5	5	4.77	10.33	-596
5160	5	5	4.85	7	-379
5170	5	5	4.91	4.93	-125
5180	5	5	4.93	3.44	3
5190	5	5	4.95	2.28	201
5200	5	5	4.97	1.88	44
5210	5	5	4.97	1.08	251
5220	5	5	4.99	0.89	157
5230	5	5	4.99	0	127
5240	5	5	4.99	0	140
5250	5	5	4.97	0	307
5260	5	5	4.97	0	264
5270	5	5	4.99	0	162
5280	5	5	4.99	0	118
5290	5	5	4.97	0.14	243
5300	5	5	4.97	0	299
5310	5	5	4.97	0	219
5320	5	5	4.99	0	131
5330	5	5	4.99	0	142
5340	5	5	4.97	0	295
5350	5	5	4.97	0	259
5360	5	5	4.97	0	178
5370	5	5	4.99	0	122
5380	5	5	4.97	0	216
5390	5	5	4.97	0	300
5400	5	5	4.97	0	233
5410	5	5	4.99	0	129
5420	5	5	4.99	0	131
5430	5	5	4.97	0	284
5440	5	5	4.97	0	277
5450	5	5	4.97	0	207
5460	5	5	4.99	0	126
5470	5	5	4.99	0	119
5480	5	5	4.97	0	288
5490	5	5	4.97	0	293
5500	5	5	4.97	0	198
5510	-4.99	-4.99	4.95	-1.9	-7889
5520	-4.99	-4.99	4.59	-61.33	-10051
5530	-4.99	-4.99	3.83	-89.22	-4670
5540	-4.99	-4.99	2.94	-89.22	-2165
5550	-4.99	-4.99	2.04	-98.14	-1713
5560	-4.99	-4.99	0.96	-98.14	-1621
5570	-4.99	-4.99	0.02	-81.77	-1544
5580	-4.99	-4.99	-0.84	-89.22	-1505
5590	-4.99	-4.99	-1.57	-98.14	-870
5600	-4.99	-4.99	-2.41	-75.49	966
5610	-4.99	-4.99	-3.14	-65.43	2142
5620	-4.99	-4.99	-3.71	-46.73	2192
5630	-4.99	-4.99	-4.14	-31.65	1673
5640	-4.99	-4.99	-4.4	-24.53	1227
5650	-4.99	-4.99	-4.59	-14.87	762
5660	-4.99	-4.99	-4.73	-10.33	523
5670	-4.99	-4.99	-4.81	-6.72	201
5680	-4.99	-4.99	-4.87	-4.65	66
5690	-4.99	-4.99	-4.89	-3.28	-253
5700	-4.99	-4.99	-4.91	-2.07	-355
5710	-4.99	-4.99	-4.93	-1.73	-169
5720	-4.99	-4.99	-4.93	-1.08	-353
5730	-4.99	-4.99	-4.95	-1.07	-173
5740	-4.99	-4.99	-4.93	-0.14	-501
5750	-4.99	-4.99	-4.95	0	-204
5760	-4.99	-4.99	-4.95	0	-221
5770	-4.99	-4.99	-4.95	0	-263
5780	-4.99	-4.99	-4.95	0	-262
5790	-4.99	-4.99	-4.95	0	-261
5800	-4.99	-4.99	-4.95	0	-261
5810	-4.99	-4.99	-4.95	0	-261
5820	-4.99	-4.99	-4.95	0	-262
5830	-4.99	-4.99	-4.95	0	-262
5840	-4.99	-4.99	-4.95	0	-262
5850	-4.99	-4.99	-4.95	0	-261
5860	-4.99	-4.99	-4.95	0	-262
5870	-4.99	-4.99	-4.95	0	-261
5880	-4.99	-4.99	-4.95	0	-262
5890	-4.99	-4.99	-4.95	0	-261
5900	-4.99	-4.99	-4.95	0	-262
5910	-4.99	-4.99	-4.95	0	-261
5920	-4.99	-4.99	-4.95	0	-261
5930	-4.99	-4.99	-4.95	0	-263
5940	-4.99	-4.99	-4.95	0	-261
5950	-4.99	-4.99	-4.95	0	-261
5960	-4.99	-4.99	-4.95	0	-259
5970	-4.99	-4.99	-4.95	0	-262
5980	-4.99	-4.99	-4.95	0	-261
5990	-4.99	-4.99	-4.95	0	-262
6000	5	5	-4.91	8.84	8054
6010	5	5	-4.51	61.33	9611
6020	5	5	-3.73	81.77	3899
6030	5	5	-2.85	81.77	1649
6040	5	5	-1.94	98.14	1308
6050	5	5	-1	89.22	1216
6060	5	5	-0.02	89.22	1213
6070	5	5	0.94	89.22	1111
6080	5	5	1.81	89.22	197
6090	5	5	2.53	81.77	-1298
6100	5	5	3.24	65.43	-2208
6110	5	5	3.79	51.64	-2216
6120	5	5	4.18	31.65	-1690
6130	5	5	4.46	21.81	-1195
6140	5	5	4.63	14.02	-859
6150	5	5	4.77	10.33	-581
6160	5	5	4.85	6.91	-362
6170	5	5	4.91	4.93	-139
6180	5	5	4.93	3.39	20
6190	5	5	4.95	2.25	198
6200	5	5	4.97	1.96	55
6210	5	5	4.97	1.05	254
6220	5	5	4.97	0	222
6230	5	5	4.99	0	158
6240	5	5	4.99	0	126
6250	5	5	4.97	0	220
6260	5	5	4.97	0	300
6270	5	5	4.97	0	238
6280	5	5	4.97	0	174
6290	5	5	4.99	0	131
6300	5	5	4.99	0	125
6310	5	5	4.97	0	275
6320	5	5	4.97	0	283
6330	5	5	4.97	0	202
6340	5	5	4.99	0	137
6350	5	5	4.99	0	125
6360	5	5	4.97	0	270
6370	5	5	4.97	0	286
6380	5	5	4.97	0	204
6390	5	5	4.99	0	131
6400	5	5	4.99	0	122
6410	5	5	4.97	0	214
6420	5	5	4.97	0	301
6430	5	5	4.97	0	270
6440	5	5	4.97	0	175
6450	5	5	4.99	0	136
6460	5	5	4.99	0	151
6470	5	5	4.97	0	288
6480	5	5	4.97	0	291
6490	5	5	4.97	0	204
6500	-4.99	-4.99	4.95	-8.6	-8093
6510	-4.99	-4.99	4.57	-65.43	-10071
6520	-4.99	-4.99	3.83	-81.77	-4620
6530	-4.99	-4.99	2.94	-89.22	-2067
6540	-4.99	-4.99	2.04	-98.14	-1711
6550	-4.99	-4.99	1.06	-89.22	-1616
6560	-4.99	-4.99	0.06	-89.22	-1549
6570	-4.99	-4.99	-0.92	-89.22	-1417
6580	-4.99	-4.99	-1.88	-89.22	-146
6590	-4.99	-4.99	-2.71	-70.09	1616
6600	-4.99	-4.99	-3.38	-57.72	2271
6610	-4.99	-4.99	-3.85	-40.89	2014
6620	-4.99	-4.99	-4.16	-33.84	1565
6630	-4.99	-4.99	-4.4	-25.17	1188
6640	-4.99	-4.99	-4.59	-15.11	798
6650	-4.99	-4.99	-4.73	-10.33	425
6660	-4.99	-4.99	-4.81	-6.77	151
6670	-4.99	-4.99	-4.87	-4.52	56
6680	-4.99	-4.99	-4.89	-3.16	-255
6690	-4.99	-4.99	-4.91	-2.01	-375
6700	-4.99	-4.99	-4.93	-1.76	-188
6710	-4.99	-4.99	-4.93	-1.05	-411
6720	-4.99	-4.99	-4.95	-1.04	-215
6730	-4.99	-4.99	-4.95	0	-159
6740	-4.99	-4.99	-4.95	0	-265
6750	-4.99	-4.99	-4.95	0	-171
6760	-4.99	-4.99	-4.95	0	-231
6770	-4.99	-4.99	-4.93	-0.14	-569
6780	-4.99	-4.99	-4.95	0	-231
6790	-4.99	-4.99	-4.95	0	-246
6800	-4.99	-4.99	-4.95	0	-263
6810	-4.99	-4.99	-4.95	0	-261
6820	-4.99	-4.99	-4.95	0	-261
6830	-4.99	-4.99	-4.95	0	-261
6840	-4.99	-4.99	-4.95	0	-262
6850	-4.99	-4.99	-4.95	0	-262
6860	-4.99	-4.99	-4.95	0	-262
6870	-4.99	-4.99	-4.95	0	-261
6880	-4.99	-4.99	-4.95	0	-261
6890	-4.99	-4.99	-4.95	0	-261
6900	-4.99	-4.99	-4.95	0	-261
6910	-4.99	-4.99	-4.95	0	-261
6920	-4.99	-4.99	-4.95	0	-262
6930	-4.99	-4.99	-4.95	0	-261
6940	-4.99	-4.99	-4.95	0	-261
6950	-4.99	-4.99	-4.95	0	-260
6960	-4.99	-4.99	-4.95	0	-262
6970	-4.99	-4.99	-4.95	0	-260
6980	-4.99	-4.99	-4.95	0	-261
6990	-4.99	-4.99	-4.95	0	-261
7000	5	5	-4.91	9	8059
7010	5	5	-4.53	65.43	9632
7020	5	5	-3.77	81.77	3867
7030	5	5	-2.89	89.22	1633
7040	5	5	-1.98	98.14	1311
7050	5	5	-1.08	89.22	1229
7060	5	5	0	89.22	1191
7070	5	5	0.98	98.14	1071
7080	5	5	1.98	81.77	-259
7090	5	5	2.71	70.09	-1710
7100	5	5	3.26	61.33	-2261
7110	5	5	3.77	51.64	-2208
7120	5	5	4.16	31.65	-1681
7130	5	5	4.46	23.36	-1217
7140	5	5	4.63	14.23	-868
7150	5	5	4.77	10.44	-596
7160	5	5	4.85	6.96	-394
7170	5	5	4.91	4.93	-124
7180	5	5	4.93	3.42	20
7190	5	5	4.95	2.26	195
7200	5	5	4.97	1.95	66
7210	5	5	4.97	1.05	256
7220	5	5	4.99	0.86	166
7230	5	5	4.99	0	136
7240	5	5	4.97	0	281
7250	5	5	4.97	0	302
7260	5	5	4.97	0	218
7270	5	5	4.99	0	132
7280	5	5	4.99	0	142
7290	5	5	4.97	0	288
7300	5	5	4.97	0	270
7310	5	5	4.99	0	157
7320	5	5	4.99	0	137
7330	5	5	4.97	0.14	246
7340	5	5	4.97	0	287
7350	5	5	4.97	0	215
7360	5	5	4.99	0	132
7370	5	5	4.99	0	128
7380	5	5	4.97	0.14	243
7390	5	5	4.97	0	297
7400	5	5	4.97	0	254
7410	5	5	4.99	0	156
7420	5	5	4.99	0	129
7430	5	5	4.99	0	183
7440	5	5	4.97	0	294
7450	5	5	4.97	0	265
7460	5	5	4.97	0	175
7470	5	5	4.99	0	130
7480	5	5	4.99	0	164
7490	5	5	4.97	0	290
7500	5	5	4.97	0	281
7510	-4.99	-4.99	4.95	-8.76	-8188
7520	-4.99	-4.99	4.57	-61.33	-10108
7530	-4.99	-4.99	3.81	-81.77	-4593
7540	-4.99	-4.99	2.92	-89.22	-2084
7550	-4.99	-4.99	2.02	-89.22	-1749
7560	-4.99	-4.99	0.98	-89.22	-1623
7570	-4.99	-4.99	0.08	-98.14	-1603
7580	-4.99	-4.99	-0.69	-89.22	-1495
7590	-4.99	-4.99	-1.59	-98.14	-867
7600	-4.99	-4.99	-2.43	-81.77	977
7610	-4.99	-4.99	-3.16	-65.43	2127
7620	-4.99	-4.99	-3.71	-46.73	2111
7630	-4.99	-4.99	-4.14	-31.65	1606
7640	-4.99	-4.99	-4.4	-24.53	1186
7650	-4.99	-4.99	-4.59	-14.87	750
7660	-4.99	-4.99	-4.73	-10.33	498
7670	-4.99	-4.99	-4.81	-6.67	171
7680	-4.99	-4.99	-4.87	-4.57	43
7690	-4.99	-4.99	-4.89	-3.31	-253
7700	-4.99	-4.99	-4.91	-2.07	-362
7710	-4.99	-4.99	-4.93	-1.77	-185
7720	-4.99	-4.99	-4.93	-1.07	-272
7730	-4.99	-4.99	-4.95	-1.07	-185
7740	-4.99	-4.99	-4.95	0	-209
7750	-4.99	-4.99	-4.95	0	-191
7760	-4.99	-4.99	-4.95	0	-168
7770	-4.99	-4.99	-4.95	0	-211
7780	-4.99	-4.99	-4.95	0	-260
7790	-4.99	-4.99	-4.95	0	-261
7800	-4.99	-4.99	-4.95	0	-261
7810	-4.99	-4.99	-4.95	0	-261
7820	-4.99	-4.99	-4.95	0	-262
7830	-4.99	-4.99	-4.95	0	-262
7840	-4.99	-4.99	-4.95	0	-261
7850	-4.99	-4.99	-4.95	0	-262
7860	-4.99	-4.99	-4.95	0	-261
7870	-4.99	-4.99	-4.95	0	-262
7880	-4.99	-4.99	-4.95	0	-261
7890	-4.99	-4.99	-4.95	0	-262
7900	-4.99	-4.99	-4.95	0	-261
7910	-4.99	-4.99	-4.95	0	-261
7920	-4.99	-4.99	-4.95	0	-261
7930	-4.99	-4.99	-4.95	0	-261
7940	-4.99	-4.99	-4.95	0	-261
7950	-4.99	-4.99	-4.95	0	-260
7960	-4.99	-4.99	-4.95	0	-261
7970	-4.99	-4.99	-4.95	0	-262
7980	-4.99	-4.99	-4.95	0	-261
7990	-4.99	-4.99	-4.95	0	-262
8000	5	5	-4.91	8.84	8054
8010	5	5	-4.53	61.33	9660
8020	5	5	-3.77	81.77	3898
8030	5	5	-2.89	89.22	1632
8040	5	5	-1.98	98.14	1309
8050	5	5	-1.08	81.77	1233
8060	5	5	-0.1	89.22	1186
8070	5	5	0.92	98.14	1124
8080	5	5	1.88	81.77	-28
8090	5	5	2.59	75.49	-1481
8100	5	5	3.22	65.43	-2207
8110	5	5	3.77	51.64	-2191
8120	5	5	4.16	32.71	-1661
8130	5	5	4.46	21.34	-1146
8140	5	5	4.63	14.02	-869
8150	5	5	4.77	10.33	-583
8160	5	5	4.85	7	-391
8170	5	5	4.91	4.98	-125
8180	5	5	4.93	3.6	-25
8190	5	5	4.95	2.31	189
8200	5	5	4.97	1.93	57
8210	5	5	4.97	1.07	251
8220	5	5	4.97	0	192
8230	5	5	4.99	0	151
8240	5	5	4.99	0	123
8250	5	5	4.97	0	218
8260	5	5	4.97	0	309
8270	5	5	4.97	0	229
8280	5	5	4.99	0	136
8290	5	5	4.99	0	142
8300	5	5	4.97	0	285
8310	5	5	4.97	0	277
8320	5	5	4.97	0	218
8330	5	5	4.99	0	133
8340	5	5	4.99	0	141
8350	5	5	4.97	0	280
8360	5	5	4.97	0	278
8370	5	5	4.97	0	218
8380	5	5	4.99	0	131
8390	5	5	4.99	0	125
8400	5	5	4.97	0	214
8410	5	5	4.97	0	298
8420	5	5	4.97	0	260
8430	5	5	4.97	0	174
8440	5	5	4.99	0	132
8450	5	5	4.99	0	159
8460	5	5	4.97	0	290
8470	5	5	4.97	0	279
8480	5	5	4.97	0	187
8490	5	5	4.99	0	129
8500	-4.99	-4.99	4.95	-2.47	-7954
8510	-4.99	-4.99	4.57	-61.33	-10105
8520	-4.99	-4.99	3.83	-81.77	-4678
8530	-4.99	-4.99	2.94	-89.22	-2215
8540	-4.99	-4.99	2.04	-89.22	-1757
8550	-4.99	-4.99	1.14	-89.22	-1612
8560	-4.99	-4.99	0.24	-98.14	-1569
8570	-4.99	-4.99	-0.75	-98.14	-1512
8580	-4.99	-4.99	-1.69	-89.22	-520
8590	-4.99	-4.99	-2.59	-75.49	1349
8600	-4.99	-4.99	-3.18	-61.33	2073
8610	-4.99	-4.99	-3.71	-46.73	2158
8620	-4.99	-4.99	-4.12	-35.05	1659
8630	-4.99	-4.99	-4.4	-22.81	1219
8640	-4.99	-4.99	-4.59	-14.87	710
8650	-4.99	-4.99	-4.73	-10.44	510
8660	-4.99	-4.99	-4.81	-6.67	188
8670	-4.99	-4.99	-4.87	-4.58	45
8680	-4.99	-4.99	-4.89	-3.42	-252
8690	-4.99	-4.99	-4.91	-2.17	-335
8700	-4.99	-4.99	-4.93	-1.7	-129
8710	-4.99	-4.99	-4.93	-1.11	-400
8720	-4.99	-4.99	-4.95	-0.97	-221
8730	-4.99	-4.99	-4.95	0	-149
8740	-4.99	-4.99	-4.95	0	-149
8750	-4.99	-4.99	-4.95	0	-150
8760	-4.99	-4.99	-4.95	0	-290
8770	-4.99	-4.99	-4.95	0	-189
8780	-4.99	-4.99	-4.95	0	-163
8790	-4.99	-4.99	-4.95	0	-216
8800	-4.99	-4.99	-4.95	0	-260
8810	-4.99	-4.99	-4.95	0	-262
8820	-4.99	-4.99	-4.95	0	-262
8830	-4.99	-4.99	-4.95	0	-261
8840	-4.99	-4.99	-4.95	0	-261
8850	-4.99	-4.99	-4.95	0	-261
8860	-4.99	-4.99	-4.95	0	-261
8870	-4.99	-4.99	-4.95	0	-261
8880	-4.99	-4.99	-4.95	0	-261
8890	-4.99	-4.99	-4.95	0	-262
8900	-4.99	-4.99	-4.95	0	-261
8910	-4.99	-4.99	-4.95	0	-262
8920	-4.99	-4.99	-4.95	0	-261
8930	-4.99	-4.99	-4.95	0	-262
8940	-4.99	-4.99	-4.95	0	-261
8950	-4.99	-4.99	-4.95	0	-261
8960	-4.99	-4.99	-4.95	0	-260
8970	-4.99	-4.99	-4.95	0	-260
8980	-4.99	-4.99	-4.95	0	-262
8990	-4.99	-4.99	-4.95	0	-261
9000	5	5	-4.91	8.76	7900
9010	5	5	-4.53	61.33	9724
9020	5	5	-3.77	81.77	3919
9030	5	5	-2.89	89.22	1641
9040	5	5	-1.98	98.14	1298
9050	5	5	-1.08	81.77	1229
9060	5	5	-0.18	81.77	1207
9070	5	5	0.88	98.14	1148
9080	5	5	1.88	81.77	-23
9090	5	5	2.77	70.09	-1900
9100	5	5	3.47	57.72	-2300
9110	5	5	3.98	42.66	-1899
9120	5	5	4.36	27.26	-1374
9130	5	5	4.55	18.87	-966
9140	5	5	4.69	14.43	-721
9150	5	5	4.79	9.63	-506
9160	5	5	4.85	6.96	-357
9170	5	5	4.89	4.98	-101
9180	5	5	4.93	3.56	-14
9190	5	5	4.95	2.31	200
9200	5	5	4.97	1.92	52
9210	5	5	4.97	1.07	256
9220	5	5	4.99	0	196
9230	5	5	4.99	0	160
9240	5	5	4.99	0	121
9250	5	5	4.97	0	226
9260	5	5	4.97	0	304
9270	5	5	4.97	0	246
9280	5	5	4.99	0	160
9290	5	5	4.99	0	129
9300	5	5	4.99	0	186
9310	5	5	4.97	0	299
9320	5	5	4.97	0	259
9330	5	5	4.97	0	189
9340	5	5	4.99	0	139
9350	5	5	4.99	0	166
9360	5	5	4.97	0	290
9370	5	5	4.97	0	273
9380	5	5	4.97	0	197
9390	5	5	4.99	0	132
9400	5	5	4.99	0	150
9410	5	5	4.97	0	286
9420	5	5	4.97	0	268
9430	5	5	4.97	0	170
9440	5	5	4.99	0	132
9450	5	5	4.97	0	214
9460	5	5	4.97	0	295
9470	5	5	4.97	0	230
9480	5	5	4.99	0	123
9490	5	5	4.99	0	141
9500	5	5	4.97	0	283
9510	-4.99	-4.99	4.95	-16.93	-8165
9520	-4.99	-4.99	4.57	-65.43	-10159
9530	-4.99	-4.99	3.81	-81.77	-4591
9540	-4.99	-4.99	2.92	-89.22	-2147
9550	-4.99	-4.99	2.02	-89.22	-1732
9560	-4.99	-4.99	1.12	-89.22	-1664
9570	-4.99	-4.99	0.22	-81.77	-1557
9580	-4.99	-4.99	-0.86	-98.14	-1513
9590	-4.99	-4.99	-1.59	-89.22	-886
9600	-4.99	-4.99	-2.41	-89.22	942
9610	-4.99	-4.99	-3.14	-65.43	2082
9620	-4.99	-4.99	-3.69	-46.73	2026
9630	-4.99	-4.99	-4.12	-31.65	1659
9640	-4.99	-4.99	-4.4	-24.53	1247
9650	-4.99	-4.99	-4.59	-15.58	707
9660	-4.99	-4.99	-4.71	-10.33	457
9670	-4.99	-4.99	-4.81	-6.81	232
9680	-4.99	-4.99	-4.87	-4.6	48
9690	-4.99	-4.99	-4.89	-3.27	-269
9700	-4.99	-4.99	-4.91	-2.07	-364
9710	-4.99	-4.99	-4.93	-1.77	-186
9720	-4.99	-4.99	-4.93	-1.1	-171
9730	-4.99	-4.99	-4.95	-1.1	-186
9740	-4.99	-4.99	-4.95	0	-129
9750	-4.99	-4.99	-4.95	0	-178
9760	-4.99	-4.99	-4.95	0	-198
9770	-4.99	-4.99	-4.95	0	-214
9780	-4.99	-4.99	-4.95	0	-259
9790	-4.99	-4.99	-4.95	0	-262
9800	-4.99	-4.99	-4.95	0	-262
9810	-4.99	-4.99	-4.95	0	-262
9820	-4.99	-4.99	-4.95	0	-261
9830	-4.99	-4.99	-4.95	0	-261
9840	-4.99	-4.99	-4.95	0	-261
9850	-4.99	-4.99	-4.95	0	-262
9860	-4.99	-4.99	-4.95	0	-262
9870	-4.99	-4.99	-4.95	0	-262
9880	-4.99	-4.99	-4.95	0	-262
9890	-4.99	-4.99	-4.95	0	-261
9900	-4.99	-4.99	-4.95	0	-262
9910	-4.99	-4.99	-4.95	0	-262
9920	-4.99	-4.99	-4.95	0	-261
9930	-4.99	-4.99	-4.95	0	-262
9940	-4.99	-4.99	-4.95	0	-261
9950	-4.99	-4.99	-4.95	0	-261
9960	-4.99	-4.99	-4.95	0	-261
9970	-4.99	-4.99	-4.95	0	-261
9980	-4.99	-4.99	-4.95	0	-261
9990	-4.99	-4.99	-4.95	0	-261
10000	5	5	-4.91	8.76	7985
