0	0	0	-0.02	0.36	115
10	5	5	0	11.68	8189
20	5	5	0.35	65.43	9648
30	5	5	1.14	81.77	4270
40	5	5	1.96	89.22	1776
50	5	5	2.85	81.77	169
60	5	5	3.65	70.09	-1505
70	5	5	4.32	57.72	-2292
80	5	5	4.79	39.25	-2062
90	5	5	5.1	26.52	-1697
100	5	5	5.32	16.93	-1288
110	5	5	5.44	9.63	-848
120	5	5	5.52	4.85	-549
130	5	5	5.53	2.5	-528
140	5	5	5.52	0	60
150	5	5	5.52	0	-412
160	5	5	5.5	-1	-187
170	5	5	5.48	-1.63	-216
180	5	5	5.48	-1.63	-558
190	5	5	5.46	-1.79	-510
200	5	5	5.44	-1.46	-343
210	5	5	5.42	-1.98	-321
220	5	5	5.4	-1.79	-261
230	5	5	5.38	-1.81	-280
240	5	5	5.36	-1.6	-101
250	5	5	5.34	-1.62	-231
260	5	5	5.34	-1.62	-455
270	5	5	5.32	-1.54	-409
280	5	5	5.3	-1.68	-293
290	5	5	5.3	-1.24	-501
300	5	5	5.28	-1.16	-363
310	5	5	5.26	-1.35	-149
320	5	5	5.26	-1.35	-434
330	5	5	5.24	-1.22	-309
340	5	5	5.22	-1.15	-347
350	5	5	5.22	-1.15	-431
360	5	5	5.22	-0.93	-526
370	5	5	5.22	-0.63	-525
380	5	5	5.2	-0.55	-144
390	5	5	5.18	-1.49	-94
400	5	5	5.18	-1.49	-357
410	5	5	5.16	-1.13	-44
420	5	5	5.16	-1.13	-442
430	5	5	5.14	-0.83	-374
440	5	5	5.14	0	-428
450	5	5	5.14	0	-280
460	5	5	5.14	0	-299
470	5	5	5.14	0	-391
480	5	5	5.14	0	-520
490	5	5	5.14	0	-559
500	-4.99	-4.99	5.12	-14.87	-8288
510	-4.99	-4.99	4.73	-57.72	-10374
520	-4.99	-4.99	3.98	-81.77	-4711
530	-4.99	-4.99	3.1	-81.77	-2171
540	-4.99	-4.99	2.2	-109.03	-1818
550	-4.99	-4.99	1.3	-89.22	-1720
560	-4.99	-4.99	0.39	-81.77	-1683
570	-4.99	-4.99	-0.55	-89.22	-1682
580	-4.99	-4.99	-1.41	-89.22	-1647
590	-4.99	-4.99	-2.32	-89.22	-1588
600	-4.99	-4.99	-3.2	-89.22	-227
610	-4.99	-4.99	-4	-81.77	1508
620	-4.99	-4.99	-4.65	-61.33	2356
630	-4.99	-4.99	-5.14	-40.89	2290
640	-4.99	-4.99	-5.48	-26.52	1788
650	-4.99	-4.99	-5.67	-14.87	1295
660	-4.99	-4.99	-5.79	-8.18	900
670	-4.99	-4.99	-5.83	-4.8	488
680	-4.99	-4.99	-5.83	0	-63
690	-4.99	-4.99	-5.83	0	484
700	-4.99	-4.99	-5.79	2.36	330
710	-4.99	-4.99	-5.77	2.58	250
720	-4.99	-4.99	-5.75	3.41	326
730	-4.99	-4.99	-5.71	2.72	187
740	-4.99	-4.99	-5.67	3.19	190
750	-4.99	-4.99	-5.65	3.2	399
760	-4.99	-4.99	-5.61	3.3	226
770	-4.99	-4.99	-5.59	2.94	233
780	-4.99	-4.99	-5.55	2.68	185
790	-4.99	-4.99	-5.53	2.83	174
800	-4.99	-4.99	-5.52	2.36	199
810	-4.99	-4.99	-5.5	2.26	394
820	-4.99	-4.99	-5.46	2.4	227
830	-4.99	-4.99	-5.44	2.14	88
840	-4.99	-4.99	-5.42	2.12	152
850	-4.99	-4.99	-5.4	1.95	84
860	-4.99	-4.99	-5.38	2.1	148
870	-4.99	-4.99	-5.38	1.48	345
880	-4.99	-4.99	-5.36	2.04	273
890	-4.99	-4.99	-5.34	1.84	344
900	-4.99	-4.99	-5.32	1.74	283
910	-4.99	-4.99	-5.3	1.52	199
920	-4.99	-4.99	-5.28	1.29	88
930	-4.99	-4.99	-5.28	1.76	298
940	-4.99	-4.99	-5.26	1.76	322
950	-4.99	-4.99	-5.26	1.02	279
960	-4.99	-4.99	-5.24	1.02	266
970	-4.99	-4.99	-5.22	1.22	67
980	-4.99	-4.99	-5.22	1.22	306
990	-4.99	-4.99	-5.2	1.05	-1
1000	5	5	-5.16	18.87	8179
1010	5	5	-4.77	65.43	9743
1020	5	5	-4	89.22	4025
1030	5	5	-3.12	89.22	1838
1040	5	5	-2.22	98.14	1615
1050	5	5	-1.32	89.22	1481
1060	5	5	-0.43	89.22	1401
1070	5	5	0.47	89.22	1323
1080	5	5	1.37	98.14	1288
1090	5	5	2.28	89.22	1262
1100	5	5	3.16	81.77	315
1110	5	5	3.98	70.09	-1447
1120	5	5	4.65	57.72	-2334
1130	5	5	5.14	40.89	-2258
1140	5	5	5.48	25.83	-1809
1150	5	5	5.69	17.84	-1438
1160	5	5	5.79	8.92	-873
1170	5	5	5.85	5.2	-652
1180	5	5	5.87	2.78	-428
1190	5	5	5.85	0	-373
1200	5	5	5.85	0	-704
1210	5	5	5.81	-2.83	-446
1220	5	5	5.79	-2.79	-448
1230	5	5	5.75	-3.11	-285
1240	5	5	5.71	-3.34	-380
1250	5	5	5.69	-3.31	-498
1260	5	5	5.65	-3.55	-242
1270	5	5	5.61	-3.12	-319
1280	5	5	5.59	-2.9	-379
1290	5	5	5.57	-2.94	-493
1300	5	5	5.53	-3.06	-244
1310	5	5	5.52	-2.39	-243
1320	5	5	5.5	-2.42	-397
1330	5	5	5.48	-2.4	-547
1340	5	5	5.46	-2.07	-535
1350	5	5	5.44	-2.21	-407
1360	5	5	5.42	-1.93	-351
1370	5	5	5.4	-1.84	-594
1380	5	5	5.38	-1.84	-486
1390	5	5	5.36	-1.63	-342
1400	5	5	5.34	-1.62	-296
1410	5	5	5.32	-1.51	-84
1420	5	5	5.32	-1.66	-431
1430	5	5	5.3	-1.66	-447
1440	5	5	5.28	-1.16	-88
1450	5	5	5.28	-1.16	-541
1460	5	5	5.26	-1.37	-358
1470	5	5	5.24	-1.24	-55
1480	5	5	5.24	-1.24	-506
1490	5	5	5.22	-1.1	-255
1500	-4.99	-4.99	5.2	-17.21	-8387
1510	-4.99	-4.99	4.83	-61.33	-10208
1520	-4.99	-4.99	4.06	-98.14	-4701
1530	-4.99	-4.99	3.18	-89.22	-2249
1540	-4.99	-4.99	2.3	-89.22	-1851
1550	-4.99	-4.99	1.39	-89.22	-1753
1560	-4.99	-4.99	0.49	-89.22	-1671
1570	-4.99	-4.99	-0.41	-81.77	-1670
1580	-4.99	-4.99	-1.32	-89.22	-1608
1590	-4.99	-4.99	-2.22	-89.22	-1623
1600	-4.99	-4.99	-3.12	-89.22	-449
1610	-4.99	-4.99	-3.93	-70.09	1384
1620	-4.99	-4.99	-4.59	-57.72	2280
1630	-4.99	-4.99	-5.1	-39.25	2248
1640	-4.99	-4.99	-5.44	-25.83	1848
1650	-4.99	-4.99	-5.65	-15.83	1473
1660	-4.99	-4.99	-5.77	-8.53	923
1670	-4.99	-4.99	-5.83	-4.88	479
1680	-4.99	-4.99	-5.85	0.14	162
1690	-4.99	-4.99	-5.83	0	344
1700	-4.99	-4.99	-5.81	1.49	413
1710	-4.99	-4.99	-5.77	2.54	341
1720	-4.99	-4.99	-5.75	2.75	187
1730	-4.99	-4.99	-5.73	2.68	342
1740	-4.99	-4.99	-5.69	3.28	289
1750	-4.99	-4.99	-5.65	3.2	165
1760	-4.99	-4.99	-5.63	2.84	371
1770	-4.99	-4.99	-5.59	2.75	101
1780	-4.99	-4.99	-5.57	2.7	351
1790	-4.99	-4.99	-5.53	2.87	146
1800	-4.99	-4.99	-5.52	2.4	225
1810	-4.99	-4.99	-5.5	2.53	376
1820	-4.99	-4.99	-5.48	2.14	345
1830	-4.99	-4.99	-5.46	2.21	318
1840	-4.99	-4.99	-5.44	2.14	253
1850	-4.99	-4.99	-5.42	1.98	232
1860	-4.99	-4.99	-5.38	2.14	159
1870	-4.99	-4.99	-5.38	1.73	375
1880	-4.99	-4.99	-5.36	1.46	261
1890	-4.99	-4.99	-5.34	2.03	304
1900	-4.99	-4.99	-5.32	1.71	165
1910	-4.99	-4.99	-5.3	1.52	96
1920	-4.99	-4.99	-5.3	1.46	319
1930	-4.99	-4.99	-5.28	1.29	214
1940	-4.99	-4.99	-5.26	1.77	260
1950	-4.99	-4.99	-5.26	1.13	400
1960	-4.99	-4.99	-5.24	1.04	200
1970	-4.99	-4.99	-5.22	1.21	49
1980	-4.99	-4.99	-5.22	1.21	314
1990	-4.99	-4.99	-5.2	0.99	-37
2000	5	5	-5.18	12.12	8103
2010	5	5	-4.81	61.33	9775
2020	5	5	-4.04	89.22	4015
2030	5	5	-3.16	89.22	1841
2040	5	5	-2.26	89.22	1651
2050	5	5	-1.37	89.22	1506
2060	5	5	-0.47	89.22	1401
2070	5	5	0.43	89.22	1323
2080	5	5	1.33	89.22	1287
2090	5	5	2.24	89.22	1228
2100	5	5	3.12	89.22	249
2110	5	5	3.95	65.43	-1461
2120	5	5	4.61	54.52	-2346
2130	5	5	5.1	40.89	-2331
2140	5	5	5.46	25.17	-1893
2150	5	5	5.65	15.34	-1403
2160	5	5	5.77	8.38	-979
2170	5	5	5.83	4.88	-639
2180	5	5	5.85	2.68	-341
2190	5	5	5.83	0	-413
2200	5	5	5.81	-1.49	-380
2210	5	5	5.79	-2.14	-469
2220	5	5	5.77	-2.59	-440
2230	5	5	5.73	-3.17	-384
2240	5	5	5.69	-3.05	-350
2250	5	5	5.67	-2.84	-399
2260	5	5	5.63	-2.83	-206
2270	5	5	5.61	-2.95	-450
2280	5	5	5.57	-2.83	-250
2290	5	5	5.55	-2.47	-346
2300	5	5	5.53	-2.31	-449
2310	5	5	5.5	-2.42	-227
2320	5	5	5.48	-2.42	-247
2330	5	5	5.46	-2.31	-466
2340	5	5	5.44	-1.84	-223
2350	5	5	5.42	-2.18	-232
2360	5	5	5.4	-1.9	-148
2370	5	5	5.38	-1.84	-262
2380	5	5	5.36	-1.65	-233
2390	5	5	5.36	-1.65	-512
2400	5	5	5.34	-1.63	-394
2410	5	5	5.32	-1.51	-269
2420	5	5	5.3	-1.65	-192
2430	5	5	5.3	-1.43	-491
2440	5	5	5.28	-1.15	-264
2450	5	5	5.26	-1.38	-128
2460	5	5	5.26	-1.38	-421
2470	5	5	5.24	-1.26	-258
2480	5	5	5.24	-1.16	-575
2490	5	5	5.22	-1.15	-391
2500	-4.99	-4.99	5.2	-16.93	-8368
2510	-4.99	-4.99	4.83	-61.33	-10285
2520	-4.99	-4.99	4.06	-98.14	-4687
2530	-4.99	-4.99	3.18	-98.14	-2251
2540	-4.99	-4.99	2.28	-81.77	-1790
2550	-4.99	-4.99	1.37	-89.22	-1731
2560	-4.99	-4.99	0.47	-89.22	-1688
2570	-4.99	-4.99	-0.43	-89.22	-1687
2580	-4.99	-4.99	-1.33	-89.22	-1677
2590	-4.99	-4.99	-2.22	-98.14	-1661
2600	-4.99	-4.99	-3.12	-89.22	-416
2610	-4.99	-4.99	-3.93	-70.09	1411
2620	-4.99	-4.99	-4.59	-57.72	2321
2630	-4.99	-4.99	-5.1	-40.89	2198
2640	-4.99	-4.99	-5.44	-25.17	1829
2650	-4.99	-4.99	-5.65	-15.34	1346
2660	-4.99	-4.99	-5.77	-10.22	912
2670	-4.99	-4.99	-5.83	-4.27	653
2680	-4.99	-4.99	-5.83	0	5
2690	-4.99	-4.99	-5.81	0	268
2700	-4.99	-4.99	-5.79	1.92	342
2710	-4.99	-4.99	-5.77	2.42	270
2720	-4.99	-4.99	-5.75	2.67	351
2730	-4.99	-4.99	-5.71	2.75	190
2740	-4.99	-4.99	-5.69	3.2	281
2750	-4.99	-4.99	-5.65	3.28	291
2760	-4.99	-4.99	-5.61	3.3	164
2770	-4.99	-4.99	-5.59	2.78	225
2780	-4.99	-4.99	-5.55	2.72	122
2790	-4.99	-4.99	-5.53	2.86	299
2800	-4.99	-4.99	-5.52	2.76	260
2810	-4.99	-4.99	-5.48	2.18	210
2820	-4.99	-4.99	-5.46	2.42	166
2830	-4.99	-4.99	-5.44	2.14	46
2840	-4.99	-4.99	-5.42	2.14	198
2850	-4.99	-4.99	-5.4	1.98	114
2860	-4.99	-4.99	-5.38	2.14	207
2870	-4.99	-4.99	-5.36	1.44	133
2880	-4.99	-4.99	-5.34	2.04	136
2890	-4.99	-4.99	-5.34	1.74	343
2900	-4.99	-4.99	-5.32	1.71	319
2910	-4.99	-4.99	-5.3	1.51	234
2920	-4.99	-4.99	-5.28	1.26	38
2930	-4.99	-4.99	-5.28	1.77	252
2940	-4.99	-4.99	-5.26	1.77	338
2950	-4.99	-4.99	-5.24	1.04	68
2960	-4.99	-4.99	-5.24	1.04	297
2970	-4.99	-4.99	-5.22	1.22	118
2980	-4.99	-4.99	-5.22	1.22	311
2990	-4.99	-4.99	-5.2	1.04	28
3000	5	5	-5.16	18.87	8442
3010	5	5	-4.77	61.33	9731
3020	5	5	-4	89.22	3806
3030	5	5	-3.12	89.22	1706
3040	5	5	-2.22	98.14	1534
3050	5	5	-1.32	89.22	1450
3060	5	5	-0.41	89.22	1328
3070	5	5	0.49	89.22	1356
3080	5	5	1.39	98.14	1271
3090	5	5	2.3	89.22	1264
3100	5	5	3.18	81.77	226
3110	5	5	3.98	81.77	-1497
3120	5	5	4.65	57.72	-2380
3130	5	5	5.14	40.89	-2209
3140	5	5	5.48	27.26	-1787
3150	5	5	5.67	17.21	-1370
3160	5	5	5.79	9.09	-953
3170	5	5	5.85	4.37	-659
3180	5	5	5.85	0	-149
3190	5	5	5.85	0	-619
3200	5	5	5.83	-2.25	-484
3210	5	5	5.79	-2.36	-259
3220	5	5	5.77	-3.01	-551
3230	5	5	5.73	-3.22	-285
3240	5	5	5.71	-3.01	-572
3250	5	5	5.67	-2.89	-238
3260	5	5	5.65	-2.83	-411
3270	5	5	5.61	-2.97	-323
3280	5	5	5.59	-2.86	-323
3290	5	5	5.55	-2.45	-190
3300	5	5	5.53	-3.01	-449
3310	5	5	5.52	-2.36	-506
3320	5	5	5.5	-2.39	-403
3330	5	5	5.46	-2.34	-290
3340	5	5	5.44	-1.84	-209
3350	5	5	5.42	-2.17	-193
3360	5	5	5.4	-1.93	-127
3370	5	5	5.38	-1.84	-301
3380	5	5	5.38	-1.73	-505
3390	5	5	5.36	-1.63	-501
3400	5	5	5.34	-1.63	-352
3410	5	5	5.32	-1.52	-172
3420	5	5	5.3	-1.66	-159
3430	5	5	5.3	-1.54	-472
3440	5	5	5.28	-1.15	-213
3450	5	5	5.26	-1.35	-242
3460	5	5	5.26	-1.35	-400
3470	5	5	5.24	-1.24	-162
3480	5	5	5.24	-1.24	-549
3490	5	5	5.22	-1.13	-353
3500	-4.99	-4.99	5.2	-17.21	-8398
3510	-4.99	-4.99	4.83	-61.33	-10268
3520	-4.99	-4.99	4.06	-98.14	-4684
3530	-4.99	-4.99	3.18	-89.22	-2251
3540	-4.99	-4.99	2.28	-89.22	-1801
3550	-4.99	-4.99	1.37	-89.22	-1731
3560	-4.99	-4.99	0.47	-89.22	-1687
3570	-4.99	-4.99	-0.43	-81.77	-1654
3580	-4.99	-4.99	-1.33	-89.22	-1680
3590	-4.99	-4.99	-2.22	-98.14	-1655
3600	-4.99	-4.99	-3.12	-81.77	-420
3610	-4.99	-4.99	-3.93	-75.49	1354
3620	-4.99	-4.99	-4.59	-61.33	2289
3630	-4.99	-4.99	-5.1	-40.89	2255
3640	-4.99	-4.99	-5.44	-25.17	1837
3650	-4.99	-4.99	-5.65	-18.51	1350
3660	-4.99	-4.99	-5.77	-10.22	917
3670	-4.99	-4.99	-5.83	-4.22	615
3680	-4.99	-4.99	-5.83	0	-15
3690	-4.99	-4.99	-5.81	0	297
3700	-4.99	-4.99	-5.81	1.92	376
3710	-4.99	-4.99	-5.77	2.42	260
3720	-4.99	-4.99	-5.75	2.68	329
3730	-4.99	-4.99	-5.71	2.76	185
3740	-4.99	-4.99	-5.69	3.22	340
3750	-4.99	-4.99	-5.65	3.3	257
3760	-4.99	-4.99	-5.61	3.34	173
3770	-4.99	-4.99	-5.59	2.79	196
3780	-4.99	-4.99	-5.55	2.76	129
3790	-4.99	-4.99	-5.53	2.87	264
3800	-4.99	-4.99	-5.52	2.73	277
3810	-4.99	-4.99	-5.48	2.15	228
3820	-4.99	-4.99	-5.46	2.43	172
3830	-4.99	-4.99	-5.44	2.17	45
3840	-4.99	-4.99	-5.42	2.17	165
3850	-4.99	-4.99	-5.4	2.03	137
3860	-4.99	-4.99	-5.38	2.15	201
3870	-4.99	-4.99	-5.36	1.44	130
3880	-4.99	-4.99	-5.34	2.01	128
3890	-4.99	-4.99	-5.34	1.74	331
3900	-4.99	-4.99	-5.32	1.7	306
3910	-4.99	-4.99	-5.3	1.51	212
3920	-4.99	-4.99	-5.28	1.29	33
3930	-4.99	-4.99	-5.28	1.77	173
3940	-4.99	-4.99	-5.26	1.77	339
3950	-4.99	-4.99	-5.26	0.97	279
3960	-4.99	-4.99	-5.24	0.97	270
3970	-4.99	-4.99	-5.22	1.22	76
3980	-4.99	-4.99	-5.22	1.22	318
3990	-4.99	-4.99	-5.2	1.04	-24
4000	5	5	-5.16	10.33	8408
4010	5	5	-4.77	65.43	9740
4020	5	5	-4	89.22	3828
4030	5	5	-3.12	89.22	1762
4040	5	5	-2.22	89.22	1645
4050	5	5	-1.33	98.14	1491
4060	5	5	-0.43	81.77	1384
4070	5	5	0.47	89.22	1336
4080	5	5	1.37	98.14	1259
4090	5	5	2.28	98.14	1242
4100	5	5	3.16	81.77	313
4110	5	5	3.98	89.22	-1505
4120	5	5	4.65	61.33	-2366
4130	5	5	5.14	40.89	-2262
4140	5	5	5.48	27.26	-1827
4150	5	5	5.69	17.52	-1325
4160	5	5	5.81	9.17	-1002
4170	5	5	5.85	4.29	-584
4180	5	5	5.87	2.32	-361
4190	5	5	5.85	0	-466
4200	5	5	5.85	0	-702
4210	5	5	5.81	-2.83	-395
4220	5	5	5.79	-2.79	-497
4230	5	5	5.75	-3.14	-278
4240	5	5	5.71	-3.38	-309
4250	5	5	5.69	-3.38	-555
4260	5	5	5.65	-3.63	-269
4270	5	5	5.61	-3.14	-342
4280	5	5	5.59	-2.94	-381
4290	5	5	5.55	-2.53	-191
4300	5	5	5.53	-3.03	-251
4310	5	5	5.52	-2.32	-299
4320	5	5	5.5	-2.4	-438
4330	5	5	5.48	-2.34	-483
4340	5	5	5.46	-1.9	-478
4350	5	5	5.42	-2.17	-194
4360	5	5	5.42	-1.88	-363
4370	5	5	5.4	-1.88	-643
4380	5	5	5.38	-1.84	-486
4390	5	5	5.36	-1.59	-340
4400	5	5	5.34	-1.62	-284
4410	5	5	5.32	-1.52	-79
4420	5	5	5.32	-1.66	-342
4430	5	5	5.3	-1.66	-456
4440	5	5	5.28	-1.15	-79
4450	5	5	5.28	-1.15	-536
4460	5	5	5.26	-1.4	-351
4470	5	5	5.24	-1.27	-55
4480	5	5	5.24	-1.27	-517
4490	5	5	5.22	-1.13	-285
4500	-4.99	-4.99	5.2	-17.52	-8144
4510	-4.99	-4.99	4.83	-61.33	-10247
4520	-4.99	-4.99	4.06	-98.14	-4956
4530	-4.99	-4.99	3.18	-98.14	-2283
4540	-4.99	-4.99	2.28	-81.77	-1772
4550	-4.99	-4.99	1.39	-89.22	-1727
4560	-4.99	-4.99	0.47	-98.14	-1684
4570	-4.99	-4.99	-0.43	-89.22	-1675
4580	-4.99	-4.99	-1.33	-89.22	-1657
4590	-4.99	-4.99	-2.22	-89.22	-1617
4600	-4.99	-4.99	-3.12	-89.22	-543
4610	-4.99	-4.99	-3.93	-70.09	1359
4620	-4.99	-4.99	-4.59	-57.72	2253
4630	-4.99	-4.99	-5.1	-40.89	2259
4640	-4.99	-4.99	-5.44	-25.83	1774
4650	-4.99	-4.99	-5.65	-15.83	1476
4660	-4.99	-4.99	-5.77	-8.38	861
4670	-4.99	-4.99	-5.83	-5.13	555
4680	-4.99	-4.99	-5.83	0	101
4690	-4.99	-4.99	-5.83	0	361
4700	-4.99	-4.99	-5.81	1.46	419
4710	-4.99	-4.99	-5.77	2.51	401
4720	-4.99	-4.99	-5.75	2.75	161
4730	-4.99	-4.99	-5.73	2.72	313
4740	-4.99	-4.99	-5.69	3.27	277
4750	-4.99	-4.99	-5.65	3.27	161
4760	-4.99	-4.99	-5.63	2.89	347
4770	-4.99	-4.99	-5.59	2.76	73
4780	-4.99	-4.99	-5.57	2.89	375
4790	-4.99	-4.99	-5.53	2.79	170
4800	-4.99	-4.99	-5.52	2.37	103
4810	-4.99	-4.99	-5.5	2.61	358
4820	-4.99	-4.99	-5.48	2.17	364
4830	-4.99	-4.99	-5.44	2.17	120
4840	-4.99	-4.99	-5.42	2.12	156
4850	-4.99	-4.99	-5.4	1.98	123
4860	-4.99	-4.99	-5.38	2.1	270
4870	-4.99	-4.99	-5.36	1.44	7
4880	-4.99	-4.99	-5.34	2.04	138
4890	-4.99	-4.99	-5.34	2.04	338
4900	-4.99	-4.99	-5.32	1.73	182
4910	-4.99	-4.99	-5.3	1.49	100
4920	-4.99	-4.99	-5.3	1.46	353
4930	-4.99	-4.99	-5.28	1.26	191
4940	-4.99	-4.99	-5.26	1.76	228
4950	-4.99	-4.99	-5.26	1.18	392
4960	-4.99	-4.99	-5.24	1	153
4970	-4.99	-4.99	-5.22	1.24	99
4980	-4.99	-4.99	-5.22	1.24	289
4990	-4.99	-4.99	-5.2	1.05	-67
5000	5	5	-5.16	11.96	8283
5010	5	5	-4.77	65.43	9754
5020	5	5	-4	81.77	3851
5030	5	5	-3.12	89.22	1763
5040	5	5	-2.22	89.22	1534
5050	5	5	-1.32	89.22	1443
5060	5	5	-0.43	89.22	1349
5070	5	5	0.47	89.22	1320
5080	5	5	1.37	98.14	1269
5090	5	5	2.28	98.14	1257
5100	5	5	3.18	89.22	149
5110	5	5	3.98	89.22	-1544
5120	5	5	4.65	57.72	-2372
5130	5	5	5.14	40.89	-2363
5140	5	5	5.48	27.26	-1824
5150	5	5	5.69	14.87	-1388
5160	5	5	5.81	9.17	-1005
5170	5	5	5.85	3.97	-557
5180	5	5	5.87	2.23	-373
5190	5	5	5.85	0	-475
5200	5	5	5.85	0	-711
5210	5	5	5.81	-2.78	-413
5220	5	5	5.79	-2.81	-521
5230	5	5	5.75	-3.17	-272
5240	5	5	5.71	-3.41	-266
5250	5	5	5.69	-3.34	-574
5260	5	5	5.65	-3.6	-276
5270	5	5	5.61	-3.11	-359
5280	5	5	5.59	-3.01	-369
5290	5	5	5.55	-2.53	-268
5300	5	5	5.53	-3	-253
5310	5	5	5.52	-2.39	-332
5320	5	5	5.5	-2.42	-470
5330	5	5	5.48	-2.36	-419
5340	5	5	5.46	-1.88	-402
5350	5	5	5.42	-2.2	-233
5360	5	5	5.4	-1.92	-215
5370	5	5	5.38	-1.85	-291
5380	5	5	5.38	-1.85	-499
5390	5	5	5.36	-1.63	-394
5400	5	5	5.34	-1.65	-330
5410	5	5	5.32	-1.51	-107
5420	5	5	5.3	-1.63	-162
5430	5	5	5.3	-1.63	-465
5440	5	5	5.28	-1.13	-119
5450	5	5	5.28	-1.13	-487
5460	5	5	5.26	-1.38	-372
5470	5	5	5.24	-1.26	-91
5480	5	5	5.24	-1.26	-534
5490	5	5	5.22	-1.11	-289
5500	5	5	5.22	-1.11	-477
5510	-4.99	-4.99	5.2	-16.63	-8286
5520	-4.99	-4.99	4.83	-61.33	-10277
5530	-4.99	-4.99	4.06	-89.22	-4714
5540	-4.99	-4.99	3.18	-89.22	-2272
5550	-4.99	-4.99	2.28	-89.22	-1808
5560	-4.99	-4.99	1.37	-98.14	-1715
5570	-4.99	-4.99	0.47	-89.22	-1696
5580	-4.99	-4.99	-0.43	-89.22	-1656
5590	-4.99	-4.99	-1.33	-98.14	-1654
5600	-4.99	-4.99	-2.24	-89.22	-1577
5610	-4.99	-4.99	-3.12	-89.22	-382
5620	-4.99	-4.99	-3.93	-70.09	1439
5630	-4.99	-4.99	-4.59	-57.72	2311
5640	-4.99	-4.99	-5.1	-42.66	2176
5650	-4.99	-4.99	-5.44	-24.53	1749
5660	-4.99	-4.99	-5.65	-18.17	1312
5670	-4.99	-4.99	-5.77	-9.44	937
5680	-4.99	-4.99	-5.81	-4.71	495
5690	-4.99	-4.99	-5.83	-2.54	254
5700	-4.99	-4.99	-5.81	0	357
5710	-4.99	-4.99	-5.79	1.38	335
5720	-4.99	-4.99	-5.77	2.42	288
5730	-4.99	-4.99	-5.75	3.58	308
5740	-4.99	-4.99	-5.71	2.9	271
5750	-4.99	-4.99	-5.67	3.42	105
5760	-4.99	-4.99	-5.65	3.06	332
5770	-4.99	-4.99	-5.61	3.49	259
5780	-4.99	-4.99	-5.57	3.05	158
5790	-4.99	-4.99	-5.55	2.84	338
5800	-4.99	-4.99	-5.52	2.43	142
5810	-4.99	-4.99	-5.5	2.78	149
5820	-4.99	-4.99	-5.48	2.2	116
5830	-4.99	-4.99	-5.46	2.42	221
5840	-4.99	-4.99	-5.44	2.18	192
5850	-4.99	-4.99	-5.42	2.12	319
5860	-4.99	-4.99	-5.4	1.95	277
5870	-4.99	-4.99	-5.38	2.1	318
5880	-4.99	-4.99	-5.36	1.44	30
5890	-4.99	-4.99	-5.34	2.04	183
5900	-4.99	-4.99	-5.32	1.74	40
5910	-4.99	-4.99	-5.32	1.52	219
5920	-4.99	-4.99	-5.3	1.52	307
5930	-4.99	-4.99	-5.28	1.29	37
5940	-4.99	-4.99	-5.26	1.81	100
5950	-4.99	-4.99	-5.26	1.37	370
5960	-4.99	-4.99	-5.24	1.02	49
5970	-4.99	-4.99	-5.24	1.02	414
5980	-4.99	-4.99	-5.22	1.22	250
5990	-4.99	-4.99	-5.22	1.02	306
6000	5	5	-5.18	13.82	8147
6010	5	5	-4.79	65.43	9766
6020	5	5	-4	81.77	3844
6030	5	5	-3.12	89.22	1719
6040	5	5	-2.22	89.22	1473
6050	5	5	-1.33	98.14	1406
6060	5	5	-0.43	89.22	1341
6070	5	5	0.47	89.22	1320
6080	5	5	1.37	89.22	1271
6090	5	5	2.28	98.14	1192
6100	5	5	3.16	89.22	180
6110	5	5	3.98	89.22	-1496
6120	5	5	4.65	57.72	-2411
6130	5	5	5.14	40.89	-2350
6140	5	5	5.48	27.26	-1858
6150	5	5	5.69	15.58	-1341
6160	5	5	5.81	9.26	-1048
6170	5	5	5.85	3.91	-544
6180	5	5	5.87	2.18	-348
6190	5	5	5.85	0	-473
6200	5	5	5.85	0	-718
6210	5	5	5.81	-2.83	-366
6220	5	5	5.79	-2.79	-559
6230	5	5	5.75	-3.16	-292
6240	5	5	5.71	-3.38	-237
6250	5	5	5.69	-3.3	-578
6260	5	5	5.65	-3.61	-283
6270	5	5	5.61	-3.12	-308
6280	5	5	5.59	-2.9	-491
6290	5	5	5.55	-2.53	-170
6300	5	5	5.53	-3.01	-352
6310	5	5	5.52	-2.39	-452
6320	5	5	5.5	-2.43	-469
6330	5	5	5.46	-2.39	-355
6340	5	5	5.46	-1.88	-326
6350	5	5	5.42	-2.17	-241
6360	5	5	5.4	-1.93	-172
6370	5	5	5.38	-1.82	-415
6380	5	5	5.38	-1.82	-495
6390	5	5	5.36	-1.63	-397
6400	5	5	5.34	-1.62	-306
6410	5	5	5.32	-1.52	-78
6420	5	5	5.3	-1.65	-272
6430	5	5	5.3	-1.65	-451
6440	5	5	5.28	-1.15	-121
6450	5	5	5.28	-1.15	-487
6460	5	5	5.26	-1.38	-384
6470	5	5	5.24	-1.19	-58
6480	5	5	5.24	-1.19	-511
6490	5	5	5.22	-1.11	-264
6500	-4.99	-4.99	5.2	-17.52	-8470
6510	-4.99	-4.99	4.83	-61.33	-10140
6520	-4.99	-4.99	4.06	-89.22	-4666
6530	-4.99	-4.99	3.18	-89.22	-2295
6540	-4.99	-4.99	2.3	-89.22	-1866
6550	-4.99	-4.99	1.39	-89.22	-1731
6560	-4.99	-4.99	0.49	-98.14	-1677
6570	-4.99	-4.99	-0.41	-89.22	-1654
6580	-4.99	-4.99	-1.32	-89.22	-1656
6590	-4.99	-4.99	-2.22	-89.22	-1551
6600	-4.99	-4.99	-3.1	-89.22	-378
6610	-4.99	-4.99	-3.93	-75.49	1409
6620	-4.99	-4.99	-4.59	-57.72	2298
6630	-4.99	-4.99	-5.08	-40.89	2255
6640	-4.99	-4.99	-5.44	-24.53	1814
6650	-4.99	-4.99	-5.63	-17.84	1283
6660	-4.99	-4.99	-5.75	-9.44	872
6670	-4.99	-4.99	-5.81	-4.98	519
6680	-4.99	-4.99	-5.83	-2.86	262
6690	-4.99	-4.99	-5.81	0	376
6700	-4.99	-4.99	-5.81	1.29	460
6710	-4.99	-4.99	-5.77	2.47	292
6720	-4.99	-4.99	-5.75	3.61	308
6730	-4.99	-4.99	-5.71	2.86	226
6740	-4.99	-4.99	-5.67	3.44	138
6750	-4.99	-4.99	-5.65	3.27	408
6760	-4.99	-4.99	-5.61	3.47	194
6770	-4.99	-4.99	-5.59	3.03	244
6780	-4.99	-4.99	-5.55	2.83	183
6790	-4.99	-4.99	-5.53	2.42	271
6800	-4.99	-4.99	-5.5	2.81	191
6810	-4.99	-4.99	-5.48	2.15	112
6820	-4.99	-4.99	-5.46	2.43	207
6830	-4.99	-4.99	-5.44	2.17	118
6840	-4.99	-4.99	-5.42	2.17	294
6850	-4.99	-4.99	-5.4	1.98	244
6860	-4.99	-4.99	-5.38	2.12	309
6870	-4.99	-4.99	-5.36	1.44	44
6880	-4.99	-4.99	-5.34	2.01	152
6890	-4.99	-4.99	-5.32	1.74	42
6900	-4.99	-4.99	-5.32	1.55	381
6910	-4.99	-4.99	-5.3	1.52	302
6920	-4.99	-4.99	-5.28	1.29	23
6930	-4.99	-4.99	-5.26	1.76	75
6940	-4.99	-4.99	-5.26	1.48	380
6950	-4.99	-4.99	-5.24	1	0
6960	-4.99	-4.99	-5.24	1	389
6970	-4.99	-4.99	-5.22	1.22	217
6980	-4.99	-4.99	-5.22	1.11	340
6990	-4.99	-4.99	-5.2	1.08	183
7000	5	5	-5.16	17.84	8106
7010	5	5	-4.77	65.43	9797
7020	5	5	-4	89.22	3874
7030	5	5	-3.12	98.14	1743
7040	5	5	-2.22	81.77	1516
7050	5	5	-1.32	89.22	1455
7060	5	5	-0.41	89.22	1358
7070	5	5	0.49	98.14	1302
7080	5	5	1.39	89.22	1268
7090	5	5	2.3	89.22	1227
7100	5	5	3.18	89.22	207
7110	5	5	3.98	75.49	-1547
7120	5	5	4.65	61.33	-2386
7130	5	5	5.14	42.66	-2281
7140	5	5	5.48	27.26	-1815
7150	5	5	5.69	17.84	-1351
7160	5	5	5.81	9.17	-1021
7170	5	5	5.85	4.43	-612
7180	5	5	5.87	2.45	-391
7190	5	5	5.85	0	-419
7200	5	5	5.85	0	-720
7210	5	5	5.81	-2.83	-362
7220	5	5	5.79	-2.83	-585
7230	5	5	5.75	-3.17	-297
7240	5	5	5.71	-3.42	-230
7250	5	5	5.69	-3.27	-546
7260	5	5	5.65	-3.61	-312
7270	5	5	5.61	-3.14	-317
7280	5	5	5.59	-2.97	-488
7290	5	5	5.55	-2.51	-210
7300	5	5	5.53	-2.98	-428
7310	5	5	5.52	-2.43	-380
7320	5	5	5.48	-2.43	-183
7330	5	5	5.46	-2.32	-409
7340	5	5	5.44	-1.85	-207
7350	5	5	5.42	-2.15	-202
7360	5	5	5.4	-1.92	-219
7370	5	5	5.38	-1.87	-342
7380	5	5	5.38	-1.87	-507
7390	5	5	5.36	-1.63	-396
7400	5	5	5.34	-1.63	-335
7410	5	5	5.32	-1.49	-94
7420	5	5	5.3	-1.66	-187
7430	5	5	5.3	-1.66	-467
7440	5	5	5.28	-1.13	-123
7450	5	5	5.26	-1.4	-188
7460	5	5	5.26	-1.4	-381
7470	5	5	5.24	-1.24	-98
7480	5	5	5.24	-1.24	-541
7490	5	5	5.22	-1.11	-309
7500	5	5	5.22	-1.11	-482
7510	-4.99	-4.99	5.2	-16.93	-8330
7520	-4.99	-4.99	4.83	-61.33	-10243
7530	-4.99	-4.99	4.06	-89.22	-4643
7540	-4.99	-4.99	3.18	-89.22	-2273
7550	-4.99	-4.99	2.28	-89.22	-1822
7560	-4.99	-4.99	1.37	-89.22	-1735
7570	-4.99	-4.99	0.47	-89.22	-1652
7580	-4.99	-4.99	-0.43	-89.22	-1634
7590	-4.99	-4.99	-1.33	-98.14	-1628
7600	-4.99	-4.99	-2.24	-98.14	-1584
7610	-4.99	-4.99	-3.12	-89.22	-376
7620	-4.99	-4.99	-3.95	-75.49	1478
7630	-4.99	-4.99	-4.61	-57.72	2328
7640	-4.99	-4.99	-5.1	-39.25	2248
7650	-4.99	-4.99	-5.44	-25.17	1833
7660	-4.99	-4.99	-5.65	-15.11	1413
7670	-4.99	-4.99	-5.77	-10.11	851
7680	-4.99	-4.99	-5.83	-4.19	626
7690	-4.99	-4.99	-5.83	0	26
7700	-4.99	-4.99	-5.81	0	251
7710	-4.99	-4.99	-5.79	1.88	291
7720	-4.99	-4.99	-5.77	2.4	277
7730	-4.99	-4.99	-5.75	3.45	315
7740	-4.99	-4.99	-5.71	2.76	206
7750	-4.99	-4.99	-5.67	3.3	209
7760	-4.99	-4.99	-5.65	3.3	329
7770	-4.99	-4.99	-5.61	3.31	154
7780	-4.99	-4.99	-5.59	2.79	312
7790	-4.99	-4.99	-5.55	2.76	132
7800	-4.99	-4.99	-5.53	2.86	322
7810	-4.99	-4.99	-5.5	2.73	161
7820	-4.99	-4.99	-5.48	2.17	145
7830	-4.99	-4.99	-5.46	2.45	150
7840	-4.99	-4.99	-5.44	2.2	42
7850	-4.99	-4.99	-5.42	2.14	229
7860	-4.99	-4.99	-5.4	1.98	134
7870	-4.99	-4.99	-5.38	2.15	262
7880	-4.99	-4.99	-5.36	1.44	48
7890	-4.99	-4.99	-5.34	2.03	103
7900	-4.99	-4.99	-5.34	1.71	188
7910	-4.99	-4.99	-5.32	1.71	350
7920	-4.99	-4.99	-5.3	1.51	261
7930	-4.99	-4.99	-5.28	1.26	-23
7940	-4.99	-4.99	-5.28	1.77	183
7950	-4.99	-4.99	-5.26	1.77	343
7960	-4.99	-4.99	-5.24	1.02	72
7970	-4.99	-4.99	-5.24	1.02	292
7980	-4.99	-4.99	-5.22	1.22	88
7990	-4.99	-4.99	-5.22	1.22	306
8000	5	5	-5.18	15.58	8103
8010	5	5	-4.79	65.43	9680
8020	5	5	-4	81.77	3802
8030	5	5	-3.12	89.22	1723
8040	5	5	-2.24	89.22	1529
8050	5	5	-1.33	89.22	1464
8060	5	5	-0.43	89.22	1328
8070	5	5	0.47	89.22	1300
8080	5	5	1.37	98.14	1273
8090	5	5	2.28	89.22	1237
8100	5	5	3.16	81.77	191
8110	5	5	3.98	81.77	-1475
8120	5	5	4.65	57.72	-2414
8130	5	5	5.16	42.66	-2347
8140	5	5	5.5	26.52	-1875
8150	5	5	5.69	15.58	-1491
8160	5	5	5.81	8.92	-903
8170	5	5	5.87	4.46	-779
8180	5	5	5.87	0	-116
8190	5	5	5.87	0	-651
8200	5	5	5.85	0	-591
8210	5	5	5.81	-2.89	-418
8220	5	5	5.79	-2.79	-408
8230	5	5	5.75	-3.05	-270
8240	5	5	5.73	-3.25	-432
8250	5	5	5.69	-3.23	-404
8260	5	5	5.65	-3.52	-227
8270	5	5	5.63	-2.95	-492
8280	5	5	5.59	-2.87	-216
8290	5	5	5.57	-2.89	-445
8300	5	5	5.55	-2.97	-377
8310	5	5	5.52	-2.29	-222
8320	5	5	5.5	-2.42	-248
8330	5	5	5.48	-2.4	-357
8340	5	5	5.46	-2.29	-455
8350	5	5	5.44	-1.88	-381
8360	5	5	5.42	-2.2	-370
8370	5	5	5.4	-1.92	-493
8380	5	5	5.38	-1.85	-426
8390	5	5	5.36	-1.63	-206
8400	5	5	5.34	-1.65	-192
8410	5	5	5.34	-1.52	-335
8420	5	5	5.32	-1.52	-516
8430	5	5	5.3	-1.65	-390
8440	5	5	5.28	-1.15	-271
8450	5	5	5.28	-1.15	-442
8460	5	5	5.26	-1.37	-270
8470	5	5	5.24	-1.26	-92
8480	5	5	5.24	-1.26	-418
8490	5	5	5.22	-1.11	-162
8500	-4.99	-4.99	5.2	-17.52	-8151
8510	-4.99	-4.99	4.83	-61.33	-10298
8520	-4.99	-4.99	4.06	-89.22	-4880
8530	-4.99	-4.99	3.18	-98.14	-2273
8540	-4.99	-4.99	2.3	-89.22	-1828
8550	-4.99	-4.99	1.39	-89.22	-1742
8560	-4.99	-4.99	0.49	-98.14	-1693
8570	-4.99	-4.99	-0.41	-81.77	-1652
8580	-4.99	-4.99	-1.32	-89.22	-1666
8590	-4.99	-4.99	-2.22	-89.22	-1568
8600	-4.99	-4.99	-3.12	-89.22	-416
8610	-4.99	-4.99	-3.93	-75.49	1397
8620	-4.99	-4.99	-4.59	-57.72	2334
8630	-4.99	-4.99	-5.1	-42.66	2245
8640	-4.99	-4.99	-5.44	-24.53	1819
8650	-4.99	-4.99	-5.65	-17.84	1435
8660	-4.99	-4.99	-5.77	-9.44	893
8670	-4.99	-4.99	-5.81	-4.8	535
8680	-4.99	-4.99	-5.83	-2.65	254
8690	-4.99	-4.99	-5.81	0	357
8700	-4.99	-4.99	-5.79	1.35	466
8710	-4.99	-4.99	-5.77	2.47	288
8720	-4.99	-4.99	-5.75	3.56	345
8730	-4.99	-4.99	-5.71	2.87	241
8740	-4.99	-4.99	-5.67	3.38	144
8750	-4.99	-4.99	-5.65	3.03	383
8760	-4.99	-4.99	-5.61	3.44	201
8770	-4.99	-4.99	-5.57	3.01	270
8780	-4.99	-4.99	-5.55	2.87	279
8790	-4.99	-4.99	-5.53	2.43	269
8800	-4.99	-4.99	-5.5	2.83	182
8810	-4.99	-4.99	-5.48	2.2	197
8820	-4.99	-4.99	-5.46	2.45	246
8830	-4.99	-4.99	-5.44	2.15	194
8840	-4.99	-4.99	-5.42	2.15	306
8850	-4.99	-4.99	-5.4	1.98	272
8860	-4.99	-4.99	-5.38	2.14	311
8870	-4.99	-4.99	-5.36	1.46	80
8880	-4.99	-4.99	-5.34	1.99	197
8890	-4.99	-4.99	-5.32	1.7	35
8900	-4.99	-4.99	-5.32	1.51	314
8910	-4.99	-4.99	-5.3	1.51	292
8920	-4.99	-4.99	-5.28	1.32	47
8930	-4.99	-4.99	-5.26	1.77	96
8940	-4.99	-4.99	-5.26	1.35	386
8950	-4.99	-4.99	-5.24	0.97	2
8960	-4.99	-4.99	-5.24	0.97	385
8970	-4.99	-4.99	-5.22	1.21	200
8980	-4.99	-4.99	-5.22	1.1	347
8990	-4.99	-4.99	-5.2	1.07	163
9000	5	5	-5.16	17.52	7959
9010	5	5	-4.77	65.43	9707
9020	5	5	-4	89.22	4017
9030	5	5	-3.12	89.22	1739
9040	5	5	-2.22	98.14	1510
9050	5	5	-1.32	89.22	1432
9060	5	5	-0.41	89.22	1333
9070	5	5	0.49	89.22	1301
9080	5	5	1.39	89.22	1261
9090	5	5	2.3	89.22	1216
9100	5	5	3.18	89.22	168
9110	5	5	3.98	75.49	-1524
9120	5	5	4.65	54.52	-2425
9130	5	5	5.14	40.89	-2276
9140	5	5	5.48	26.52	-1889
9150	5	5	5.67	16.93	-1288
9160	5	5	5.79	8.53	-940
9170	5	5	5.85	4.43	-680
9180	5	5	5.85	0	-156
9190	5	5	5.85	0	-618
9200	5	5	5.81	-2.28	-492
9210	5	5	5.79	-2.4	-256
9220	5	5	5.77	-3.01	-586
9230	5	5	5.73	-3.23	-290
9240	5	5	5.71	-3.12	-489
9250	5	5	5.67	-2.86	-272
9260	5	5	5.63	-2.86	-334
9270	5	5	5.61	-2.97	-382
9280	5	5	5.57	-2.84	-286
9290	5	5	5.55	-2.42	-205
9300	5	5	5.53	-2.95	-446
9310	5	5	5.52	-2.29	-534
9320	5	5	5.5	-2.39	-396
9330	5	5	5.46	-2.34	-313
9340	5	5	5.44	-1.87	-207
9350	5	5	5.42	-2.18	-188
9360	5	5	5.4	-1.9	-133
9370	5	5	5.38	-1.85	-260
9380	5	5	5.38	-1.7	-512
9390	5	5	5.36	-1.63	-448
9400	5	5	5.34	-1.65	-375
9410	5	5	5.32	-1.49	-176
9420	5	5	5.3	-1.65	-170
9430	5	5	5.3	-1.55	-476
9440	5	5	5.28	-1.15	-201
9450	5	5	5.26	-1.37	-245
9460	5	5	5.26	-1.37	-409
9470	5	5	5.24	-1.22	-151
9480	5	5	5.24	-1.22	-584
9490	5	5	5.22	-1.11	-340
9500	5	5	5.22	-1.11	-511
9510	-4.99	-4.99	5.2	-16.36	-8305
9520	-4.99	-4.99	4.81	-61.33	-10311
9530	-4.99	-4.99	4.06	-89.22	-4712
9540	-4.99	-4.99	3.18	-89.22	-2281
9550	-4.99	-4.99	2.28	-89.22	-1813
9560	-4.99	-4.99	1.37	-98.14	-1705
9570	-4.99	-4.99	0.47	-89.22	-1689
9580	-4.99	-4.99	-0.39	-98.14	-1656
9590	-4.99	-4.99	-1.3	-89.22	-1638
9600	-4.99	-4.99	-2.2	-89.22	-1537
9610	-4.99	-4.99	-3.1	-81.77	-377
9620	-4.99	-4.99	-3.91	-75.49	1447
9630	-4.99	-4.99	-4.59	-61.33	2335
9640	-4.99	-4.99	-5.08	-40.89	2248
9650	-4.99	-4.99	-5.42	-27.26	1772
9660	-4.99	-4.99	-5.63	-17.84	1418
9670	-4.99	-4.99	-5.75	-9.17	814
9680	-4.99	-4.99	-5.81	-4.93	553
9690	-4.99	-4.99	-5.83	-2.72	316
9700	-4.99	-4.99	-5.81	0	421
9710	-4.99	-4.99	-5.79	1.26	410
9720	-4.99	-4.99	-5.77	2.48	294
9730	-4.99	-4.99	-5.75	3.58	317
9740	-4.99	-4.99	-5.71	2.89	261
9750	-4.99	-4.99	-5.67	3.44	103
9760	-4.99	-4.99	-5.65	3.06	337
9770	-4.99	-4.99	-5.61	3.49	236
9780	-4.99	-4.99	-5.57	3.06	134
9790	-4.99	-4.99	-5.55	2.84	324
9800	-4.99	-4.99	-5.52	2.43	148
9810	-4.99	-4.99	-5.5	2.78	209
9820	-4.99	-4.99	-5.48	2.18	233
9830	-4.99	-4.99	-5.46	2.43	272
9840	-4.99	-4.99	-5.44	2.14	284
9850	-4.99	-4.99	-5.42	2.14	368
9860	-4.99	-4.99	-5.38	2.12	136
9870	-4.99	-4.99	-5.38	1.81	382
9880	-4.99	-4.99	-5.36	1.43	117
9890	-4.99	-4.99	-5.34	2.03	197
9900	-4.99	-4.99	-5.32	1.7	41
9910	-4.99	-4.99	-5.32	1.51	306
9920	-4.99	-4.99	-5.3	1.51	310
9930	-4.99	-4.99	-5.28	1.29	30
9940	-4.99	-4.99	-5.26	1.79	74
9950	-4.99	-4.99	-5.26	1.43	388
9960	-4.99	-4.99	-5.24	0.97	2
9970	-4.99	-4.99	-5.24	0.97	387
9980	-4.99	-4.99	-5.22	1.21	211
9990	-4.99	-4.99	-5.22	1.13	359
10000	5	5	-5.18	14.23	8123
