0	0	0	0	0	-442
10	0.02	0.02	0	0.05	1688
20	0.02	0.02	0.02	0	464
30	0.02	0.02	0.02	0	41
40	0.02	0.02	0.02	0	5
50	0.02	0.02	0.02	0	10
60	0.02	0.02	0.02	0	-28
70	0.02	0.02	0.02	0	-40
80	0.02	0.02	0.02	0	-40
90	0.04	0.04	0.04	0	941
100	0.04	0.04	0.02	-4.93	3538
110	0.04	0.04	0.06	2.25	-2266
120	0.06	0.06	0.06	0	666
130	0.06	0.06	0.06	0	261
140	0.06	0.06	0.06	0	-73
150	0.08	0.08	0.08	0	-84
160	0.08	0.08	0.08	0	175
170	0.1	0.1	0.1	0	-92
180	0.1	0.1	0.1	0	394
190	0.12	0.12	0.12	0	223
200	0.12	0.12	0.12	0	205
210	0.14	0.14	0.14	0	-194
220	0.14	0.14	0.14	0	249
230	0.16	0.16	0.16	0	98
240	0.18	0.18	0.18	0	1567
250	0.18	0.18	0.18	0	380
260	0.2	0.2	0.2	0	292
270	0.22	0.22	0.22	8.32	-2395
280	0.22	0.22	0.22	0	186
290	0.24	0.24	0.24	4.85	-1307
300	0.26	0.26	0.27	8.24	-4837
310	0.27	0.27	0.29	10.02	-4781
320	0.29	0.29	0.29	6.63	-2485
330	0.29	0.29	0.29	0	199
340	0.31	0.31	0.31	0	445
350	0.33	0.33	0.33	0	1602
360	0.35	0.35	0.35	0	1724
370	0.37	0.37	0.37	0	1594
380	0.39	0.39	0.39	0	767
390	0.41	0.41	0.41	0	1490
400	0.43	0.43	0.43	0	1527
410	0.45	0.45	0.45	0	1444
420	0.49	0.49	0.47	0	3471
430	0.51	0.51	0.49	0	1904
440	0.53	0.53	0.53	0	1346
450	0.55	0.55	0.55	0	1365
460	0.57	0.57	0.57	0	1472
470	0.61	0.61	0.59	0	4295
480	0.63	0.63	0.61	0	1830
490	0.65	0.65	0.65	0	1351
500	0.67	0.67	0.67	0	1490
510	0.71	0.71	0.69	0	3511
520	0.73	0.73	0.71	0	1875
530	0.77	0.77	0.75	0	3304
540	0.79	0.79	0.77	0	1809
550	0.8	0.8	0.8	0	1277
560	0.84	0.84	0.82	0	3437
570	0.86	0.86	0.86	0	1005
580	0.9	0.9	0.88	0	3528
590	0.92	0.92	0.9	0	2010
600	0.96	0.96	0.94	0	3238
610	1	1	0.98	0	3781
620	1.02	1.02	1	0	1777
630	1.06	1.06	1.04	0	4210
640	1.1	1.1	1.06	0	4507
650	1.12	1.12	1.1	0	1784
660	1.16	1.16	1.14	0	3307
670	1.2	1.2	1.18	0	3059
680	1.22	1.22	1.22	0	810
690	1.26	1.26	1.24	0	4318
700	1.3	1.3	1.26	0	4624
710	1.33	1.33	1.32	0	3189
720	1.37	1.37	1.35	12.42	429
730	1.41	1.41	1.39	0	2693
740	1.43	1.43	1.43	2.7	-447
750	1.47	1.47	1.45	10.55	914
760	1.51	1.51	1.51	12.91	-1882
770	1.55	1.55	1.53	0	4098
780	1.59	1.59	1.57	0	3788
790	1.63	1.63	1.61	7.55	1730
800	1.67	1.67	1.65	0	3235
810	1.71	1.71	1.69	0	3830
820	1.75	1.75	1.71	0	4488
830	1.79	1.79	1.77	0	3812
840	1.84	1.84	1.81	0	5053
850	1.88	1.88	1.86	2.79	4365
860	1.92	1.92	1.9	0	4541
870	1.96	1.96	1.94	0	3726
880	2	2	1.98	0	3729
890	2.04	2.04	2.02	0	4442
900	2.08	2.08	2.06	0	4514
910	2.14	2.14	2.1	0	5478
920	2.18	2.18	2.16	13.44	1959
930	2.22	2.22	2.2	9.63	1804
940	2.26	2.26	2.24	0	3896
950	2.32	2.32	2.28	0	4771
960	2.36	2.36	2.34	2.76	3192
970	2.39	2.39	2.37	0	3824
980	2.43	2.43	2.41	0	3827
990	2.49	2.49	2.47	10.66	3528
1000	2.53	2.53	2.51	0	3615
1010	2.57	2.57	2.55	0	3805
1020	2.63	2.63	2.59	0	4985
1030	2.67	2.67	2.65	3.11	2299
1040	2.71	2.71	2.69	11.15	2190
1050	2.77	2.77	2.73	0	5086
1060	2.81	2.81	2.79	10.9	1601
1070	2.85	2.85	2.83	8.12	1723
1080	2.9	2.9	2.87	10.9	4131
1090	2.94	2.94	2.92	2.62	3416
1100	2.98	2.98	2.96	0	3816
1110	3.04	3.04	3	0	5539
1120	3.08	3.08	3.06	2.98	2664
1130	3.14	3.14	3.1	14.02	3795
1140	3.18	3.18	3.16	2.76	3273
1150	3.22	3.22	3.2	0	3781
1160	3.28	3.28	3.24	0	4884
1170	3.32	3.32	3.3	2.78	3442
1180	3.36	3.36	3.34	0	4445
1190	3.42	3.42	3.38	0	4844
1200	3.45	3.45	3.43	2.73	3124
1210	3.49	3.49	3.47	0	3803
1220	3.55	3.55	3.53	10.11	2774
1230	3.59	3.59	3.57	11.54	1920
1240	3.63	3.63	3.61	0	3821
1250	3.69	3.69	3.65	0	5073
1260	3.73	3.73	3.73	9.34	-2732
1270	3.77	3.77	3.77	8.38	-3891
1280	3.81	3.81	3.81	13.44	-1074
1290	3.87	3.87	3.83	0	5594
1300	3.91	3.91	3.91	11.02	-668
1310	3.95	3.95	3.93	0	4901
1320	3.98	3.98	3.96	0	3742
1330	4.02	4.02	4	8.32	1522
1340	4.06	4.06	4.04	0	2698
1350	4.1	4.1	4.08	10.11	1815
1360	4.14	4.14	4.12	0	3925
1370	4.18	4.18	4.16	0	3894
1380	4.22	4.22	4.2	0	3748
1390	4.26	4.26	4.24	0	2831
1400	4.3	4.3	4.28	10.22	1754
1410	4.34	4.34	4.3	0	4790
1420	4.38	4.38	4.34	0	4448
1430	4.42	4.42	4.4	0	3594
1440	4.46	4.46	4.44	0	3837
1450	4.49	4.49	4.47	0	3715
1460	4.51	4.51	4.51	0	808
1470	4.55	4.55	4.53	0	2958
1480	4.59	4.59	4.57	0	2597
1490	4.61	4.61	4.61	2.53	-490
1500	4.65	4.65	4.63	9.91	1166
1510	4.67	4.67	4.67	0	1153
1520	4.71	4.71	4.69	0	4247
1530	4.73	4.73	4.71	0	1929
1540	4.75	4.75	4.75	0	1267
1550	4.79	4.79	4.77	0	3542
1560	4.81	4.81	4.79	0	1951
1570	4.83	4.83	4.83	0	687
1580	4.85	4.85	4.85	0	1443
1590	4.87	4.87	4.87	0	1438
1600	4.89	4.89	4.89	0	1553
1610	4.91	4.91	4.91	0	870
1620	4.93	4.93	4.93	0	1518
1630	4.95	4.95	4.95	0	870
1640	4.95	4.95	4.95	0	404
1650	4.97	4.97	4.97	0	386
1660	4.97	4.97	4.97	0	536
1670	4.99	4.99	4.99	0	1357
1680	4.99	4.99	4.99	0	439
1690	5	5	5	0	289
1700	5	5	5	0	271
1710	5	5	5	0	-3
1720	5	5	5	0	238
1730	5	5	5	0	-172
1740	5	5	5	0	-74
1750	5	5	5	0	-60
1760	5	5	5.02	0	-574
1770	4.99	4.99	4.99	-10.79	585
1780	4.99	4.99	5	-0.14	-3211
1790	4.99	4.99	4.99	0	28
1800	4.97	4.97	4.97	-1.11	-188
1810	4.95	4.95	4.95	-1.98	-189
1820	4.93	4.93	4.93	0	-1056
1830	4.93	4.93	4.91	-1.73	2144
1840	4.91	4.91	4.91	0	-843
1850	4.87	4.87	4.89	0	-3542
1860	4.85	4.85	4.87	-0.14	-3100
1870	4.83	4.83	4.83	0	-1277
1880	4.81	4.81	4.81	0	-1430
1890	4.77	4.77	4.79	0	-4345
1900	4.75	4.75	4.75	0	-1902
1910	4.71	4.71	4.73	0	-3679
1920	4.67	4.67	4.71	0	-4919
1930	4.63	4.63	4.67	0	-4569
1940	4.59	4.59	4.63	-0.14	-5422
1950	4.55	4.55	4.57	0	-2675
1960	4.51	4.51	4.53	-12.12	-3379
1970	4.46	4.46	4.49	0	-5320
1980	4.42	4.42	4.44	-9.91	-2343
1990	4.36	4.36	4.4	-12.26	-4036
2000	4.32	4.32	4.34	-10.33	-2643
2010	4.26	4.26	4.3	-11.96	-4100
2020	4.2	4.2	4.24	-13.08	-4574
2030	4.14	4.14	4.18	-14.23	-4807
2040	4.08	4.08	4.12	-2.56	-5722
2050	4.02	4.02	4.06	-2.9	-4478
2060	3.95	3.95	4	-2.54	-6606
2070	3.89	3.89	3.93	-13.63	-3833
2080	3.81	3.81	3.87	-2.43	-6275
2090	3.75	3.75	3.79	-12.91	-3752
2100	3.67	3.67	3.73	-15.11	-5964
2110	3.59	3.59	3.67	-3.08	-6212
2120	3.51	3.51	3.57	-3.06	-6000
2130	3.43	3.43	3.49	-3.2	-5740
2140	3.36	3.36	3.42	-3.52	-5587
2150	3.28	3.28	3.36	-2.87	-6129
2160	3.18	3.18	3.26	-3.34	-6778
2170	3.1	3.1	3.16	-3.82	-5200
2180	3	3	3.08	-3.11	-6584
2190	2.9	2.9	2.98	-4.11	-6359
2200	2.81	2.81	2.89	-3.63	-6351
2210	2.73	2.73	2.79	-3.82	-5189
2220	2.63	2.63	2.73	-2.98	-7108
2230	2.51	2.51	2.61	-13.82	-6547
2240	2.41	2.41	2.49	-14.23	-6055
2250	2.32	2.32	2.39	-14.65	-6090
2260	2.22	2.22	2.26	-20.04	-229
2270	2.1	2.1	2.22	-14.23	-7115
2280	2	2	2.08	-20.04	-4332
2290	1.88	1.88	1.96	-16.09	-5847
2300	1.77	1.77	1.84	-22.81	-4821
2310	1.65	1.65	1.75	-9.91	-6930
2320	1.55	1.55	1.63	-15.58	-5974
2330	1.43	1.43	1.53	-3.27	-7201
2340	1.32	1.32	1.41	-5.28	-7090
2350	1.18	1.18	1.3	-4.02	-7190
2360	1.06	1.06	1.16	-17.84	-6377
2370	0.94	0.94	1.04	-3.8	-6774
2380	0.82	0.82	0.92	-15.34	-6472
2390	0.71	0.71	0.8	-3.91	-6820
2400	0.57	0.57	0.69	-17.52	-6712
2410	0.45	0.45	0.55	-14.43	-5608
2420	0.31	0.31	0.45	-3	-7285
2430	0.2	0.2	0.29	-18.87	-5535
2440	0.06	0.06	0.18	-3.42	-6859
2450	-0.06	-0.06	0.04	-10.33	-7091
2460	-0.2	-0.2	-0.08	-16.09	-6850
2470	-0.31	-0.31	-0.22	-15.11	-5754
2480	-0.45	-0.45	-0.33	-13.82	-6821
2490	-0.57	-0.57	-0.47	-19.23	-6350
2500	-0.71	-0.71	-0.59	-3.99	-7019
2510	-0.84	-0.84	-0.73	-10.79	-7275
2520	-0.96	-0.96	-0.86	-16.36	-6148
2530	-1.1	-1.1	-0.98	-3.64	-6895
2540	-1.22	-1.22	-1.12	-16.36	-5314
2550	-1.35	-1.35	-1.24	-3.34	-6837
2560	-1.49	-1.49	-1.37	-11.42	-7494
2570	-1.61	-1.61	-1.51	-14.23	-5400
2580	-1.75	-1.75	-1.63	-3.86	-6649
2590	-1.86	-1.86	-1.77	-17.21	-5387
2600	-1.98	-1.98	-1.86	-3.23	-7283
2610	-2.12	-2.12	-2	-16.09	-6800
2620	-2.24	-2.24	-2.14	-19.23	-6164
2630	-2.36	-2.36	-2.26	-4.32	-6661
2640	-2.47	-2.47	-2.37	-16.36	-6276
2650	-2.59	-2.59	-2.49	-4.21	-6627
2660	-2.71	-2.71	-2.61	-15.34	-6375
2670	-2.83	-2.83	-2.73	-4.51	-6684
2680	-2.94	-2.94	-2.85	-17.52	-5957
2690	-3.06	-3.06	-2.96	-4.63	-6728
2700	-3.18	-3.18	-3.08	-17.21	-6051
2710	-3.28	-3.28	-3.2	-4.71	-6021
2720	-3.38	-3.38	-3.28	-3.34	-6682
2730	-3.49	-3.49	-3.4	-3.6	-6704
2740	-3.59	-3.59	-3.51	-16.63	-3043
2750	-3.69	-3.69	-3.61	-16.93	-4320
2760	-3.79	-3.79	-3.73	-20.88	-2093
2770	-3.89	-3.89	-3.81	-17.52	-3671
2780	-3.96	-3.96	-3.91	-18.87	-2249
2790	-4.06	-4.06	-3.98	-16.93	-4956
2800	-4.14	-4.14	-4.08	-17.84	-3225
2810	-4.22	-4.22	-4.16	-16.09	-4186
2820	-4.3	-4.3	-4.26	-18.51	892
2830	-4.38	-4.38	-4.3	0	-7386
2840	-4.44	-4.44	-4.4	-16.09	-47
2850	-4.49	-4.49	-4.46	-10.66	-3079
2860	-4.57	-4.57	-4.51	-13.08	-4682
2870	-4.63	-4.63	-4.61	-10.9	-2072
2880	-4.67	-4.67	-4.65	-2.36	-4425
2890	-4.73	-4.73	-4.69	0	-5504
2900	-4.77	-4.77	-4.75	-12.12	-2604
2910	-4.81	-4.81	-4.79	-11.82	-1987
2920	-4.85	-4.85	-4.83	0	-4139
2930	-4.89	-4.89	-4.87	0	-4499
2940	-4.93	-4.93	-4.91	0	-3696
2950	-4.95	-4.95	-4.95	0	244
2960	-4.97	-4.97	-4.97	-1.9	-576
2970	-4.97	-4.97	-4.97	0	-378
2980	-4.99	-4.99	-4.99	0	-1987
2990	-4.99	-4.99	-4.99	0	-476
3000	-4.99	-4.99	-4.99	0	56
3010	-4.99	-4.99	-4.99	0	23
3020	-4.97	-4.97	-4.97	0.6	251
3030	-4.97	-4.97	-4.97	0	299
3040	-4.95	-4.95	-4.95	0	631
3050	-4.91	-4.91	-4.93	0	4122
3060	-4.89	-4.89	-4.91	0	2031
3070	-4.85	-4.85	-4.87	0	4060
3080	-4.81	-4.81	-4.83	0	3927
3090	-4.77	-4.77	-4.79	0	3593
3100	-4.71	-4.71	-4.73	9.53	3427
3110	-4.65	-4.65	-4.69	0	4958
3120	-4.59	-4.59	-4.63	3.08	4200
3130	-4.53	-4.53	-4.57	2.7	4383
3140	-4.46	-4.46	-4.51	2.73	6031
3150	-4.38	-4.38	-4.44	3.12	5528
3160	-4.3	-4.3	-4.36	3.09	5722
3170	-4.22	-4.22	-4.28	3.09	5814
3180	-4.12	-4.12	-4.2	3.17	6712
3190	-4.02	-4.02	-4.1	3.66	6269
3200	-3.93	-3.93	-4	3.47	6630
3210	-3.81	-3.81	-3.91	3.94	6720
3220	-3.71	-3.71	-3.79	16.36	5277
3230	-3.59	-3.59	-3.71	3.2	7276
3240	-3.47	-3.47	-3.59	11.68	7165
3250	-3.34	-3.34	-3.47	4.44	7051
3260	-3.22	-3.22	-3.32	19.63	5785
3270	-3.08	-3.08	-3.2	18.87	6403
3280	-2.94	-2.94	-3.02	25.83	887
3290	-2.81	-2.81	-2.92	18.17	7245
3300	-2.67	-2.67	-2.77	25.83	4652
3310	-2.51	-2.51	-2.63	13.63	7293
3320	-2.36	-2.36	-2.49	15.83	6963
3330	-2.22	-2.22	-2.3	23.93	3510
3340	-2.04	-2.04	-2.2	3.89	6986
3350	-1.88	-1.88	-2.02	17.84	6633
3360	-1.73	-1.73	-1.86	14.23	6624
3370	-1.55	-1.55	-1.71	16.63	7004
3380	-1.39	-1.39	-1.53	18.51	6933
3390	-1.22	-1.22	-1.37	20.44	7519
3400	-1.04	-1.04	-1.2	15.11	6659
3410	-0.86	-0.86	-1	18.51	6885
3420	-0.69	-0.69	-0.84	15.83	6715
3430	-0.51	-0.51	-0.67	12.42	6936
3440	-0.33	-0.33	-0.47	20.44	6460
3450	-0.16	-0.16	-0.29	15.11	6497
3460	0.02	0.02	-0.14	19.23	7109
3470	0.22	0.22	0.04	21.81	7217
3480	0.39	0.39	0.24	19.23	6727
3490	0.57	0.57	0.43	15.11	6971
3500	0.75	0.75	0.59	17.52	6892
3510	0.94	0.94	0.77	15.11	7116
3520	1.12	1.12	0.96	20.88	6638
3530	1.3	1.3	1.16	14.43	6394
3540	1.47	1.47	1.32	16.09	6795
3550	1.65	1.65	1.49	16.93	6424
3560	1.83	1.83	1.67	16.36	6727
3570	2	2	1.84	19.23	6711
3580	2.16	2.16	2.02	18.51	6813
3590	2.34	2.34	2.18	6.96	6613
3600	2.49	2.49	2.36	19.63	6417
3610	2.67	2.67	2.49	11.15	7538
3620	2.83	2.83	2.69	22.3	6482
3630	2.98	2.98	2.85	15.58	6520
3640	3.12	3.12	3	10.66	7067
3650	3.28	3.28	3.14	15.83	6765
3660	3.42	3.42	3.3	16.93	5872
3670	3.55	3.55	3.43	4.44	6583
3680	3.69	3.69	3.57	5.87	6665
3690	3.81	3.81	3.71	11.15	6895
3700	3.95	3.95	3.83	4.68	6474
3710	4.06	4.06	3.95	10.55	6961
3720	4.16	4.16	4.06	4.26	7152
3730	4.28	4.28	4.18	10.9	7120
3740	4.38	4.38	4.3	16.09	5466
3750	4.46	4.46	4.4	3.06	5835
3760	4.55	4.55	4.49	14.87	4416
3770	4.63	4.63	4.57	3.75	5015
3780	4.71	4.71	4.65	15.11	1997
3790	4.77	4.77	4.75	17.84	594
3800	4.83	4.83	4.79	11.42	3298
3810	4.87	4.87	4.85	2.59	3565
3820	4.93	4.93	4.89	0	5631
3830	4.95	4.95	4.93	0	2249
3840	4.99	4.99	4.97	2.21	3319
3850	5	5	4.99	0.14	3168
3860	5	5	5	0	321
3870	5	5	5	0	-18
3880	5	5	5	0	-36
3890	4.99	4.99	4.99	-0.6	-286
3900	4.97	4.97	4.97	0	-1362
3910	4.95	4.95	4.95	0	-1418
3920	4.91	4.91	4.93	0	-3804
3930	4.85	4.85	4.89	0	-5225
3940	4.79	4.79	4.83	-2.84	-4791
3950	4.73	4.73	4.77	-2.61	-4818
3960	4.65	4.65	4.71	-2.68	-5968
3970	4.57	4.57	4.65	-3	-5775
3980	4.49	4.49	4.57	-2.98	-6696
3990	4.4	4.4	4.49	-3.28	-7056
4000	4.28	4.28	4.38	-16.63	-6168
4010	4.18	4.18	4.26	-14.43	-5590
4020	4.06	4.06	4.18	-3.09	-7309
4030	3.93	3.93	4.04	-20.44	-6604
4040	3.79	3.79	3.91	-16.09	-6632
4050	3.65	3.65	3.79	-9.26	-7429
4060	3.49	3.49	3.63	-21.34	-7100
4070	3.34	3.34	3.47	-14.87	-6769
4080	3.18	3.18	3.32	-14.65	-6797
4090	3.02	3.02	3.16	-19.63	-6893
4100	2.85	2.85	3	-13.63	-7225
4110	2.67	2.67	2.83	-19.63	-6975
4120	2.47	2.47	2.63	-22.3	-6943
4130	2.28	2.28	2.43	-21.34	-6969
4140	2.08	2.08	2.24	-21.34	-6852
4150	1.88	1.88	2.04	-23.36	-6858
4160	1.69	1.69	1.84	-21.81	-6987
4170	1.47	1.47	1.65	-21.81	-7034
4180	1.28	1.28	1.43	-24.53	-6886
4190	1.06	1.06	1.24	-19.23	-7112
4200	0.84	0.84	1.02	-23.36	-6966
4210	0.63	0.63	0.79	-27.26	-6567
4220	0.39	0.39	0.57	-19.23	-7001
4230	0.18	0.18	0.33	-30.67	-6322
4240	-0.04	-0.04	0.12	-25.83	-6615
4250	-0.26	-0.26	-0.1	-22.3	-6888
4260	-0.49	-0.49	-0.31	-22.3	-6975
4270	-0.71	-0.71	-0.55	-29.74	-6326
4280	-0.92	-0.92	-0.79	-28.04	-4710
4290	-1.16	-1.16	-1	-33.84	-4063
4300	-1.37	-1.37	-1.24	-31.65	-4524
4310	-1.59	-1.59	-1.43	-28.86	-6097
4320	-1.79	-1.79	-1.63	-29.74	-6418
4330	-2	-2	-1.86	-28.86	-5919
4340	-2.22	-2.22	-2.08	-19.23	-6790
4350	-2.41	-2.41	-2.28	-22.81	-6457
4360	-2.61	-2.61	-2.45	-19.23	-7350
4370	-2.81	-2.81	-2.65	-21.81	-6925
4380	-2.98	-2.98	-2.85	-21.81	-6801
4390	-3.16	-3.16	-3.02	-23.36	-6574
4400	-3.34	-3.34	-3.2	-14.02	-6930
4410	-3.51	-3.51	-3.38	-23.36	-6686
4420	-3.67	-3.67	-3.55	-15.58	-6676
4430	-3.83	-3.83	-3.69	-13.82	-6842
4440	-3.96	-3.96	-3.85	-17.52	-6168
4450	-4.1	-4.1	-3.98	-11.96	-7200
4460	-4.24	-4.24	-4.12	-13.44	-6924
4470	-4.36	-4.36	-4.26	-15.83	-6277
4480	-4.46	-4.46	-4.36	-3.77	-6131
4490	-4.55	-4.55	-4.46	-3.78	-6719
4500	-4.65	-4.65	-4.57	-3.88	-6270
4510	-4.73	-4.73	-4.65	-3.44	-6474
4520	-4.81	-4.81	-4.75	-3.3	-5421
4530	-4.87	-4.87	-4.81	-2.94	-6311
4540	-4.91	-4.91	-4.89	0	-2812
4550	-4.95	-4.95	-4.93	-2.47	-3202
4560	-4.97	-4.97	-4.95	-0.14	-2904
4570	-4.99	-4.99	-4.97	0	-2158
4580	-4.99	-4.99	-4.99	0	-414
4590	-4.99	-4.99	-4.99	0	79
4600	-4.97	-4.97	-4.97	0.85	-23
4610	-4.93	-4.93	-4.95	0	3047
4620	-4.89	-4.89	-4.91	0	3900
4630	-4.83	-4.83	-4.89	0	5430
4640	-4.77	-4.77	-4.81	2.97	4161
4650	-4.69	-4.69	-4.75	2.56	6013
4660	-4.59	-4.59	-4.69	3.06	6609
4670	-4.49	-4.49	-4.57	4.07	6141
4680	-4.38	-4.38	-4.47	3.49	6827
4690	-4.26	-4.26	-4.36	15.34	6152
4700	-4.12	-4.12	-4.26	10.66	7072
4710	-3.98	-3.98	-4.1	23.36	6229
4720	-3.83	-3.83	-3.96	16.09	7032
4730	-3.67	-3.67	-3.81	18.17	6671
4740	-3.49	-3.49	-3.63	19.23	6820
4750	-3.32	-3.32	-3.47	16.36	7240
4760	-3.12	-3.12	-3.3	19.63	7250
4770	-2.92	-2.92	-3.06	30.67	3141
4780	-2.73	-2.73	-2.87	28.86	4678
4790	-2.51	-2.51	-2.71	20.44	7754
4800	-2.3	-2.3	-2.47	35.05	5903
4810	-2.06	-2.06	-2.22	30.67	5627
4820	-1.83	-1.83	-1.98	23.93	6771
4830	-1.59	-1.59	-1.75	26.52	6715
4840	-1.35	-1.35	-1.51	23.93	6531
4850	-1.1	-1.1	-1.32	23.36	6933
4860	-0.86	-0.86	-1.04	25.83	6666
4870	-0.61	-0.61	-0.82	24.53	6792
4880	-0.35	-0.35	-0.55	25.17	6944
4890	-0.1	-0.1	-0.29	28.04	6717
4900	0.16	0.16	-0.04	28.86	6426
4910	0.41	0.41	0.22	28.04	6852
4920	0.67	0.67	0.47	25.83	6903
4930	0.92	0.92	0.73	29.74	6651
4940	1.18	1.18	0.96	31.65	6539
4950	1.43	1.43	1.24	25.83	6739
4960	1.69	1.69	1.47	28.04	6604
4970	1.92	1.92	1.75	28.86	6641
4980	2.16	2.16	1.96	20.88	7052
4990	2.39	2.39	2.2	25.83	6881
5000	2.63	2.63	2.45	25.83	6843
5010	2.85	2.85	2.69	23.93	6775
5020	3.06	3.06	2.89	21.81	6967
5030	3.26	3.26	3.1	26.52	6544
5040	3.45	3.45	3.3	25.83	6524
5050	3.65	3.65	3.49	22.3	6838
5060	3.83	3.83	3.69	24.53	6480
5070	3.98	3.98	3.85	15.34	6516
5080	4.14	4.14	4	10.55	7406
5090	4.28	4.28	4.16	21.34	6562
5100	4.42	4.42	4.28	11.96	7012
5110	4.53	4.53	4.44	9.34	7130
5120	4.65	4.65	4.55	4	6765
5130	4.73	4.73	4.65	4.32	5771
5140	4.83	4.83	4.75	2.94	6856
5150	4.89	4.89	4.85	4.3	3154
5160	4.95	4.95	4.91	2.53	4923
5170	4.99	4.99	4.97	2.76	3096
5180	5	5	4.99	0	3676
5190	5	5	5	0	110
5200	5	5	5	0	-78
5210	4.99	4.99	4.99	-0.85	-809
5220	4.95	4.95	4.99	0	-5287
5230	4.91	4.91	4.95	-0.14	-5697
5240	4.83	4.83	4.89	0	-6242
5250	4.75	4.75	4.81	-3.33	-5623
5260	4.65	4.65	4.73	-3.2	-6594
5270	4.55	4.55	4.63	-16.93	-5622
5280	4.44	4.44	4.51	-22.3	-1888
5290	4.3	4.3	4.4	-16.36	-5667
5300	4.14	4.14	4.22	-25.83	-750
5310	3.98	3.98	4.12	-17.52	-6263
5320	3.81	3.81	3.95	-27.26	-4788
5330	3.61	3.61	3.75	-28.86	-4211
5340	3.42	3.42	3.59	-21.34	-7419
5350	3.2	3.2	3.4	-30.67	-6882
5360	2.98	2.98	3.14	-35.05	-5157
5370	2.75	2.75	2.9	-20.44	-6731
5380	2.51	2.51	2.69	-31.65	-6872
5390	2.26	2.26	2.43	-28.86	-6431
5400	2	2	2.2	-24.53	-6234
5410	1.75	1.75	1.94	-27.26	-6432
5420	1.47	1.47	1.71	-30.67	-6483
5430	1.2	1.2	1.43	-31.65	-6567
5440	0.92	0.92	1.14	-31.65	-6263
5450	0.65	0.65	0.86	-30.67	-6172
5460	0.35	0.35	0.57	-30.67	-6292
5470	0.08	0.08	0.29	-36.35	-6411
5480	-0.22	-0.22	0.02	-29.74	-6475
5490	-0.49	-0.49	-0.27	-29.74	-6255
5500	-0.79	-0.79	-0.55	-29.74	-6084
5510	-1.06	-1.06	-0.84	-32.71	-6266
5520	-1.35	-1.35	-1.12	-32.71	-6358
5530	-1.63	-1.63	-1.43	-36.35	-6894
5540	-1.9	-1.9	-1.71	-28.86	-6697
5550	-2.16	-2.16	-1.98	-29.74	-6461
5560	-2.41	-2.41	-2.22	-28.86	-6923
5570	-2.67	-2.67	-2.47	-26.52	-6752
5580	-2.9	-2.9	-2.75	-29.74	-6916
5590	-3.14	-3.14	-2.96	-25.17	-6916
5600	-3.38	-3.38	-3.2	-27.26	-7150
5610	-3.57	-3.57	-3.43	-28.04	-6308
5620	-3.77	-3.77	-3.63	-22.3	-6732
5630	-3.96	-3.96	-3.81	-22.3	-7191
5640	-4.14	-4.14	-4	-22.3	-6438
5650	-4.3	-4.3	-4.18	-21.81	-6659
5660	-4.44	-4.44	-4.32	-18.87	-6436
5670	-4.57	-4.57	-4.46	-15.83	-6733
5680	-4.67	-4.67	-4.59	-16.93	-5302
5690	-4.77	-4.77	-4.67	0	-7605
5700	-4.85	-4.85	-4.81	-20.04	-3070
5710	-4.91	-4.91	-4.87	-2.62	-4489
5720	-4.95	-4.95	-4.93	-2.9	-3076
5730	-4.99	-4.99	-4.97	-2.64	-2792
5740	-4.99	-4.99	-4.99	0	441
5750	-4.99	-4.99	-4.99	0	-1452
5760	-4.95	-4.95	-4.97	11.68	2228
5770	-4.91	-4.91	-4.93	0	4714
5780	-4.85	-4.85	-4.87	13.08	159
5790	-4.77	-4.77	-4.83	15.83	3295
5800	-4.65	-4.65	-4.75	18.17	4766
5810	-4.53	-4.53	-4.61	21.34	6006
5820	-4.42	-4.42	-4.49	18.51	5390
5830	-4.26	-4.26	-4.4	16.36	6906
5840	-4.08	-4.08	-4.2	27.26	6686
5850	-3.91	-3.91	-4.02	24.53	5853
5860	-3.71	-3.71	-3.87	20.88	6883
5870	-3.49	-3.49	-3.69	18.87	7258
5880	-3.28	-3.28	-3.45	25.83	6815
5890	-3.02	-3.02	-3.24	23.93	6905
5900	-2.79	-2.79	-2.98	28.86	6550
5910	-2.51	-2.51	-2.75	24.53	6760
5920	-2.24	-2.24	-2.47	31.65	6811
5930	-1.96	-1.96	-2.18	27.26	6476
5940	-1.67	-1.67	-1.9	28.86	6738
5950	-1.37	-1.37	-1.61	33.84	6646
5960	-1.08	-1.08	-1.32	32.71	6465
5970	-0.77	-0.77	-1.02	29.74	6474
5980	-0.45	-0.45	-0.71	35.05	6453
5990	-0.16	-0.16	-0.37	33.84	6243
6000	0.18	0.18	-0.08	31.65	6461
6010	0.49	0.49	0.24	30.67	6647
6020	0.79	0.79	0.57	35.05	6229
6030	1.1	1.1	0.86	33.84	6511
6040	1.41	1.41	1.16	31.65	6445
6050	1.71	1.71	1.47	33.84	6360
6060	2	2	1.79	30.67	6460
6070	2.3	2.3	2.08	32.71	6464
6080	2.57	2.57	2.36	28.86	6581
6090	2.85	2.85	2.63	30.67	6556
6100	3.1	3.1	2.89	29.74	6657
6110	3.34	3.34	3.14	29.74	6522
6120	3.57	3.57	3.38	21.34	7022
6130	3.79	3.79	3.61	26.52	6825
6140	3.98	3.98	3.83	23.93	6714
6150	4.18	4.18	4.02	21.81	6796
6160	4.36	4.36	4.22	23.36	6388
6170	4.49	4.49	4.4	15.83	6160
6180	4.63	4.63	4.51	12.75	6912
6190	4.75	4.75	4.65	13.44	6485
6200	4.85	4.85	4.77	3.82	6197
6210	4.91	4.91	4.85	3.63	4677
6220	4.97	4.97	4.93	2.76	4664
6230	5	5	4.99	2.75	3245
6240	5	5	5	0	-471
6250	5	5	5	0	-194
6260	4.97	4.97	4.99	-12.12	-1249
6270	4.91	4.91	4.95	-13.44	-1884
6280	4.85	4.85	4.87	-13.08	75
6290	4.75	4.75	4.81	-18.87	-1879
6300	4.63	4.63	4.73	-3.19	-7036
6310	4.49	4.49	4.59	-25.17	-5407
6320	4.34	4.34	4.46	-16.93	-6698
6330	4.16	4.16	4.32	-14.87	-6985
6340	3.96	3.96	4.14	-17.52	-7118
6350	3.75	3.75	3.95	-18.17	-7204
6360	3.51	3.51	3.71	-23.36	-7192
6370	3.28	3.28	3.45	-30.67	-6921
6380	3.02	3.02	3.24	-29.74	-6612
6390	2.75	2.75	2.96	-28.04	-6798
6400	2.45	2.45	2.69	-29.74	-6847
6410	2.16	2.16	2.39	-31.65	-6945
6420	1.84	1.84	2.08	-37.75	-7204
6430	1.53	1.53	1.77	-37.75	-6701
6440	1.22	1.22	1.43	-33.84	-6822
6450	0.88	0.88	1.12	-36.35	-6569
6460	0.55	0.55	0.79	-37.75	-7012
6470	0.2	0.2	0.45	-37.75	-6840
6480	-0.14	-0.14	0.12	-40.89	-6406
6490	-0.47	-0.47	-0.24	-44.61	-6503
6500	-0.8	-0.8	-0.59	-35.05	-6311
6510	-1.14	-1.14	-0.88	-37.75	-6403
6520	-1.47	-1.47	-1.2	-33.84	-6553
6530	-1.81	-1.81	-1.55	-39.25	-6675
6540	-2.12	-2.12	-1.88	-40.89	-6297
6550	-2.41	-2.41	-2.22	-35.05	-6311
6560	-2.71	-2.71	-2.51	-29.74	-6574
6570	-3	-3	-2.79	-31.65	-6629
6580	-3.26	-3.26	-3.06	-33.84	-6172
6590	-3.51	-3.51	-3.32	-25.17	-6772
6600	-3.75	-3.75	-3.57	-29.74	-6528
6610	-3.96	-3.96	-3.81	-25.83	-6585
6620	-4.16	-4.16	-4	-27.26	-6352
6630	-4.36	-4.36	-4.2	-21.81	-7288
6640	-4.51	-4.51	-4.4	-23.36	-6075
6650	-4.65	-4.65	-4.53	-9.72	-6902
6660	-4.77	-4.77	-4.67	-4.3	-6762
6670	-4.85	-4.85	-4.79	-4.13	-4798
6680	-4.93	-4.93	-4.87	-3.03	-5453
6690	-4.97	-4.97	-4.93	0	-4876
6700	-4.99	-4.99	-4.97	0	-2561
6710	-4.99	-4.99	-4.99	0.14	320
6720	-4.95	-4.95	-4.97	13.08	1519
6730	-4.91	-4.91	-4.93	0	4056
6740	-4.83	-4.83	-4.91	0	6465
6750	-4.73	-4.73	-4.81	14.43	6048
6760	-4.59	-4.59	-4.71	3.45	6896
6770	-4.44	-4.44	-4.57	17.52	6942
6780	-4.28	-4.28	-4.42	14.43	7023
6790	-4.08	-4.08	-4.24	24.53	6446
6800	-3.87	-3.87	-4.02	32.71	6664
6810	-3.63	-3.63	-3.83	25.83	6947
6820	-3.38	-3.38	-3.57	31.65	6532
6830	-3.1	-3.1	-3.32	27.26	6827
6840	-2.81	-2.81	-3.06	24.53	6828
6850	-2.51	-2.51	-2.77	36.35	6829
6860	-2.2	-2.2	-2.45	29.74	6489
6870	-1.86	-1.86	-2.14	35.05	6447
6880	-1.53	-1.53	-1.81	36.35	6543
6890	-1.18	-1.18	-1.45	39.25	6350
6900	-0.82	-0.82	-1.1	37.75	6275
6910	-0.47	-0.47	-0.75	37.75	6374
6920	-0.1	-0.1	-0.39	39.25	6327
6930	0.26	0.26	-0.02	39.25	6216
6940	0.63	0.63	0.33	35.05	6153
6950	0.98	0.98	0.71	39.25	6171
6960	1.33	1.33	1.08	35.05	6136
6970	1.69	1.69	1.41	35.05	6361
6980	2.02	2.02	1.75	35.05	6358
6990	2.36	2.36	2.1	35.05	6365
7000	2.67	2.67	2.43	32.71	6371
7010	2.96	2.96	2.73	35.05	6447
7020	3.26	3.26	3.02	30.67	6630
7030	3.53	3.53	3.3	32.71	6481
7040	3.79	3.79	3.59	27.26	6522
7050	4	4	3.85	25.17	6299
7060	4.22	4.22	4.06	20.04	6950
7070	4.42	4.42	4.26	21.81	6575
7080	4.57	4.57	4.44	17.52	6488
7090	4.71	4.71	4.59	13.82	6120
7100	4.83	4.83	4.73	15.11	5950
7110	4.91	4.91	4.85	3.97	4691
7120	4.97	4.97	4.91	3	5217
7130	5	5	4.99	2.87	2529
7140	5	5	5	0	-775
7150	4.99	4.99	4.99	0	-81
7160	4.93	4.93	4.97	0	-5754
7170	4.85	4.85	4.91	-11.27	-6184
7180	4.75	4.75	4.83	-2.86	-7339
7190	4.61	4.61	4.73	-3.8	-6891
7200	4.46	4.46	4.59	-10.9	-7420
7210	4.26	4.26	4.44	-11.54	-7371
7220	4.06	4.06	4.22	-21.34	-6623
7230	3.83	3.83	4.02	-21.34	-6689
7240	3.57	3.57	3.79	-23.93	-6734
7250	3.28	3.28	3.51	-33.84	-7013
7260	2.98	2.98	3.2	-33.84	-6920
7270	2.67	2.67	2.9	-31.65	-6672
7280	2.36	2.36	2.59	-31.65	-6751
7290	2	2	2.26	-33.84	-6844
7300	1.65	1.65	1.9	-40.89	-6335
7310	1.28	1.28	1.53	-44.61	-5516
7320	0.9	0.9	1.12	-42.66	-3167
7330	0.53	0.53	0.75	-42.66	-3185
7340	0.14	0.14	0.45	-35.05	-6433
7350	-0.24	-0.24	0.12	-49.07	-7402
7360	-0.63	-0.63	-0.37	-46.73	-5437
7370	-1	-1	-0.73	-51.64	-6366
7380	-1.37	-1.37	-1.16	-44.61	-5778
7390	-1.75	-1.75	-1.57	-40.89	-5861
7400	-2.1	-2.1	-1.9	-37.75	-6179
7410	-2.45	-2.45	-2.22	-35.05	-6650
7420	-2.79	-2.79	-2.53	-29.74	-6467
7430	-3.1	-3.1	-2.87	-35.05	-6431
7440	-3.4	-3.4	-3.18	-31.65	-6378
7450	-3.67	-3.67	-3.47	-27.26	-6487
7460	-3.93	-3.93	-3.75	-26.52	-6592
7470	-4.14	-4.14	-3.98	-22.81	-6620
7480	-4.36	-4.36	-4.2	-22.3	-6894
7490	-4.53	-4.53	-4.4	-21.34	-6752
7500	-4.69	-4.69	-4.57	-14.65	-6927
7510	-4.81	-4.81	-4.71	-13.44	-5761
7520	-4.89	-4.89	-4.81	-3.49	-5843
7530	-4.97	-4.97	-4.89	-3	-5996
7540	-4.99	-4.99	-4.97	0	-1689
7550	-4.99	-4.99	-4.97	0	-3133
7560	-4.95	-4.95	-4.97	11.27	1421
7570	-4.89	-4.89	-4.93	0	5327
7580	-4.79	-4.79	-4.87	0	6912
7590	-4.67	-4.67	-4.77	3.83	6903
7600	-4.51	-4.51	-4.65	17.21	7263
7610	-4.34	-4.34	-4.49	19.63	7338
7620	-4.12	-4.12	-4.32	20.44	7198
7630	-3.89	-3.89	-4.08	27.26	6828
7640	-3.63	-3.63	-3.85	27.26	6823
7650	-3.34	-3.34	-3.59	31.65	6669
7660	-3.02	-3.02	-3.3	32.71	6703
7670	-2.71	-2.71	-2.96	35.05	6454
7680	-2.36	-2.36	-2.65	35.05	6297
7690	-2	-2	-2.3	39.25	6579
7700	-1.61	-1.61	-1.92	42.66	6286
7710	-1.24	-1.24	-1.51	42.66	6166
7720	-0.84	-0.84	-1.12	42.66	5967
7730	-0.43	-0.43	-0.71	39.25	6157
7740	-0.04	-0.04	-0.33	42.66	6279
7750	0.37	0.37	0.08	39.25	6028
7760	0.79	0.79	0.47	42.66	6028
7770	1.18	1.18	0.88	37.75	5993
7780	1.57	1.57	1.3	40.89	6158
7790	1.94	1.94	1.67	42.66	6168
7800	2.32	2.32	2.1	39.25	4729
7810	2.67	2.67	2.47	44.61	3106
7820	3.02	3.02	2.81	39.25	4112
7830	3.34	3.34	3.14	42.66	3795
7840	3.63	3.63	3.43	36.35	5063
7850	3.91	3.91	3.71	36.35	7077
7860	4.14	4.14	3.95	29.74	6307
7870	4.36	4.36	4.2	40.89	4294
7880	4.55	4.55	4.46	36.35	2590
7890	4.71	4.71	4.63	22.3	5392
7900	4.83	4.83	4.73	3.45	6795
7910	4.93	4.93	4.85	13.08	6059
7920	4.99	4.99	4.95	3.31	3994
7930	5	5	4.99	0	2605
7940	5	5	5	2.06	-618
7950	4.95	4.95	4.99	-14.23	-4595
7960	4.87	4.87	4.93	-10.9	-5522
7970	4.77	4.77	4.85	-3.01	-7242
7980	4.61	4.61	4.75	-3.61	-7162
7990	4.44	4.44	4.59	-19.63	-7397
8000	4.24	4.24	4.4	-24.53	-6614
8010	3.98	3.98	4.2	-21.34	-6940
8020	3.73	3.73	3.96	-24.53	-6547
8030	3.43	3.43	3.69	-33.84	-7050
8040	3.12	3.12	3.38	-32.71	-6815
8050	2.77	2.77	3.06	-36.35	-6709
8060	2.41	2.41	2.71	-36.35	-6566
8070	2.02	2.02	2.34	-39.25	-6368
8080	1.63	1.63	1.94	-46.73	-6632
8090	1.24	1.24	1.51	-42.66	-6145
8100	0.82	0.82	1.12	-42.66	-6380
8110	0.39	0.39	0.73	-36.35	-6256
8120	-0.04	-0.04	0.31	-42.66	-6327
8130	-0.45	-0.45	-0.12	-46.73	-5542
8140	-0.88	-0.88	-0.61	-51.64	-5989
8150	-1.3	-1.3	-1.02	-42.66	-5830
8160	-1.71	-1.71	-1.43	-40.89	-5936
8170	-2.1	-2.1	-1.83	-46.73	-6175
8180	-2.47	-2.47	-2.22	-40.89	-6255
8190	-2.85	-2.85	-2.59	-33.84	-6374
8200	-3.18	-3.18	-2.92	-36.35	-6273
8210	-3.49	-3.49	-3.26	-33.84	-6456
8220	-3.79	-3.79	-3.57	-30.67	-6558
8230	-4.06	-4.06	-3.87	-28.04	-6562
8240	-4.3	-4.3	-4.12	-29.74	-6214
8250	-4.49	-4.49	-4.36	-23.36	-6254
8260	-4.67	-4.67	-4.53	-17.52	-6678
8270	-4.81	-4.81	-4.71	-19.63	-6226
8280	-4.91	-4.91	-4.81	-3.71	-6556
8290	-4.97	-4.97	-4.93	-15.83	-1147
8300	-4.99	-4.99	-4.99	-2.26	1476
8310	-4.99	-4.99	-4.99	0	-429
8320	-4.93	-4.93	-4.95	13.63	3952
8330	-4.85	-4.85	-4.91	0	6286
8340	-4.71	-4.71	-4.83	12.42	7211
8350	-4.55	-4.55	-4.69	16.63	6424
8360	-4.36	-4.36	-4.53	14.87	7061
8370	-4.12	-4.12	-4.34	26.52	6875
8380	-3.87	-3.87	-4.08	27.26	6821
8390	-3.57	-3.57	-3.81	29.74	6652
8400	-3.26	-3.26	-3.51	31.65	6647
8410	-2.9	-2.9	-3.2	33.84	6541
8420	-2.53	-2.53	-2.83	37.75	6505
8430	-2.14	-2.14	-2.45	42.66	6466
8440	-1.75	-1.75	-2.06	36.35	6164
8450	-1.32	-1.32	-1.67	39.25	6290
8460	-0.88	-0.88	-1.24	44.61	6101
8470	-0.45	-0.45	-0.79	44.61	5840
8480	0	0	-0.33	46.73	5961
8490	0.43	0.43	0.12	44.61	5911
8500	0.88	0.88	0.55	46.73	6005
8510	1.32	1.32	1	46.73	5910
8520	1.75	1.75	1.43	46.73	5971
8530	2.16	2.16	1.86	42.66	6007
8540	2.55	2.55	2.28	40.89	5960
8550	2.92	2.92	2.65	39.25	6101
8560	3.28	3.28	3.02	40.89	6157
8570	3.59	3.59	3.4	39.25	5950
8580	3.91	3.91	3.71	28.86	6223
8590	4.16	4.16	3.98	28.04	6489
8600	4.4	4.4	4.22	22.81	6501
8610	4.59	4.59	4.44	20.88	6791
8620	4.75	4.75	4.63	21.81	6188
8630	4.89	4.89	4.77	14.23	6917
8640	4.97	4.97	4.89	10.02	5461
8650	5	5	4.97	0	4569
8660	5	5	4.99	0	2511
8670	4.97	4.97	4.97	-8.12	-865
8680	4.89	4.89	4.95	0	-7181
8690	4.77	4.77	4.87	-10.55	-6940
8700	4.59	4.59	4.75	-18.51	-7285
8710	4.4	4.4	4.57	-20.88	-7198
8720	4.16	4.16	4.36	-21.81	-6883
8730	3.89	3.89	4.14	-25.83	-6947
8740	3.59	3.59	3.85	-30.67	-6561
8750	3.26	3.26	3.53	-31.65	-6216
8760	2.9	2.9	3.2	-36.35	-6032
8770	2.51	2.51	2.83	-36.35	-5863
8780	2.1	2.1	2.45	-40.89	-5974
8790	1.67	1.67	2.04	-42.66	-5898
8800	1.24	1.24	1.53	-54.52	-4016
8810	0.79	0.79	1.04	-49.07	-4441
8820	0.31	0.31	0.67	-39.25	-6185
8830	-0.14	-0.14	0.26	-49.07	-6557
8840	-0.61	-0.61	-0.26	-51.64	-5366
8850	-1.06	-1.06	-0.79	-51.64	-5739
8860	-1.51	-1.51	-1.26	-51.64	-4985
8870	-1.94	-1.94	-1.63	-42.66	-5585
8880	-2.36	-2.36	-2.08	-44.61	-5477
8890	-2.77	-2.77	-2.49	-44.61	-5741
8900	-3.14	-3.14	-2.89	-35.05	-5693
8910	-3.47	-3.47	-3.24	-37.75	-5739
8920	-3.81	-3.81	-3.57	-33.84	-5984
8930	-4.08	-4.08	-3.89	-31.65	-6154
8940	-4.34	-4.34	-4.16	-25.83	-6037
8950	-4.55	-4.55	-4.4	-21.34	-6513
8960	-4.73	-4.73	-4.61	-23.93	-6073
8970	-4.85	-4.85	-4.77	-16.09	-5739
8980	-4.95	-4.95	-4.87	-3.49	-6041
8990	-4.99	-4.99	-4.97	-3.38	-3734
9000	-4.99	-4.99	-4.97	0	-2241
9010	-4.95	-4.95	-4.97	11.82	2745
9020	-4.85	-4.85	-4.95	0	7377
9030	-4.71	-4.71	-4.83	14.87	6680
9040	-4.55	-4.55	-4.69	14.02	6728
9050	-4.34	-4.34	-4.53	14.23	6783
9060	-4.08	-4.08	-4.32	25.17	6549
9070	-3.79	-3.79	-4.04	28.04	6225
9080	-3.45	-3.45	-3.75	29.74	6190
9090	-3.1	-3.1	-3.42	36.35	6078
9100	-2.71	-2.71	-3.04	42.66	6142
9110	-2.3	-2.3	-2.61	44.61	5925
9120	-1.86	-1.86	-2.18	42.66	5551
9130	-1.41	-1.41	-1.75	49.07	5439
9140	-0.94	-0.94	-1.28	51.64	5939
9150	-0.47	-0.47	-0.79	49.07	5825
9160	0	0	-0.29	46.73	5652
9170	0.49	0.49	0.18	46.73	5729
9180	0.96	0.96	0.63	49.07	5875
9190	1.43	1.43	1.1	49.07	5870
9200	1.88	1.88	1.57	51.64	6029
9210	2.32	2.32	2.04	49.07	5792
9220	2.73	2.73	2.47	49.07	5855
9230	3.12	3.12	2.87	44.61	6094
9240	3.49	3.49	3.24	37.75	6139
9250	3.83	3.83	3.59	35.05	6213
9260	4.12	4.12	3.95	37.75	6005
9270	4.38	4.38	4.24	30.67	5813
9280	4.59	4.59	4.46	28.04	6401
9290	4.77	4.77	4.65	22.3	5288
9300	4.89	4.89	4.81	23.93	2256
9310	4.97	4.97	4.93	17.21	2627
9320	5	5	4.97	3.64	3024
9330	5	5	5	0	-992
9340	4.93	4.93	4.99	0	-7066
9350	4.83	4.83	4.91	-15.11	-6433
9360	4.67	4.67	4.81	-3.72	-7131
9370	4.47	4.47	4.65	-18.51	-7243
9380	4.24	4.24	4.44	-24.53	-7068
9390	3.95	3.95	4.2	-25.17	-6996
9400	3.63	3.63	3.91	-36.35	-6749
9410	3.28	3.28	3.57	-35.05	-6861
9420	2.89	2.89	3.22	-37.75	-6604
9430	2.47	2.47	2.81	-46.73	-6528
9440	2.02	2.02	2.37	-44.61	-6171
9450	1.57	1.57	1.92	-44.61	-6178
9460	1.08	1.08	1.45	-46.73	-6077
9470	0.59	0.59	0.98	-46.73	-6151
9480	0.1	0.1	0.47	-54.52	-5805
9490	-0.39	-0.39	-0.04	-46.73	-5894
9500	-0.88	-0.88	-0.55	-49.07	-5573
9510	-1.37	-1.37	-1.02	-49.07	-5952
9520	-1.84	-1.84	-1.51	-46.73	-5937
9530	-2.3	-2.3	-1.96	-46.73	-6003
9540	-2.73	-2.73	-2.41	-49.07	-6024
9550	-3.14	-3.14	-2.87	-42.66	-5914
9560	-3.51	-3.51	-3.28	-42.66	-5952
9570	-3.85	-3.85	-3.63	-39.25	-6059
9580	-4.14	-4.14	-3.95	-28.04	-6343
9590	-4.4	-4.4	-4.22	-26.52	-6638
9600	-4.61	-4.61	-4.46	-21.81	-6415
9610	-4.79	-4.79	-4.65	-22.81	-6337
9620	-4.91	-4.91	-4.81	-9.53	-6197
9630	-4.97	-4.97	-4.91	-3.39	-4795
9640	-4.99	-4.99	-4.97	0	-2723
9650	-4.97	-4.97	-4.97	0	1356
9660	-4.87	-4.87	-4.95	0	7433
9670	-4.75	-4.75	-4.85	3.72	6829
9680	-4.55	-4.55	-4.73	4.52	6475
9690	-4.34	-4.34	-4.53	19.63	6786
9700	-4.06	-4.06	-4.32	22.3	6553
9710	-3.73	-3.73	-4.04	33.84	6450
9720	-3.38	-3.38	-3.69	37.75	6185
9730	-2.98	-2.98	-3.32	37.75	5854
9740	-2.57	-2.57	-2.92	42.66	5717
9750	-2.12	-2.12	-2.49	42.66	5847
9760	-1.65	-1.65	-2.04	49.07	6046
9770	-1.16	-1.16	-1.53	51.64	5857
9780	-0.65	-0.65	-1.02	61.33	5647
9790	-0.14	-0.14	-0.49	51.64	5668
9800	0.37	0.37	0.12	54.52	2885
9810	0.88	0.88	0.65	51.64	4680
9820	1.37	1.37	1.02	46.73	6097
9830	1.86	1.86	1.45	57.72	6431
9840	2.34	2.34	2	61.33	5064
9850	2.79	2.79	2.57	51.64	3604
9860	3.2	3.2	2.96	49.07	5540
9870	3.57	3.57	3.36	42.66	3736
9880	3.93	3.93	3.67	37.75	6132
9890	4.22	4.22	4.02	35.05	6185
9900	4.47	4.47	4.32	29.74	6029
9910	4.69	4.69	4.53	20.44	6560
9920	4.85	4.85	4.73	25.83	4989
9930	4.95	4.95	4.87	3.88	6308
9940	5	5	4.97	3.27	4224
9950	5	5	4.99	0	1266
9960	4.95	4.95	4.97	-12.12	-3733
9970	4.85	4.85	4.95	0	-7645
9980	4.67	4.67	4.83	-15.58	-7410
9990	4.46	4.46	4.65	-19.23	-7322
10000	4.2	4.2	4.42	-25.83	-7396
10010	3.89	3.89	4.16	-30.67	-6984
10020	3.55	3.55	3.85	-33.84	-6847
10030	3.16	3.16	3.47	-35.05	-6576
10040	2.73	2.73	3.08	-40.89	-6388
10050	2.28	2.28	2.65	-49.07	-6462
10060	1.79	1.79	2.18	-54.52	-6266
10070	1.3	1.3	1.67	-51.64	-6166
10080	0.77	0.77	1.16	-54.52	-5995
10090	0.26	0.26	0.65	-51.64	-5995
10100	-0.27	-0.27	0.14	-54.52	-5974
10110	-0.8	-0.8	-0.37	-51.64	-5998
10120	-1.32	-1.32	-0.92	-54.52	-6035
10130	-1.83	-1.83	-1.47	-61.33	-5666
10140	-2.32	-2.32	-2	-57.72	-5650
10150	-2.77	-2.77	-2.51	-46.73	-5182
10160	-3.2	-3.2	-2.94	-44.61	-5611
10170	-3.57	-3.57	-3.36	-44.61	-5642
10180	-3.93	-3.93	-3.69	-33.84	-6229
10190	-4.24	-4.24	-4.02	-36.35	-6420
10200	-4.49	-4.49	-4.34	-31.65	-5723
10210	-4.69	-4.69	-4.57	-23.93	-5774
10220	-4.85	-4.85	-4.73	-12.75	-6980
10230	-4.95	-4.95	-4.87	-15.58	-5620
10240	-4.99	-4.99	-4.95	-3.11	-3251
10250	-4.97	-4.97	-4.97	8.68	-1199
10260	-4.89	-4.89	-4.95	13.44	6607
10270	-4.77	-4.77	-4.87	0	7034
10280	-4.57	-4.57	-4.75	17.84	7337
10290	-4.34	-4.34	-4.55	24.53	6951
10300	-4.04	-4.04	-4.26	36.35	6259
10310	-3.71	-3.71	-3.95	36.35	6348
10320	-3.32	-3.32	-3.59	42.66	6936
10330	-2.9	-2.9	-3.16	49.07	3476
10340	-2.45	-2.45	-2.79	42.66	7372
10350	-1.96	-1.96	-2.3	54.52	5526
10360	-1.45	-1.45	-1.81	51.64	5891
10370	-0.92	-0.92	-1.28	51.64	6346
10380	-0.39	-0.39	-0.75	61.33	5848
10390	0.16	0.16	-0.29	54.52	5137
10400	0.71	0.71	0.18	70.09	6867
10410	1.24	1.24	0.77	75.49	4793
10420	1.75	1.75	1.33	75.49	3964
10430	2.26	2.26	2	65.43	3148
10440	2.73	2.73	2.53	49.07	4518
10450	3.18	3.18	2.96	44.61	5584
10460	3.57	3.57	3.34	39.25	6143
10470	3.95	3.95	3.67	32.71	6185
10480	4.26	4.26	4	36.35	6315
10490	4.51	4.51	4.34	33.84	5188
10500	4.73	4.73	4.61	26.52	5726
10510	4.89	4.89	4.79	19.23	6529
10520	4.97	4.97	4.93	16.09	2608
10530	5	5	4.99	11.02	1589
10540	4.99	4.99	4.99	0	-1327
10550	4.89	4.89	4.97	0	-7673
10560	4.75	4.75	4.87	-12.42	-7262
10570	4.55	4.55	4.73	-13.27	-7269
10580	4.28	4.28	4.53	-20.44	-7225
10590	3.96	3.96	4.24	-33.84	-6952
10600	3.61	3.61	3.91	-33.84	-6642
10610	3.2	3.2	3.55	-36.35	-6570
10620	2.75	2.75	3.14	-39.25	-6376
10630	2.28	2.28	2.67	-49.07	-6191
10640	1.77	1.77	2.18	-54.52	-6208
10650	1.24	1.24	1.63	-54.52	-5995
10660	0.69	0.69	1.08	-61.33	-6292
10670	0.12	0.12	0.49	-61.33	-5649
10680	-0.43	-0.43	-0.06	-57.72	-5970
10690	-0.98	-0.98	-0.63	-51.64	-5669
10700	-1.53	-1.53	-1.16	-65.43	-5983
10710	-2.04	-2.04	-1.71	-61.33	-6383
10720	-2.55	-2.55	-2.24	-54.52	-5807
10730	-3.02	-3.02	-2.73	-51.64	-5481
10740	-3.43	-3.43	-3.2	-49.07	-5544
10750	-3.83	-3.83	-3.59	-37.75	-6192
10760	-4.16	-4.16	-3.96	-40.89	-6155
10770	-4.46	-4.46	-4.28	-36.35	-6112
10780	-4.67	-4.67	-4.55	-29.74	-5540
10790	-4.85	-4.85	-4.75	-22.81	-6606
10800	-4.95	-4.95	-4.93	-16.63	2650
10810	-4.99	-4.99	-4.95	-2.31	-4197
10820	-4.97	-4.97	-4.97	0	1861
10830	-4.89	-4.89	-4.95	0	6632
10840	-4.73	-4.73	-4.87	13.82	7510
10850	-4.53	-4.53	-4.69	17.52	7007
10860	-4.26	-4.26	-4.51	20.44	7063
10870	-3.93	-3.93	-4.22	39.25	7011
10880	-3.55	-3.55	-3.85	39.25	6720
10890	-3.14	-3.14	-3.45	46.73	6631
10900	-2.67	-2.67	-3.06	37.75	6256
10910	-2.18	-2.18	-2.59	49.07	6091
10920	-1.65	-1.65	-2.1	57.72	6106
10930	-1.1	-1.1	-1.55	54.52	5649
10940	-0.53	-0.53	-0.96	61.33	5412
10950	0.04	0.04	-0.37	61.33	5303
10960	0.61	0.61	0.24	61.33	5210
10970	1.18	1.18	0.8	57.72	5289
10980	1.73	1.73	1.37	61.33	5375
10990	2.26	2.26	1.9	57.72	5601
11000	2.75	2.75	2.41	49.07	5784
11010	3.22	3.22	2.9	46.73	5675
11020	3.63	3.63	3.34	46.73	5697
11030	4	4	3.75	40.89	5878
11040	4.34	4.34	4.12	33.84	6054
11050	4.59	4.59	4.44	30.67	5647
11060	4.79	4.79	4.67	23.36	5576
11070	4.93	4.93	4.83	15.83	5468
11080	5	5	4.95	11.02	4702
11090	5	5	4.99	0	1668
11100	4.95	4.95	4.97	-12.91	-3780
11110	4.81	4.81	4.93	0	-7601
11120	4.61	4.61	4.79	-18.51	-7612
11130	4.36	4.36	4.59	-20.04	-7291
11140	4.04	4.04	4.32	-29.74	-6937
11150	3.67	3.67	4	-31.65	-6891
11160	3.24	3.24	3.61	-44.61	-6675
11170	2.77	2.77	3.16	-49.07	-6287
11180	2.28	2.28	2.67	-49.07	-6196
11190	1.73	1.73	2.16	-51.64	-5939
11200	1.18	1.18	1.63	-54.52	-5911
11210	0.59	0.59	1.06	-61.33	-5958
11220	0	0	0.45	-61.33	-5480
11230	-0.57	-0.57	-0.14	-65.43	-5736
11240	-1.16	-1.16	-0.73	-57.72	-5490
11250	-1.73	-1.73	-1.33	-61.33	-5637
11260	-2.26	-2.26	-1.92	-54.52	-5480
11270	-2.77	-2.77	-2.45	-57.72	-5335
11280	-3.24	-3.24	-2.94	-49.07	-5616
11290	-3.67	-3.67	-3.42	-51.64	-5698
11300	-4.04	-4.04	-3.89	-46.73	-1410
11310	-4.36	-4.36	-4.26	-37.75	62
11320	-4.61	-4.61	-4.46	-21.81	-6807
11330	-4.81	-4.81	-4.67	-33.84	-5327
11340	-4.93	-4.93	-4.89	-17.21	-2303
11350	-4.99	-4.99	-4.93	0	-5131
11360	-4.97	-4.97	-4.95	10.55	-1389
11370	-4.89	-4.89	-4.95	13.08	6700
11380	-4.73	-4.73	-4.87	0	7634
11390	-4.51	-4.51	-4.71	19.63	7115
11400	-4.22	-4.22	-4.47	21.81	6576
11410	-3.87	-3.87	-4.18	33.84	6337
11420	-3.47	-3.47	-3.83	39.25	6400
11430	-3.02	-3.02	-3.42	37.75	5879
11440	-2.51	-2.51	-2.96	46.73	5637
11450	-1.98	-1.98	-2.43	57.72	5736
11460	-1.41	-1.41	-1.86	57.72	5895
11470	-0.84	-0.84	-1.26	61.33	5445
11480	-0.24	-0.24	-0.65	61.33	5281
11490	0.35	0.35	-0.04	65.43	5302
11500	0.96	0.96	0.55	61.33	5229
11510	1.55	1.55	1.14	61.33	5372
11520	2.1	2.1	1.75	65.43	5387
11530	2.63	2.63	2.3	54.52	5118
11540	3.12	3.12	2.81	51.64	5667
11550	3.57	3.57	3.3	49.07	5605
11560	3.98	3.98	3.71	46.73	5764
11570	4.32	4.32	4.12	39.25	5669
11580	4.59	4.59	4.46	36.35	5417
11590	4.81	4.81	4.69	25.17	5820
11600	4.95	4.95	4.85	12.91	5832
11610	5	5	4.97	3.3	3994
11620	5	5	4.99	0	2871
11630	4.91	4.91	4.97	-12.58	-6754
11640	4.77	4.77	4.89	0	-7004
11650	4.53	4.53	4.75	-21.34	-7620
11660	4.24	4.24	4.51	-29.74	-7327
11670	3.89	3.89	4.2	-33.84	-6817
11680	3.47	3.47	3.83	-37.75	-6500
11690	3	3	3.42	-42.66	-6649
11700	2.49	2.49	2.96	-51.64	-6371
11710	1.94	1.94	2.43	-54.52	-6180
11720	1.37	1.37	1.84	-57.72	-6097
11730	0.77	0.77	1.24	-70.09	-5627
11740	0.16	0.16	0.61	-61.33	-5516
11750	-0.45	-0.45	-0.02	-65.43	-5355
11760	-1.06	-1.06	-0.63	-70.09	-5565
11770	-1.67	-1.67	-1.24	-65.43	-5546
11780	-2.24	-2.24	-1.83	-57.72	-5477
11790	-2.77	-2.77	-2.49	-65.43	-2962
11800	-3.26	-3.26	-3.06	-57.72	-824
11810	-3.69	-3.69	-3.49	-46.73	-4065
11820	-4.08	-4.08	-3.87	-37.75	-5967
11830	-4.4	-4.4	-4.2	-39.25	-5315
11840	-4.67	-4.67	-4.51	-29.74	-6231
11850	-4.85	-4.85	-4.77	-25.17	-3805
11860	-4.97	-4.97	-4.91	-4.4	-5490
11870	-4.99	-4.99	-4.97	-0.14	-2102
11880	-4.95	-4.95	-4.97	13.82	1641
11890	-4.83	-4.83	-4.93	15.11	7104
11900	-4.63	-4.63	-4.81	15.11	7321
11910	-4.36	-4.36	-4.59	28.04	6905
11920	-4.02	-4.02	-4.32	30.67	6724
11930	-3.63	-3.63	-3.98	39.25	6587
11940	-3.18	-3.18	-3.57	44.61	6259
11950	-2.67	-2.67	-3.1	57.72	6023
11960	-2.12	-2.12	-2.57	65.43	6036
11970	-1.53	-1.53	-1.98	65.43	5748
11980	-0.92	-0.92	-1.39	65.43	5420
11990	-0.29	-0.29	-0.77	65.43	5338
12000	0.31	0.31	-0.14	65.43	5244
12010	0.94	0.94	0.49	65.43	5106
12020	1.55	1.55	1.12	65.43	5164
12030	2.14	2.14	1.73	61.33	5408
12040	2.69	2.69	2.34	61.33	5347
12050	3.2	3.2	2.89	54.52	5452
12060	3.67	3.67	3.4	49.07	5428
12070	4.06	4.06	3.85	46.73	4805
12080	4.4	4.4	4.2	36.35	5719
12090	4.67	4.67	4.49	32.71	5780
12100	4.87	4.87	4.75	28.04	5731
12110	4.97	4.97	4.91	15.58	3598
12120	5	5	4.97	0	3680
12130	4.97	4.97	4.99	-18.17	-3985
12140	4.85	4.85	4.97	0	-7409
12150	4.63	4.63	4.83	-18.17	-7275
12160	4.36	4.36	4.61	-26.52	-7068
12170	4	4	4.32	-30.67	-7042
12180	3.59	3.59	3.96	-39.25	-6970
12190	3.12	3.12	3.55	-42.66	-6515
12200	2.59	2.59	3.06	-51.64	-6457
12210	2.02	2.02	2.51	-57.72	-6171
12220	1.43	1.43	1.9	-61.33	-5789
12230	0.8	0.8	1.3	-65.43	-5633
12240	0.18	0.18	0.65	-65.43	-5488
12250	-0.47	-0.47	0.02	-65.43	-5334
12260	-1.1	-1.1	-0.63	-75.49	-5633
12270	-1.73	-1.73	-1.28	-70.09	-5814
12280	-2.32	-2.32	-1.9	-65.43	-5203
12290	-2.87	-2.87	-2.67	-70.09	115
12300	-3.36	-3.36	-3.22	-54.52	-1336
12310	-3.81	-3.81	-3.63	-44.61	-4878
12320	-4.2	-4.2	-3.93	-37.75	-6479
12330	-4.51	-4.51	-4.3	-49.07	-5458
12340	-4.75	-4.75	-4.69	-37.75	246
12350	-4.91	-4.91	-4.91	-13.63	-2903
12360	-4.99	-4.99	-4.95	-0.14	-5977
12370	-4.99	-4.99	-4.99	0	-264
12380	-4.89	-4.89	-4.97	14.87	7076
12390	-4.71	-4.71	-4.87	14.02	7372
12400	-4.46	-4.46	-4.67	28.04	7014
12410	-4.14	-4.14	-4.42	24.53	6859
12420	-3.75	-3.75	-4.08	36.35	6616
12430	-3.28	-3.28	-3.69	44.61	6289
12440	-2.77	-2.77	-3.2	49.07	5968
12450	-2.2	-2.2	-2.67	51.64	5962
12460	-1.59	-1.59	-2.06	61.33	5557
12470	-0.96	-0.96	-1.47	65.43	5672
12480	-0.31	-0.31	-0.8	61.33	5203
12490	0.33	0.33	-0.14	65.43	5020
12500	0.98	0.98	0.51	65.43	5092
12510	1.61	1.61	1.16	65.43	5117
12520	2.22	2.22	1.79	61.33	5134
12530	2.79	2.79	2.41	61.33	5253
12540	3.32	3.32	3	65.43	5263
12550	3.77	3.77	3.53	51.64	4456
12560	4.18	4.18	3.98	40.89	4933
12570	4.49	4.49	4.36	33.84	4989
12580	4.75	4.75	4.61	25.83	6199
12590	4.93	4.93	4.83	19.23	6013
12600	5	5	4.97	15.11	2542
12610	5	5	5	-3.77	364
12620	4.91	4.91	4.99	-13.82	-6968
12630	4.73	4.73	4.89	-12.12	-7482
12640	4.47	4.47	4.71	-20.88	-7350
12650	4.14	4.14	4.44	-29.74	-7081
12660	3.73	3.73	4.1	-39.25	-6696
12670	3.24	3.24	3.67	-46.73	-6689
12680	2.71	2.71	3.18	-54.52	-6119
12690	2.14	2.14	2.63	-54.52	-6269
12700	1.51	1.51	2.04	-65.43	-5940
12710	0.86	0.86	1.41	-65.43	-5704
12720	0.2	0.2	0.75	-65.43	-5399
12730	-0.47	-0.47	0.08	-75.49	-5161
12740	-1.12	-1.12	-0.61	-65.43	-5276
12750	-1.77	-1.77	-1.28	-65.43	-5153
12760	-2.36	-2.36	-1.92	-57.72	-5371
12770	-2.92	-2.92	-2.55	-54.52	-5386
12780	-3.43	-3.43	-3.12	-61.33	-5020
12790	-3.89	-3.89	-3.67	-51.64	-4559
12800	-4.28	-4.28	-4.14	-44.61	-1676
12810	-4.59	-4.59	-4.47	-40.89	-2009
12820	-4.81	-4.81	-4.75	-29.74	1266
12830	-4.95	-4.95	-4.85	-17.52	-7211
12840	-4.99	-4.99	-4.97	-5.12	1783
12850	-4.95	-4.95	-4.93	11.15	-3193
12860	-4.81	-4.81	-4.93	0	7778
12870	-4.59	-4.59	-4.77	28.04	7632
12880	-4.3	-4.3	-4.51	32.71	6668
12890	-3.91	-3.91	-4.22	29.74	6496
12900	-3.45	-3.45	-3.85	49.07	7321
12910	-2.94	-2.94	-3.38	51.64	6688
12920	-2.36	-2.36	-2.87	54.52	5837
12930	-1.75	-1.75	-2.28	61.33	5927
12940	-1.1	-1.1	-1.63	61.33	5370
12950	-0.43	-0.43	-0.98	65.43	5063
12960	0.26	0.26	-0.29	75.49	5027
12970	0.92	0.92	0.37	65.43	4987
12980	1.59	1.59	1.06	70.09	4969
12990	2.22	2.22	1.73	70.09	4996
13000	2.81	2.81	2.39	65.43	5131
13010	3.34	3.34	3	65.43	4626
13020	3.81	3.81	3.55	57.72	4894
13030	4.22	4.22	4.02	51.64	4741
13040	4.55	4.55	4.42	35.05	5380
13050	4.79	4.79	4.69	27.26	4947
13060	4.95	4.95	4.87	9.81	6969
13070	5	5	4.99	14.87	2823
13080	4.99	4.99	4.99	-8.04	900
13090	4.85	4.85	4.97	-14.65	-7677
13100	4.63	4.63	4.83	-15.83	-6901
13110	4.34	4.34	4.61	-22.81	-6872
13120	3.95	3.95	4.3	-36.35	-6624
13130	3.49	3.49	3.91	-46.73	-6222
13140	2.96	2.96	3.43	-54.52	-5918
13150	2.39	2.39	2.89	-54.52	-5715
13160	1.77	1.77	2.28	-57.72	-5236
13170	1.1	1.1	1.65	-65.43	-5112
13180	0.41	0.41	0.98	-70.09	-5032
13190	-0.27	-0.27	0.29	-70.09	-4851
13200	-0.96	-0.96	-0.39	-75.49	-4638
13210	-1.63	-1.63	-1.08	-65.43	-4612
13220	-2.26	-2.26	-1.77	-70.09	-4598
13230	-2.85	-2.85	-2.43	-65.43	-4665
13240	-3.4	-3.4	-3.04	-70.09	-4800
13250	-3.87	-3.87	-3.61	-54.52	-4878
13260	-4.26	-4.26	-4.1	-46.73	-4287
13270	-4.59	-4.59	-4.47	-32.71	-5262
13280	-4.81	-4.81	-4.73	-28.86	-4794
13290	-4.95	-4.95	-4.89	-5.12	-5851
13300	-4.99	-4.99	-4.99	-3.3	918
13310	-4.93	-4.93	-4.93	10.44	-4045
13320	-4.79	-4.79	-4.89	16.93	6408
13330	-4.53	-4.53	-4.73	28.04	7920
13340	-4.2	-4.2	-4.51	28.86	6458
13350	-3.79	-3.79	-4.18	49.07	7577
13360	-3.3	-3.3	-3.75	57.72	6422
13370	-2.73	-2.73	-3.16	65.43	5934
13380	-2.12	-2.12	-2.53	54.52	5240
13390	-1.47	-1.47	-1.94	65.43	5285
13400	-0.79	-0.79	-1.32	61.33	5747
13410	-0.1	-0.1	-0.65	70.09	5306
13420	0.61	0.61	0.04	70.09	4979
13430	1.3	1.3	0.75	75.49	4859
13440	1.96	1.96	1.43	70.09	4886
13450	2.59	2.59	2.1	70.09	5105
13460	3.16	3.16	2.77	70.09	5075
13470	3.69	3.69	3.38	65.43	4564
13480	4.12	4.12	3.95	57.72	2944
13490	4.47	4.47	4.36	39.25	4450
13500	4.75	4.75	4.65	28.86	4929
13510	4.93	4.93	4.85	25.83	5498
13520	5	5	4.97	3.3	4438
13530	4.99	4.99	4.99	-13.63	-1416
13540	4.87	4.87	4.97	0	-7718
13550	4.63	4.63	4.83	-14.43	-7400
13560	4.34	4.34	4.59	-29.74	-7175
13570	3.93	3.93	4.28	-37.75	-6895
13580	3.45	3.45	3.87	-46.73	-6774
13590	2.9	2.9	3.38	-54.52	-6163
13600	2.3	2.3	2.81	-61.33	-6079
13610	1.63	1.63	2.2	-57.72	-5985
13620	0.94	0.94	1.53	-70.09	-5662
13630	0.24	0.24	0.8	-70.09	-5217
13640	-0.47	-0.47	0.14	-70.09	-5155
13650	-1.18	-1.18	-0.57	-75.49	-5078
13660	-1.86	-1.86	-1.32	-70.09	-5121
13670	-2.51	-2.51	-1.98	-75.49	-5113
13680	-3.1	-3.1	-2.65	-65.43	-5105
13690	-3.63	-3.63	-3.34	-61.33	-4708
13700	-4.08	-4.08	-3.89	-54.52	-3854
13710	-4.46	-4.46	-4.32	-44.61	-3739
13720	-4.73	-4.73	-4.65	-30.67	-4669
13730	-4.91	-4.91	-4.87	-17.52	-4375
13740	-4.99	-4.99	-4.95	-3.01	-4945
13750	-4.97	-4.97	-4.97	9.44	-346
13760	-4.83	-4.83	-4.95	0	7923
13770	-4.61	-4.61	-4.81	15.11	7060
13780	-4.28	-4.28	-4.59	23.36	7105
13790	-3.87	-3.87	-4.18	46.73	6525
13800	-3.38	-3.38	-3.71	46.73	7138
13810	-2.81	-2.81	-3.32	54.52	6419
13820	-2.2	-2.2	-2.79	65.43	6681
13830	-1.51	-1.51	-2.1	70.09	5117
13840	-0.8	-0.8	-1.41	70.09	4912
13850	-0.1	-0.1	-0.71	75.49	5004
13860	0.63	0.63	-0.02	65.43	4882
13870	1.33	1.33	0.75	81.77	5124
13880	2.02	2.02	1.41	81.77	4619
13890	2.67	2.67	2.08	61.33	4249
13900	3.26	3.26	2.77	70.09	4380
13910	3.77	3.77	3.42	65.43	3783
13920	4.22	4.22	3.98	51.64	4309
13930	4.55	4.55	4.44	44.61	3131
13940	4.81	4.81	4.73	29.74	4517
13950	4.97	4.97	4.91	4.85	6155
13960	5	5	5	0	1479
13970	4.95	4.95	4.99	-15.11	-4677
13980	4.79	4.79	4.95	0	-7192
13990	4.51	4.51	4.77	-23.36	-7174
14000	4.14	4.14	4.49	-28.04	-6562
14010	3.69	3.69	4.1	-42.66	-6819
14020	3.16	3.16	3.65	-51.64	-5921
14030	2.55	2.55	3.1	-54.52	-5675
14040	1.9	1.9	2.47	-65.43	-5565
14050	1.2	1.2	1.81	-65.43	-5155
14060	0.47	0.47	1.12	-70.09	-5399
14070	-0.27	-0.27	0.39	-70.09	-5133
14080	-1	-1	-0.31	-70.09	-4987
14090	-1.71	-1.71	-1.04	-75.49	-4862
14100	-2.37	-2.37	-1.77	-70.09	-4909
14110	-3	-3	-2.47	-75.49	-4976
14120	-3.55	-3.55	-3.14	-65.43	-5125
14130	-4.02	-4.02	-3.77	-65.43	-3808
14140	-4.42	-4.42	-4.28	-49.07	-2600
14150	-4.71	-4.71	-4.65	-33.84	-2663
14160	-4.91	-4.91	-4.85	-18.51	-5022
14170	-4.99	-4.99	-4.97	-3.2	-4314
14180	-4.97	-4.97	-4.97	11.02	-879
14190	-4.83	-4.83	-4.95	0	7955
14200	-4.57	-4.57	-4.81	15.34	7068
14210	-4.24	-4.24	-4.53	30.67	7003
14220	-3.79	-3.79	-4.2	39.25	6453
14230	-3.26	-3.26	-3.75	54.52	6436
14240	-2.67	-2.67	-3.2	57.72	6020
14250	-2.02	-2.02	-2.57	61.33	5527
14260	-1.32	-1.32	-1.9	65.43	5206
14270	-0.57	-0.57	-1.24	75.49	5028
14280	0.18	0.18	-0.53	70.09	4897
14290	0.92	0.92	0.2	70.09	4524
14300	1.63	1.63	0.96	75.49	4606
14310	2.32	2.32	1.88	81.77	4931
14320	2.96	2.96	2.55	70.09	5706
14330	3.53	3.53	3.06	75.49	5263
14340	4.02	4.02	3.61	70.09	4799
14350	4.42	4.42	4.26	61.33	465
14360	4.73	4.73	4.69	37.75	842
14370	4.93	4.93	4.91	19.63	4026
14380	5	5	4.99	0	5696
14390	4.99	4.99	4.99	-8.53	-309
14400	4.83	4.83	4.97	0	-7803
14410	4.59	4.59	4.81	-19.63	-7543
14420	4.24	4.24	4.55	-27.26	-7008
14430	3.79	3.79	4.22	-37.75	-6872
14440	3.24	3.24	3.77	-51.64	-6678
14450	2.63	2.63	3.2	-57.72	-6120
14460	1.96	1.96	2.55	-65.43	-6041
14470	1.24	1.24	1.88	-70.09	-5336
14480	0.49	0.49	1.16	-65.43	-5213
14490	-0.26	-0.26	0.45	-70.09	-4957
14500	-1.02	-1.02	-0.27	-81.77	-5007
14510	-1.75	-1.75	-1.04	-81.77	-4633
14520	-2.43	-2.43	-1.79	-75.49	-4652
14530	-3.06	-3.06	-2.51	-89.22	-4893
14540	-3.63	-3.63	-3.18	-65.43	-4861
14550	-4.1	-4.1	-3.83	-65.43	-4161
14560	-4.49	-4.49	-4.36	-54.52	-1950
14570	-4.77	-4.77	-4.75	-36.35	-910
14580	-4.95	-4.95	-4.93	-16.36	-4934
14590	-4.99	-4.99	-4.99	0	-2747
14600	-4.93	-4.93	-4.99	16.09	5771
14610	-4.75	-4.75	-4.91	2.76	7365
14620	-4.46	-4.46	-4.71	25.83	7118
14630	-4.06	-4.06	-4.42	27.26	6494
14640	-3.57	-3.57	-4.04	49.07	6705
14650	-3	-3	-3.53	54.52	6006
14660	-2.36	-2.36	-2.94	70.09	5932
14670	-1.65	-1.65	-2.28	65.43	5334
14680	-0.9	-0.9	-1.57	70.09	4933
14690	-0.14	-0.14	-0.84	75.49	4735
14700	0.63	0.63	-0.12	81.77	4468
14710	1.37	1.37	0.63	75.49	4271
14720	2.1	2.1	1.37	75.49	4307
14730	2.77	2.77	2.12	89.22	4402
14740	3.38	3.38	2.83	75.49	4590
14750	3.91	3.91	3.51	61.33	4414
14760	4.34	4.34	4.12	57.72	3113
14770	4.67	4.67	4.59	44.61	1849
14780	4.91	4.91	4.89	25.17	3516
14790	5	5	5	3.69	3590
14800	4.99	4.99	4.99	-9.44	4890
14810	4.85	4.85	4.95	-20.44	-6858
14820	4.59	4.59	4.81	-24.53	-8165
14830	4.24	4.24	4.57	-33.84	-7334
14840	3.77	3.77	4.2	-49.07	-6931
14850	3.22	3.22	3.69	-57.72	-6283
14860	2.59	2.59	3.12	-57.72	-5728
14870	1.88	1.88	2.47	-70.09	-6281
14880	1.14	1.14	1.81	-70.09	-5617
14890	0.37	0.37	1.08	-75.49	-5021
14900	-0.41	-0.41	0.33	-70.09	-4643
14910	-1.18	-1.18	-0.41	-75.49	-4655
14920	-1.92	-1.92	-1.16	-81.77	-4800
14930	-2.61	-2.61	-1.92	-81.77	-4495
14940	-3.24	-3.24	-2.65	-70.09	-4211
14950	-3.79	-3.79	-3.34	-81.77	-5023
14960	-4.26	-4.26	-4	-70.09	-2289
14970	-4.61	-4.61	-4.55	-46.73	1023
14980	-4.85	-4.85	-4.87	-29.74	-6
14990	-4.97	-4.97	-4.97	-2.97	-4156
15000	-4.97	-4.97	-4.97	7.79	-2717
15010	-4.85	-4.85	-4.95	16.63	7103
15020	-4.61	-4.61	-4.83	13.27	7342
15030	-4.26	-4.26	-4.57	32.71	7614
15040	-3.79	-3.79	-4.2	44.61	6969
15050	-3.24	-3.24	-3.73	54.52	6605
15060	-2.59	-2.59	-3.16	61.33	6293
15070	-1.88	-1.88	-2.49	70.09	5868
15080	-1.14	-1.14	-1.79	70.09	5296
15090	-0.35	-0.35	-1.08	89.22	4996
15100	0.43	0.43	-0.31	81.77	4387
15110	1.22	1.22	0.45	81.77	4282
15120	1.96	1.96	1.2	81.77	4242
15130	2.67	2.67	1.96	81.77	4277
15140	3.3	3.3	2.71	81.77	4565
15150	3.85	3.85	3.42	75.49	4418
15160	4.32	4.32	4.06	70.09	2461
15170	4.65	4.65	4.61	51.64	-1409
15180	4.89	4.89	4.89	25.83	682
15190	5	5	4.99	14.87	3708
15200	4.99	4.99	4.99	-10.44	246
15210	4.85	4.85	4.97	0	-7809
15220	4.57	4.57	4.81	-23.93	-7859
15230	4.2	4.2	4.53	-32.71	-7392
15240	3.71	3.71	4.14	-44.61	-7271
15250	3.12	3.12	3.65	-54.52	-6174
15260	2.47	2.47	3.06	-75.49	-6872
15270	1.75	1.75	2.37	-75.49	-5849
15280	0.96	0.96	1.65	-75.49	-5294
15290	0.18	0.18	0.92	-75.49	-5244
15300	-0.63	-0.63	0.08	-75.49	-5205
15310	-1.41	-1.41	-0.75	-75.49	-5045
15320	-2.16	-2.16	-1.55	-70.09	-5206
15330	-2.85	-2.85	-2.37	-75.49	-2055
15340	-3.47	-3.47	-3.12	-75.49	-3901
15350	-4	-4	-3.73	-57.72	-4804
15360	-4.42	-4.42	-4.16	-57.72	-4830
15370	-4.73	-4.73	-4.61	-51.64	-980
15380	-4.93	-4.93	-4.95	-32.71	3272
15390	-4.99	-4.99	-5.06	0.14	7172
15400	-4.93	-4.93	-4.99	15.58	4266
15410	-4.73	-4.73	-4.93	0	7288
15420	-4.42	-4.42	-4.71	29.74	7524
15430	-3.96	-3.96	-4.38	37.75	6590
15440	-3.43	-3.43	-3.95	49.07	6323
15450	-2.81	-2.81	-3.42	65.43	6144
15460	-2.1	-2.1	-2.77	70.09	5796
15470	-1.35	-1.35	-2.06	75.49	5002
15480	-0.55	-0.55	-1.33	70.09	4603
15490	0.26	0.26	-0.59	75.49	4195
15500	1.06	1.06	0.2	70.09	3894
15510	1.84	1.84	0.98	81.77	3688
15520	2.57	2.57	1.77	70.09	3678
15530	3.24	3.24	2.53	81.77	4131
15540	3.81	3.81	3.26	75.49	4519
15550	4.28	4.28	3.95	70.09	3896
15560	4.65	4.65	4.53	54.52	672
15570	4.89	4.89	4.87	30.67	-52
15580	5	5	5	3.52	3854
15590	4.99	4.99	5	-11.15	531
15600	4.83	4.83	4.97	-2.03	-7735
15610	4.55	4.55	4.81	-19.63	-7513
15620	4.14	4.14	4.51	-33.84	-7074
15630	3.63	3.63	4.12	-49.07	-6802
15640	3.02	3.02	3.59	-61.33	-6628
15650	2.34	2.34	2.96	-65.43	-6078
15660	1.57	1.57	2.26	-65.43	-5251
15670	0.79	0.79	1.55	-75.49	-5118
15680	-0.04	-0.04	0.8	-81.77	-4589
15690	-0.86	-0.86	0.02	-89.22	-4165
15700	-1.65	-1.65	-0.79	-81.77	-3918
15710	-2.39	-2.39	-1.57	-89.22	-3951
15720	-3.08	-3.08	-2.34	-81.77	-4271
15730	-3.69	-3.69	-3.1	-75.49	-4557
15740	-4.2	-4.2	-3.79	-65.43	-4359
15750	-4.57	-4.57	-4.42	-65.43	-1213
15760	-4.85	-4.85	-4.85	-37.75	779
15770	-4.97	-4.97	-5	-9	327
15780	-4.97	-4.97	-4.99	8.92	-2662
15790	-4.83	-4.83	-4.97	15.34	8242
15800	-4.55	-4.55	-4.77	23.36	7581
15810	-4.16	-4.16	-4.53	25.17	6863
15820	-3.65	-3.65	-4.16	51.64	6857
15830	-3.04	-3.04	-3.61	57.72	5499
15840	-2.34	-2.34	-2.96	65.43	5128
15850	-1.59	-1.59	-2.28	75.49	4710
15860	-0.79	-0.79	-1.55	70.09	4377
15870	0.06	0.06	-0.8	89.22	4339
15880	0.88	0.88	-0.02	81.77	3732
15890	1.69	1.69	0.79	81.77	3527
15900	2.43	2.43	1.59	81.77	3313
15910	3.12	3.12	2.37	81.77	3673
15920	3.73	3.73	3.14	75.49	4137
15930	4.24	4.24	3.83	65.43	4364
15940	4.63	4.63	4.46	70.09	1344
15950	4.89	4.89	4.91	40.89	-1947
15960	5	5	5.06	5.45	171
15970	4.99	4.99	5	-16.36	2173
15980	4.83	4.83	4.99	-16.09	-8095
15990	4.53	4.53	4.79	-24.53	-7273
16000	4.12	4.12	4.49	-33.84	-7219
16010	3.57	3.57	4.06	-44.61	-6766
16020	2.94	2.94	3.51	-70.09	-6740
16030	2.24	2.24	2.87	-65.43	-5781
16040	1.45	1.45	2.16	-81.77	-5317
16050	0.63	0.63	1.43	-75.49	-4778
16060	-0.22	-0.22	0.65	-81.77	-4244
16070	-1.04	-1.04	-0.16	-81.77	-3836
16080	-1.84	-1.84	-0.96	-81.77	-3621
16090	-2.59	-2.59	-1.77	-81.77	-3793
16100	-3.28	-3.28	-2.55	-81.77	-3934
16110	-3.87	-3.87	-3.32	-75.49	-4299
16120	-4.34	-4.34	-4	-75.49	-3589
16130	-4.69	-4.69	-4.59	-57.72	-341
16140	-4.91	-4.91	-4.97	-31.65	3240
16150	-4.99	-4.99	-5.02	0	-2704
16160	-4.93	-4.93	-4.97	21.81	3287
16170	-4.71	-4.71	-4.91	0	6970
16180	-4.38	-4.38	-4.69	28.86	7483
16190	-3.91	-3.91	-4.32	44.61	6543
16200	-3.34	-3.34	-3.87	61.33	6468
16210	-2.65	-2.65	-3.26	65.43	5857
16220	-1.9	-1.9	-2.61	70.09	5372
16230	-1.1	-1.1	-1.88	81.77	4713
16240	-0.26	-0.26	-1.12	81.77	4180
16250	0.59	0.59	-0.33	75.49	3676
16260	1.43	1.43	0.47	81.77	3497
16270	2.22	2.22	1.28	81.77	3339
16280	2.94	2.94	2.08	75.49	3365
16290	3.59	3.59	2.87	81.77	3939
16300	4.14	4.14	3.75	70.09	193
16310	4.55	4.55	4.42	65.43	-1301
16320	4.85	4.85	4.85	35.05	-3038
16330	4.99	4.99	4.97	3.82	4486
16340	4.99	4.99	5	0	-2829
16350	4.85	4.85	4.97	-3.17	-7419
16360	4.57	4.57	4.81	-17.21	-7161
16370	4.14	4.14	4.55	-31.65	-7315
16380	3.61	3.61	4.14	-46.73	-7074
16390	2.96	2.96	3.57	-61.33	-6348
16400	2.22	2.22	2.9	-75.49	-5759
16410	1.43	1.43	2.18	-70.09	-5134
16420	0.59	0.59	1.43	-75.49	-4747
16430	-0.27	-0.27	0.67	-89.22	-4359
16440	-1.12	-1.12	-0.14	-81.77	-3627
16450	-1.94	-1.94	-0.96	-89.22	-3399
16460	-2.71	-2.71	-1.79	-98.14	-3402
16470	-3.38	-3.38	-2.59	-89.22	-3683
16480	-3.96	-3.96	-3.36	-75.49	-4225
16490	-4.44	-4.44	-4.08	-65.43	-3321
16500	-4.75	-4.75	-4.67	-51.64	726
16510	-4.95	-4.95	-5.02	-27.26	4121
16520	-4.99	-4.99	-5.06	8.24	602
16530	-4.89	-4.89	-4.99	14.65	6797
16540	-4.63	-4.63	-4.89	4.02	6716
16550	-4.22	-4.22	-4.61	33.84	7114
16560	-3.71	-3.71	-4.22	49.07	6306
16570	-3.08	-3.08	-3.67	57.72	5485
16580	-2.36	-2.36	-3.02	70.09	5273
16590	-1.55	-1.55	-2.32	70.09	4664
16600	-0.71	-0.71	-1.59	75.49	4297
16610	0.16	0.16	-0.82	70.09	3788
16620	1.02	1.02	0.02	89.22	3334
16630	1.86	1.86	0.82	89.22	2865
16640	2.63	2.63	1.65	89.22	2917
16650	3.34	3.34	2.47	81.77	3146
16660	3.93	3.93	3.26	81.77	3784
16670	4.42	4.42	3.96	65.43	4024
16680	4.75	4.75	4.61	65.43	-245
16690	4.97	4.97	5.02	30.67	-3458
16700	5	5	5.08	-6.77	-531
16710	4.91	4.91	5	-18.17	-6716
16720	4.65	4.65	4.89	-3.94	-6745
16730	4.26	4.26	4.65	-37.75	-7534
16740	3.73	3.73	4.24	-46.73	-6631
16750	3.1	3.1	3.69	-57.72	-6455
16760	2.36	2.36	3.04	-65.43	-5985
16770	1.55	1.55	2.32	-81.77	-5030
16780	0.71	0.71	1.57	-70.09	-4545
16790	-0.18	-0.18	0.79	-81.77	-4159
16800	-1.06	-1.06	-0.18	-81.77	-3942
16810	-1.88	-1.88	-1.02	-70.09	-4664
16820	-2.67	-2.67	-1.67	-81.77	-4122
16830	-3.38	-3.38	-2.41	-89.22	-2714
16840	-3.96	-3.96	-3.24	-81.77	-3351
16850	-4.44	-4.44	-4	-70.09	-3430
16860	-4.77	-4.77	-4.63	-65.43	643
16870	-4.95	-4.95	-5.06	-23.93	7065
16880	-4.99	-4.99	-5.04	9.53	-2025
16890	-4.85	-4.85	-4.99	22.81	7840
16900	-4.57	-4.57	-4.83	13.27	6898
16910	-4.16	-4.16	-4.55	32.71	7129
16920	-3.61	-3.61	-4.12	51.64	6571
16930	-2.94	-2.94	-3.57	57.72	6088
16940	-2.18	-2.18	-2.9	75.49	5403
16950	-1.35	-1.35	-2.1	75.49	5243
16960	-0.49	-0.49	-1.43	81.77	4223
16970	0.41	0.41	-0.63	81.77	3465
16980	1.28	1.28	0.22	81.77	2877
16990	2.12	2.12	1.04	89.22	2737
17000	2.89	2.89	1.88	89.22	2805
17010	3.57	3.57	2.71	89.22	3071
17020	4.12	4.12	3.49	75.49	3700
17030	4.57	4.57	4.2	70.09	3139
17040	4.87	4.87	4.81	54.52	-2135
17050	5	5	5.12	16.63	-7522
17060	4.99	4.99	5.02	-14.23	2603
17070	4.81	4.81	5	-11.42	-8426
17080	4.47	4.47	4.79	-23.36	-7305
17090	3.98	3.98	4.46	-39.25	-6916
17100	3.4	3.4	3.98	-54.52	-6983
17110	2.69	2.69	3.36	-70.09	-6098
17120	1.88	1.88	2.65	-70.09	-5376
17130	1.02	1.02	1.92	-81.77	-4667
17140	0.14	0.14	1.14	-81.77	-3962
17150	-0.77	-0.77	0.31	-81.77	-3412
17160	-1.63	-1.63	-0.53	-81.77	-2921
17170	-2.45	-2.45	-1.39	-81.77	-2934
17180	-3.18	-3.18	-2.24	-81.77	-3033
17190	-3.83	-3.83	-3.04	-81.77	-3496
17200	-4.34	-4.34	-3.83	-75.49	-3939
17210	-4.71	-4.71	-4.51	-65.43	180
17220	-4.93	-4.93	-4.99	-31.65	5139
17230	-4.99	-4.99	-5.08	0	3067
17240	-4.89	-4.89	-4.99	22.81	5675
17250	-4.63	-4.63	-4.89	12.58	7586
17260	-4.22	-4.22	-4.63	37.75	7477
17270	-3.67	-3.67	-4.2	49.07	6486
17280	-2.98	-2.98	-3.63	65.43	6026
17290	-2.22	-2.22	-2.94	81.77	5296
17300	-1.37	-1.37	-2.06	81.77	3579
17310	-0.49	-0.49	-1.22	75.49	5126
17320	0.41	0.41	-0.53	75.49	4603
17330	1.32	1.32	0.12	81.77	3661
17340	2.16	2.16	0.9	81.77	1908
17350	2.94	2.94	1.79	89.22	1870
17360	3.63	3.63	2.65	81.77	2354
17370	4.18	4.18	3.47	89.22	3143
17380	4.61	4.61	4.22	70.09	2633
17390	4.89	4.89	4.83	49.07	-2269
17400	5	5	5.12	12.91	-9370
17410	4.95	4.95	5	-18.87	-1688
17420	4.73	4.73	4.97	0	-7337
17430	4.36	4.36	4.73	-37.75	-8096
17440	3.85	3.85	4.3	-49.07	-6723
17450	3.2	3.2	3.79	-54.52	-5475
17460	2.45	2.45	3.18	-70.09	-5800
17470	1.61	1.61	2.45	-75.49	-5190
17480	0.73	0.73	1.67	-89.22	-4238
17490	-0.2	-0.2	0.86	-81.77	-3583
17500	-1.1	-1.1	0.02	-89.22	-2932
17510	-1.96	-1.96	-0.84	-98.14	-2644
17520	-2.77	-2.77	-1.71	-81.77	-2648
17530	-3.47	-3.47	-2.55	-89.22	-2918
17540	-4.08	-4.08	-3.38	-81.77	-3414
17550	-4.53	-4.53	-4.12	-75.49	-3350
17560	-4.85	-4.85	-4.77	-61.33	1277
17570	-4.99	-4.99	-5.12	-16.36	9172
17580	-4.95	-4.95	-5	22.3	18
17590	-4.75	-4.75	-4.95	0	7206
17600	-4.4	-4.4	-4.73	33.84	7358
17610	-3.89	-3.89	-4.38	40.89	6773
17620	-3.26	-3.26	-3.87	61.33	6267
17630	-2.51	-2.51	-3.24	70.09	5894
17640	-1.67	-1.67	-2.51	70.09	4723
17650	-0.77	-0.77	-1.75	75.49	3954
17660	0.14	0.14	-0.92	81.77	3217
17670	1.06	1.06	-0.1	89.22	2640
17680	1.94	1.94	0.77	81.77	2301
17690	2.77	2.77	1.63	89.22	2219
17700	3.47	3.47	2.49	75.49	2514
17710	4.08	4.08	3.3	81.77	3291
17720	4.55	4.55	4.08	70.09	3305
17730	4.87	4.87	4.77	54.52	-1469
17740	5	5	5.12	15.83	-8581
17750	4.97	4.97	5.02	-23.93	-398
17760	4.77	4.77	4.99	-0.14	-7045
17770	4.4	4.4	4.75	-36.35	-7804
17780	3.89	3.89	4.36	-40.89	-6890
17790	3.24	3.24	3.83	-61.33	-7179
17800	2.47	2.47	3.14	-81.77	-7083
17810	1.61	1.61	2.36	-75.49	-5333
17820	0.71	0.71	1.57	-81.77	-4415
17830	-0.22	-0.22	0.69	-81.77	-4532
17840	-1.14	-1.14	-0.18	-81.77	-4011
17850	-2.02	-2.02	-0.94	-81.77	-3128
17860	-2.85	-2.85	-1.77	-81.77	-2865
17870	-3.55	-3.55	-2.61	-98.14	-2364
17880	-4.14	-4.14	-3.3	-81.77	-2505
17890	-4.59	-4.59	-4.04	-81.77	-2994
17900	-4.87	-4.87	-4.73	-61.33	2442
17910	-4.99	-4.99	-5.1	-15.58	10003
17920	-4.93	-4.93	-4.99	21.34	2155
17930	-4.69	-4.69	-4.95	0.14	6914
17940	-4.3	-4.3	-4.69	33.84	7614
17950	-3.73	-3.73	-4.28	42.66	5888
17960	-3.06	-3.06	-3.65	61.33	6955
17970	-2.26	-2.26	-3.06	70.09	5335
17980	-1.39	-1.39	-2.3	75.49	4100
17990	-0.45	-0.45	-1.51	75.49	3540
18000	0.47	0.47	-0.69	89.22	2863
18010	1.41	1.41	0.18	81.77	2314
18020	2.28	2.28	1.06	89.22	1906
18030	3.08	3.08	1.94	89.22	1884
18040	3.77	3.77	2.81	81.77	2271
18050	4.32	4.32	3.61	75.49	2945
18060	4.71	4.71	4.36	75.49	2295
18070	4.95	4.95	4.95	42.66	-3811
18080	5	5	5.12	0	-9094
18090	4.89	4.89	5	-16.93	-7089
18100	4.59	4.59	4.87	-4.93	-6605
18110	4.12	4.12	4.59	-36.35	-7249
18120	3.51	3.51	4.12	-49.07	-6297
18130	2.79	2.79	3.51	-70.09	-6161
18140	1.94	1.94	2.79	-75.49	-4822
18150	1.04	1.04	2.02	-81.77	-4103
18160	0.1	0.1	1.22	-81.77	-3482
18170	-0.84	-0.84	0.37	-81.77	-2820
18180	-1.77	-1.77	-0.51	-89.22	-2504
18190	-2.63	-2.63	-1.39	-89.22	-2164
18200	-3.38	-3.38	-2.28	-89.22	-2105
18210	-4.02	-4.02	-3.14	-89.22	-2563
18220	-4.49	-4.49	-3.95	-81.77	-3438
18230	-4.83	-4.83	-4.65	-61.33	702
18240	-4.99	-4.99	-5.1	-26.52	8354
18250	-4.95	-4.95	-5.04	25.17	4943
18260	-4.73	-4.73	-4.95	3.08	7171
18270	-4.36	-4.36	-4.71	32.71	7389
18280	-3.81	-3.81	-4.32	46.73	6585
18290	-3.12	-3.12	-3.79	61.33	6396
18300	-2.32	-2.32	-2.98	89.22	4975
18310	-1.43	-1.43	-2.18	75.49	5518
18320	-0.49	-0.49	-1.47	75.49	4131
18330	0.45	0.45	-0.8	81.77	3487
18340	1.39	1.39	0.04	81.77	1769
18350	2.3	2.3	0.94	81.77	1451
18360	3.1	3.1	1.84	89.22	1428
18370	3.79	3.79	2.77	89.22	2142
18380	4.36	4.36	3.57	81.77	2482
18390	4.75	4.75	4.36	70.09	2017
18400	4.97	4.97	4.97	40.89	-5621
18410	5	5	5.1	0	-7775
18420	4.85	4.85	5	-16.93	-7988
18430	4.51	4.51	4.81	-20.44	-7136
18440	4.02	4.02	4.49	-37.75	-7240
18450	3.38	3.38	3.98	-57.72	-6896
18460	2.61	2.61	3.34	-70.09	-6154
18470	1.75	1.75	2.59	-75.49	-4920
18480	0.8	0.8	1.83	-89.22	-4204
18490	-0.16	-0.16	0.98	-81.77	-3188
18500	-1.12	-1.12	0.12	-81.77	-2428
18510	-2.04	-2.04	-0.77	-89.22	-2170
18520	-2.89	-2.89	-1.67	-89.22	-2000
18530	-3.61	-3.61	-2.57	-89.22	-2013
18540	-4.2	-4.2	-3.42	-89.22	-2699
18550	-4.65	-4.65	-4.2	-75.49	-3476
18560	-4.91	-4.91	-4.87	-57.72	4269
18570	-4.99	-4.99	-5.12	0	11204
18580	-4.89	-4.89	-4.97	24.53	3624
18590	-4.59	-4.59	-4.87	3.11	6860
18600	-4.12	-4.12	-4.57	40.89	7636
18610	-3.49	-3.49	-4.08	61.33	6505
18620	-2.73	-2.73	-3.43	70.09	5889
18630	-1.86	-1.86	-2.71	70.09	4694
18640	-0.94	-0.94	-1.94	81.77	3825
18650	0.04	0.04	-1.14	89.22	3041
18660	1	1	-0.24	81.77	2306
18670	1.94	1.94	0.61	89.22	1783
18680	2.79	2.79	1.51	89.22	1613
18690	3.55	3.55	2.39	89.22	1853
18700	4.16	4.16	3.26	81.77	2339
18710	4.63	4.63	4.06	89.22	3202
18720	4.91	4.91	4.75	57.72	-2609
18730	5	5	5.1	12.75	-10791
18740	4.91	4.91	4.99	-27.26	-4846
18750	4.63	4.63	4.89	-3.11	-6903
18760	4.16	4.16	4.63	-37.75	-7878
18770	3.55	3.55	4.16	-54.52	-6973
18780	2.79	2.79	3.53	-70.09	-6361
18790	1.92	1.92	2.73	-81.77	-5427
18800	0.98	0.98	1.88	-75.49	-4392
18810	0	0	1.1	-81.77	-3603
18820	-0.98	-0.98	0.37	-89.22	-2725
18830	-1.92	-1.92	-0.53	-89.22	-1797
18840	-2.79	-2.79	-1.43	-98.14	-1677
18850	-3.55	-3.55	-2.36	-89.22	-1694
18860	-4.16	-4.16	-3.24	-89.22	-2264
18870	-4.63	-4.63	-4.04	-81.77	-3238
18880	-4.91	-4.91	-4.75	-57.72	2533
18890	-4.99	-4.99	-5.12	-11.68	11204
18900	-4.89	-4.89	-5	31.65	4682
18910	-4.57	-4.57	-4.85	4.58	6515
18920	-4.1	-4.1	-4.57	40.89	7388
18930	-3.45	-3.45	-4.08	51.64	6375
18940	-2.69	-2.69	-3.45	70.09	6093
18950	-1.81	-1.81	-2.73	75.49	4585
18960	-0.84	-0.84	-1.94	81.77	3595
18970	0.14	0.14	-0.94	81.77	3121
18980	1.12	1.12	-0.22	89.22	2196
18990	2.06	2.06	0.65	89.22	1519
19000	2.92	2.92	1.57	98.14	1355
19010	3.67	3.67	2.47	98.14	1492
19020	4.28	4.28	3.34	89.22	2154
19030	4.71	4.71	4.14	75.49	2809
19040	4.95	4.95	4.83	57.72	-3961
19050	5	5	5.12	0	-10832
19060	4.85	4.85	5	-29.74	-7157
19070	4.51	4.51	4.81	-14.65	-7112
19080	4	4	4.49	-40.89	-7927
19090	3.32	3.32	4.02	-51.64	-6781
19100	2.51	2.51	3.36	-75.49	-6197
19110	1.59	1.59	2.59	-75.49	-4469
19120	0.63	0.63	1.77	-81.77	-3550
19130	-0.37	-0.37	0.92	-98.14	-2733
19140	-1.35	-1.35	0.04	-89.22	-2109
19150	-2.3	-2.3	-0.86	-81.77	-1767
19160	-3.14	-3.14	-1.79	-98.14	-1599
19170	-3.85	-3.85	-2.69	-89.22	-1685
19180	-4.4	-4.4	-3.57	-89.22	-2356
19190	-4.79	-4.79	-4.36	-81.77	-1631
19200	-4.97	-4.97	-4.99	-39.25	7402
19210	-4.97	-4.97	-5.12	0	9851
19220	-4.75	-4.75	-4.97	25.17	7433
19230	-4.34	-4.34	-4.73	29.74	6944
19240	-3.75	-3.75	-4.32	46.73	6799
19250	-3.02	-3.02	-3.75	65.43	6277
19260	-2.16	-2.16	-3.04	70.09	4904
19270	-1.22	-1.22	-2.26	81.77	3966
19280	-0.22	-0.22	-1.41	89.22	3261
19290	0.79	0.79	-0.59	89.22	2197
19300	1.77	1.77	0.49	89.22	1463
19310	2.67	2.67	1.47	89.22	1458
19320	3.45	3.45	2.39	81.77	1846
19330	4.12	4.12	3.3	89.22	1960
19340	4.61	4.61	4.04	75.49	3686
19350	4.91	4.91	4.65	70.09	-359
19360	5	5	5.1	30.67	-8900
19370	4.91	4.91	5.06	-28.04	-7294
19380	4.59	4.59	4.89	-18.87	-6443
19390	4.1	4.1	4.57	-39.25	-6860
19400	3.43	3.43	4.1	-54.52	-6392
19410	2.63	2.63	3.45	-70.09	-6110
19420	1.73	1.73	2.71	-75.49	-4494
19430	0.75	0.75	1.88	-81.77	-3618
19440	-0.27	-0.27	1.04	-98.14	-2712
19450	-1.28	-1.28	0.14	-89.22	-2038
19460	-2.24	-2.24	-0.77	-98.14	-1681
19470	-3.08	-3.08	-1.69	-89.22	-1550
19480	-3.83	-3.83	-2.59	-81.77	-1504
19490	-4.4	-4.4	-3.49	-81.77	-1931
19500	-4.79	-4.79	-4.3	-75.49	-2548
19510	-4.97	-4.97	-4.95	-49.07	6749
19520	-4.95	-4.95	-5.12	0	10575
19530	-4.73	-4.73	-4.95	23.36	7254
19540	-4.32	-4.32	-4.71	27.26	6189
19550	-3.71	-3.71	-4.32	46.73	6524
19560	-2.94	-2.94	-3.75	65.43	6417
19570	-2.06	-2.06	-3	81.77	4332
19580	-1.1	-1.1	-2.2	81.77	3345
19590	-0.08	-0.08	-1.32	81.77	2735
19600	0.94	0.94	-0.47	98.14	1892
19610	1.92	1.92	0.43	98.14	1450
19620	2.83	2.83	1.33	98.14	1265
19630	3.61	3.61	2.26	89.22	1206
19640	4.24	4.24	3.16	98.14	1332
19650	4.69	4.69	4	75.49	2547
19660	4.95	4.95	4.73	61.33	-2595
19670	5	5	5.12	10.33	-10916
19680	4.85	4.85	5	-33.84	-8198
19690	4.47	4.47	4.79	-20.44	-6668
19700	3.93	3.93	4.47	-44.61	-7070
19710	3.2	3.2	3.95	-61.33	-6902
19720	2.34	2.34	3.24	-70.09	-5336
19730	1.37	1.37	2.45	-81.77	-3949
19740	0.35	0.35	1.61	-89.22	-3149
19750	-0.67	-0.67	0.75	-98.14	-2279
19760	-1.67	-1.67	-0.16	-89.22	-1761
19770	-2.61	-2.61	-1.08	-98.14	-1584
19780	-3.42	-3.42	-2	-89.22	-1455
19790	-4.1	-4.1	-2.92	-89.22	-1468
19800	-4.59	-4.59	-3.91	-81.77	-555
19810	-4.91	-4.91	-4.59	-75.49	261
19820	-4.99	-4.99	-5.1	-26.52	10069
19830	-4.87	-4.87	-5.04	30.67	9269
19840	-4.53	-4.53	-4.85	20.04	6542
19850	-4	-4	-4.53	37.75	6701
19860	-3.3	-3.3	-4	65.43	6316
19870	-2.45	-2.45	-3.3	81.77	4982
19880	-1.51	-1.51	-2.53	81.77	3740
19890	-0.49	-0.49	-1.71	89.22	2976
19900	0.55	0.55	-0.84	89.22	2180
19910	1.57	1.57	0.06	89.22	1602
19920	2.53	2.53	0.96	98.14	1294
19930	3.36	3.36	1.88	89.22	1197
19940	4.06	4.06	2.81	89.22	1197
19950	4.57	4.57	3.69	81.77	1603
19960	4.91	4.91	4.49	70.09	1399
19970	5	5	5.06	28.86	-9130
19980	4.91	4.91	5.06	-23.93	-10153
19990	4.57	4.57	4.87	-18.17	-7139
20000	4.06	4.06	4.55	-39.25	-7347
20010	3.36	3.36	4.04	-65.43	-7051
20020	2.51	2.51	3.38	-81.77	-6047
20030	1.55	1.55	2.57	-89.22	-4075
20040	0.53	0.53	1.75	-98.14	-3100
20050	-0.53	-0.53	0.86	-81.77	-2363
20060	-1.55	-1.55	-0.04	-81.77	-1808
20070	-2.51	-2.51	-0.96	-98.14	-1490
20080	-3.36	-3.36	-1.84	-98.14	-1510
20090	-4.04	-4.04	-2.77	-89.22	-1464
20100	-4.57	-4.57	-3.67	-98.14	-1859
20110	-4.89	-4.89	-4.47	-75.49	-316
20120	-4.99	-4.99	-5.06	-26.52	9956
20130	-4.87	-4.87	-5.06	22.81	9754
20140	-4.53	-4.53	-4.85	21.81	6924
20150	-4	-4	-4.51	44.61	7054
20160	-3.28	-3.28	-4.02	57.72	6358
20170	-2.41	-2.41	-3.34	75.49	5339
20180	-1.45	-1.45	-2.53	89.22	3630
20190	-0.41	-0.41	-1.71	75.49	2670
20200	0.65	0.65	-0.82	81.77	1879
20210	1.67	1.67	0.12	89.22	1401
20220	2.63	2.63	1	98.14	1219
20230	3.45	3.45	1.92	89.22	1207
20240	4.14	4.14	2.85	89.22	1192
20250	4.65	4.65	3.73	81.77	1602
20260	4.93	4.93	4.53	75.49	-862
20270	5	5	5.06	25.83	-9649
20280	4.85	4.85	5.02	-28.86	-9340
20290	4.47	4.47	4.79	-24.53	-6735
20300	3.91	3.91	4.46	-40.89	-7227
20310	3.16	3.16	3.81	-70.09	-8381
20320	2.26	2.26	3.04	-81.77	-5954
20330	1.28	1.28	2.18	-89.22	-4641
20340	0.22	0.22	1.26	-75.49	-4332
20350	-0.84	-0.84	0.33	-89.22	-3390
20360	-1.86	-1.86	-0.71	-89.22	-2622
20370	-2.81	-2.81	-1.47	-81.77	-2218
20380	-3.61	-3.61	-2.24	-89.22	-2173
20390	-4.26	-4.26	-3	-98.14	-1603
20400	-4.71	-4.71	-3.73	-89.22	-1427
20410	-4.95	-4.95	-4.44	-81.77	1040
20420	-4.97	-4.97	-5.06	-35.05	10196
20430	-4.75	-4.75	-5.12	20.88	10201
20440	-4.32	-4.32	-4.79	42.66	7547
20450	-3.69	-3.69	-4.26	61.33	6168
20460	-2.89	-2.89	-3.63	70.09	5684
20470	-1.96	-1.96	-2.9	75.49	4573
20480	-0.94	-0.94	-2.12	81.77	3529
20490	0.14	0.14	-1.26	81.77	2410
20500	1.2	1.2	-0.37	98.14	1651
20510	2.2	2.2	0.55	89.22	1338
20520	3.1	3.1	1.67	89.22	1244
20530	3.87	3.87	2.43	98.14	1365
20540	4.46	4.46	3.28	98.14	1291
20550	4.85	4.85	4.16	89.22	1930
20560	5	5	4.87	46.73	-6573
20570	4.93	4.93	5.08	0	-11005
20580	4.63	4.63	4.93	-23.36	-7585
20590	4.12	4.12	4.61	-33.84	-6298
20600	3.42	3.42	4.16	-49.07	-6561
20610	2.55	2.55	3.51	-70.09	-6354
20620	1.57	1.57	2.71	-81.77	-3893
20630	0.53	0.53	1.88	-81.77	-2926
20640	-0.55	-0.55	1	-89.22	-2166
20650	-1.61	-1.61	0.08	-89.22	-1693
20660	-2.59	-2.59	-0.84	-98.14	-1441
20670	-3.43	-3.43	-1.77	-89.22	-1531
20680	-4.14	-4.14	-2.69	-98.14	-1433
20690	-4.65	-4.65	-3.61	-89.22	-1444
20700	-4.93	-4.93	-4.46	-89.22	154
20710	-4.99	-4.99	-5.08	-33.84	9913
20720	-4.81	-4.81	-5.12	20.44	10067
20730	-4.4	-4.4	-4.83	33.84	6610
20740	-3.79	-3.79	-4.4	49.07	5969
20750	-2.98	-2.98	-3.81	70.09	6660
20760	-2.06	-2.06	-3.06	81.77	4333
20770	-1.02	-1.02	-2.24	81.77	3255
20780	0.06	0.06	-1.39	81.77	2286
20790	1.14	1.14	-0.49	98.14	1548
20800	2.16	2.16	0.43	89.22	1239
20810	3.08	3.08	1.45	89.22	1185
20820	3.87	3.87	2.45	98.14	1179
20830	4.46	4.46	3.53	98.14	1918
20840	4.85	4.85	4.24	89.22	1748
20850	5	5	4.87	61.33	-5959
20860	4.93	4.93	5.16	9.72	-11036
20870	4.61	4.61	4.91	-46.73	-9497
20880	4.08	4.08	4.53	-46.73	-6648
20890	3.36	3.36	4	-57.72	-6274
20900	2.47	2.47	3.36	-70.09	-6143
20910	1.45	1.45	2.57	-81.77	-4177
20920	0.39	0.39	1.73	-89.22	-2869
20930	-0.71	-0.71	0.84	-98.14	-2076
20940	-1.77	-1.77	-0.08	-98.14	-1681
20950	-2.75	-2.75	-1	-89.22	-1484
20960	-3.59	-3.59	-1.92	-98.14	-1469
20970	-4.26	-4.26	-2.85	-109.03	-1390
20980	-4.73	-4.73	-3.77	-89.22	-1428
20990	-4.97	-4.97	-4.71	-61.33	4833
21000	-4.97	-4.97	-5.14	-20.04	11127
21010	-4.73	-4.73	-5.08	29.74	10056
21020	-4.26	-4.26	-4.73	40.89	6909
21030	-3.57	-3.57	-4.22	57.72	6264
21040	-2.73	-2.73	-3.57	65.43	5704
21050	-1.75	-1.75	-2.81	81.77	3974
21060	-0.69	-0.69	-1.98	81.77	3012
21070	0.41	0.41	-1.1	81.77	2023
21080	1.49	1.49	-0.2	98.14	1462
21090	2.51	2.51	0.73	98.14	1210
21100	3.4	3.4	1.65	98.14	1121
21110	4.12	4.12	2.57	89.22	1161
21120	4.65	4.65	3.47	81.77	1200
21130	4.95	4.95	4.36	89.22	171
21140	5	5	5.02	35.05	-9386
21150	4.81	4.81	5.06	-19.23	-9828
21160	4.4	4.4	4.79	-33.84	-7145
21170	3.77	3.77	4.38	-46.73	-7019
21180	2.94	2.94	3.79	-70.09	-6781
21190	1.98	1.98	3.04	-75.49	-4705
21200	0.92	0.92	2.22	-98.14	-3213
21210	-0.2	-0.2	1.33	-98.14	-2255
21220	-1.3	-1.3	0.43	-89.22	-1700
21230	-2.32	-2.32	-0.49	-98.14	-1504
21240	-3.24	-3.24	-1.41	-98.14	-1416
21250	-4	-4	-2.36	-98.14	-1419
21260	-4.55	-4.55	-3.28	-98.14	-1428
21270	-4.89	-4.89	-4.18	-81.77	-1125
21280	-4.99	-4.99	-4.91	-46.73	9755
21290	-4.83	-4.83	-5.04	15.11	10089
21300	-4.44	-4.44	-4.81	30.67	7357
21310	-3.83	-3.83	-4.42	39.25	6602
21320	-3.02	-3.02	-3.77	81.77	7275
21330	-2.06	-2.06	-2.89	81.77	4877
21340	-1	-1	-2.06	70.09	4407
21350	0.1	0.1	-1.39	89.22	3127
21360	1.22	1.22	-0.65	89.22	1714
21370	2.26	2.26	0.24	81.77	1284
21380	3.2	3.2	1.16	98.14	1149
21390	3.96	3.96	2.08	89.22	1151
21400	4.55	4.55	3	89.22	1167
21410	4.91	4.91	3.93	98.14	1167
21420	5	5	4.71	61.33	-7667
21430	4.87	4.87	4.99	0	-10293
21440	4.47	4.47	4.83	-25.17	-7655
21450	3.87	3.87	4.47	-49.07	-7328
21460	3.06	3.06	3.91	-61.33	-6922
21470	2.1	2.1	3.2	-81.77	-4907
21480	1.04	1.04	2.36	-81.77	-3103
21490	-0.08	-0.08	1.47	-89.22	-2239
21500	-1.2	-1.2	0.57	-89.22	-1740
21510	-2.26	-2.26	-0.35	-89.22	-1523
21520	-3.18	-3.18	-1.28	-89.22	-1446
21530	-3.96	-3.96	-2.2	-98.14	-1486
21540	-4.55	-4.55	-3.12	-89.22	-1498
21550	-4.89	-4.89	-4.04	-98.14	-1296
21560	-4.99	-4.99	-4.81	-49.07	9436
21570	-4.83	-4.83	-5.02	0	10717
21580	-4.44	-4.44	-4.81	28.86	7667
21590	-3.81	-3.81	-4.44	39.25	6617
21600	-2.98	-2.98	-3.85	61.33	6914
21610	-2	-2	-3.1	75.49	4239
21620	-0.92	-0.92	-2.26	89.22	2730
21630	0.2	0.2	-1.37	89.22	1826
21640	1.32	1.32	-0.47	89.22	1359
21650	2.37	2.37	0.45	98.14	1151
21660	3.3	3.3	1.37	98.14	1142
21670	4.06	4.06	2.3	89.22	1131
21680	4.61	4.61	3.22	89.22	1217
21690	4.95	4.95	4.12	81.77	725
21700	5	5	4.85	42.66	-9251
21710	4.81	4.81	4.95	-14.43	-10123
21720	4.38	4.38	4.75	-29.74	-7768
21730	3.71	3.71	4.36	-51.64	-7701
21740	2.85	2.85	3.75	-65.43	-7173
21750	1.84	1.84	2.96	-81.77	-4091
21760	0.75	0.75	2.08	-81.77	-3017
21770	-0.39	-0.39	1.24	-89.22	-2213
21780	-1.49	-1.49	0.31	-89.22	-1625
21790	-2.53	-2.53	-0.61	-109.03	-1449
21800	-3.45	-3.45	-1.53	-81.77	-1456
21810	-4.18	-4.18	-2.45	-89.22	-1420
21820	-4.69	-4.69	-3.53	-98.14	-1431
21830	-4.95	-4.95	-4.32	-81.77	311
21840	-4.97	-4.97	-4.95	-46.73	9779
21850	-4.71	-4.71	-5.08	12.91	10523
21860	-4.22	-4.22	-4.75	49.07	8143
21870	-3.49	-3.49	-4.2	61.33	6571
21880	-2.59	-2.59	-3.49	81.77	5048
21890	-1.55	-1.55	-2.71	89.22	3642
21900	-0.43	-0.43	-1.86	89.22	2489
21910	0.71	0.71	-0.96	89.22	1674
21920	1.81	1.81	-0.06	89.22	1261
21930	2.83	2.83	0.86	98.14	1113
21940	3.69	3.69	1.79	89.22	1148
21950	4.38	4.38	2.71	81.77	1159
21960	4.81	4.81	3.63	109.03	1139
21970	5	5	4.49	81.77	-1946
21980	4.93	4.93	5.1	30.67	-9506
21990	4.59	4.59	5.08	-25.83	-10184
22000	4.02	4.02	4.53	-61.33	-9345
22010	3.24	3.24	4	-75.49	-5936
22020	2.28	2.28	3.26	-81.77	-4654
22030	1.2	1.2	2.45	-89.22	-3741
22040	0.06	0.06	1.59	-81.77	-2574
22050	-1.08	-1.08	0.69	-98.14	-1821
22060	-2.18	-2.18	-0.24	-81.77	-1580
22070	-3.14	-3.14	-1.2	-89.22	-1511
22080	-3.95	-3.95	-2.1	-98.14	-1434
22090	-4.55	-4.55	-3.02	-89.22	-1454
22100	-4.91	-4.91	-3.95	-89.22	-1484
22110	-4.99	-4.99	-4.73	-54.52	9329
22120	-4.81	-4.81	-4.97	0.14	10553
22130	-4.38	-4.38	-4.79	25.83	7714
22140	-3.71	-3.71	-4.4	49.07	7217
22150	-2.83	-2.83	-3.77	75.49	6401
22160	-1.81	-1.81	-2.98	81.77	3707
22170	-0.69	-0.69	-2.12	89.22	2421
22180	0.47	0.47	-1.24	81.77	1650
22190	1.61	1.61	-0.31	98.14	1261
22200	2.65	2.65	0.61	81.77	1172
22210	3.55	3.55	1.53	98.14	1170
22220	4.28	4.28	2.45	98.14	1126
22230	4.77	4.77	3.36	89.22	1168
22240	4.99	4.99	4.28	89.22	-895
22250	4.95	4.95	4.95	35.05	-9584
22260	4.65	4.65	5	-18.17	-10107
22270	4.08	4.08	4.67	-40.89	-7434
22280	3.32	3.32	4.12	-65.43	-7146
22290	2.36	2.36	3.4	-75.49	-5196
22300	1.28	1.28	2.57	-89.22	-3349
22310	0.12	0.12	1.55	-89.22	-2230
22320	-1.04	-1.04	0.57	-89.22	-1753
22330	-2.14	-2.14	-0.47	-89.22	-1565
22340	-3.14	-3.14	-1.53	-81.77	-1472
22350	-3.95	-3.95	-2.39	-98.14	-1462
22360	-4.55	-4.55	-3.12	-89.22	-1498
22370	-4.91	-4.91	-3.98	-98.14	-1472
22380	-4.99	-4.99	-4.77	-49.07	9952
22390	-4.79	-4.79	-4.99	0.14	11055
22400	-4.34	-4.34	-4.79	35.05	8778
22410	-3.65	-3.65	-4.32	57.72	6378
22420	-2.75	-2.75	-3.67	75.49	5619
22430	-1.71	-1.71	-2.89	81.77	3622
22440	-0.57	-0.57	-2.02	81.77	2332
22450	0.61	0.61	-1.12	81.77	1632
22460	1.75	1.75	-0.22	98.14	1213
22470	2.79	2.79	0.71	89.22	1128
22480	3.69	3.69	1.63	81.77	1164
22490	4.38	4.38	2.55	98.14	1161
22500	4.83	4.83	3.47	98.14	1157
22510	5	5	4.38	98.14	-1806
22520	4.91	4.91	5	29.74	-9821
22530	4.55	4.55	5.02	-23.36	-10054
22540	3.93	3.93	4.61	-54.52	-8560
22550	3.1	3.1	3.95	-70.09	-6277
22560	2.1	2.1	3.2	-89.22	-4199
22570	0.96	0.96	2.36	-89.22	-3084
22580	-0.2	-0.2	1.47	-98.14	-2156
22590	-1.37	-1.37	0.55	-89.22	-1596
22600	-2.45	-2.45	-0.37	-98.14	-1433
22610	-3.42	-3.42	-1.3	-89.22	-1475
22620	-4.16	-4.16	-2.22	-89.22	-1503
22630	-4.69	-4.69	-3.14	-98.14	-1469
22640	-4.97	-4.97	-4.06	-89.22	-1311
22650	-4.95	-4.95	-4.83	-46.73	10041
22660	-4.65	-4.65	-4.99	0	10436
22670	-4.1	-4.1	-4.69	51.64	8409
22680	-3.32	-3.32	-4.12	65.43	6390
22690	-2.36	-2.36	-3.36	81.77	4574
22700	-1.24	-1.24	-2.57	89.22	3010
22710	-0.06	-0.06	-1.69	98.14	1834
22720	1.12	1.12	-0.77	89.22	1300
22730	2.24	2.24	0.16	98.14	1172
22740	3.22	3.22	1.08	89.22	1085
22750	4.04	4.04	2	98.14	1130
22760	4.63	4.63	2.92	89.22	1133
22770	4.95	4.95	3.83	98.14	1133
22780	4.99	4.99	4.65	57.72	-8310
22790	4.75	4.75	4.93	0	-11071
22800	4.24	4.24	4.73	-28.86	-8114
22810	3.49	3.49	4.26	-61.33	-7566
22820	2.55	2.55	3.49	-81.77	-5560
22830	1.45	1.45	2.55	-89.22	-3560
22840	0.29	0.29	1.59	-81.77	-2783
22850	-0.9	-0.9	0.63	-89.22	-2012
22860	-2.04	-2.04	-0.45	-89.22	-1492
22870	-3.06	-3.06	-1.51	-89.22	-1432
22880	-3.91	-3.91	-2.3	-98.14	-1442
22890	-4.53	-4.53	-3.04	-98.14	-1445
22900	-4.91	-4.91	-3.81	-81.77	-1424
22910	-4.99	-4.99	-4.51	-75.49	5342
22920	-4.79	-4.79	-5.04	-25.83	10923
22930	-4.3	-4.3	-5	26.52	9997
22940	-3.57	-3.57	-4.51	65.43	8924
22950	-2.65	-2.65	-3.73	75.49	3822
22960	-1.55	-1.55	-2.89	89.22	2775
22970	-0.37	-0.37	-2.02	98.14	1859
22980	0.82	0.82	-1.1	89.22	1343
22990	1.96	1.96	-0.18	89.22	1182
23000	3	3	0.77	89.22	1130
23010	3.89	3.89	1.69	89.22	1124
23020	4.51	4.51	2.59	98.14	1117
23030	4.91	4.91	3.49	89.22	1139
23040	5	5	4.42	89.22	-3513
23050	4.81	4.81	5	25.17	-10023
23060	4.36	4.36	4.99	-29.74	-10007
23070	3.63	3.63	4.51	-65.43	-9635
23080	2.69	2.69	3.77	-81.77	-4688
23090	1.61	1.61	2.92	-89.22	-3145
23100	0.43	0.43	2.04	-89.22	-2270
23110	-0.79	-0.79	1.14	-89.22	-1743
23120	-1.94	-1.94	0.22	-98.14	-1489
23130	-2.98	-2.98	-0.71	-89.22	-1406
23140	-3.87	-3.87	-1.63	-98.14	-1458
23150	-4.51	-4.51	-2.55	-98.14	-1458
23160	-4.89	-4.89	-3.47	-89.22	-1432
23170	-4.99	-4.99	-4.4	-89.22	3696
23180	-4.79	-4.79	-5	-27.26	10134
23190	-4.32	-4.32	-5	27.26	9786
23200	-3.57	-3.57	-4.53	70.09	9505
23210	-2.63	-2.63	-3.75	81.77	3823
23220	-1.53	-1.53	-2.9	89.22	2548
23230	-0.33	-0.33	-2	98.14	1764
23240	0.86	0.86	-1.1	89.22	1343
23250	2.04	2.04	-0.18	89.22	1141
23260	3.08	3.08	0.75	98.14	1126
23270	3.95	3.95	1.67	89.22	1140
23280	4.57	4.57	2.59	98.14	1158
23290	4.93	4.93	3.51	89.22	1119
23300	5	5	4.42	89.22	-3600
23310	4.77	4.77	4.99	25.83	-10778
23320	4.26	4.26	4.89	-39.25	-10241
23330	3.51	3.51	4.32	-81.77	-8594
23340	2.53	2.53	3.61	-81.77	-4565
23350	1.41	1.41	2.89	-81.77	-3155
23360	0.22	0.22	1.98	-98.14	-1917
23370	-1	-1	1.06	-89.22	-1561
23380	-2.16	-2.16	0.14	-89.22	-1475
23390	-3.18	-3.18	-0.79	-89.22	-1451
23400	-4.02	-4.02	-1.71	-98.14	-1462
23410	-4.61	-4.61	-2.65	-89.22	-1454
23420	-4.95	-4.95	-3.57	-89.22	-1468
23430	-4.97	-4.97	-4.46	-75.49	6852
23440	-4.69	-4.69	-4.91	-13.82	10992
23450	-4.12	-4.12	-4.77	33.84	9949
23460	-3.32	-3.32	-4.26	70.09	7931
23470	-2.32	-2.32	-3.47	81.77	3758
23480	-1.18	-1.18	-2.61	89.22	2470
23490	0.06	0.06	-1.73	89.22	1653
23500	1.26	1.26	-0.8	81.77	1278
23510	2.41	2.41	0.12	98.14	1175
23520	3.4	3.4	1.04	89.22	1100
23530	4.2	4.2	1.94	98.14	1126
23540	4.73	4.73	2.87	89.22	1136
23550	4.99	4.99	3.79	89.22	1147
23560	4.95	4.95	4.63	61.33	-8227
23570	4.59	4.59	4.95	7.79	-11474
23580	3.96	3.96	4.71	-49.07	-10110
23590	3.1	3.1	4.08	-81.77	-7278
23600	2.06	2.06	3.28	-81.77	-3858
23610	0.88	0.88	2.41	-81.77	-2482
23620	-0.35	-0.35	1.47	-98.14	-1804
23630	-1.57	-1.57	0.59	-89.22	-1543
23640	-2.69	-2.69	-0.33	-98.14	-1440
23650	-3.63	-3.63	-1.26	-98.14	-1491
23660	-4.36	-4.36	-2.18	-89.22	-1475
23670	-4.83	-4.83	-3.1	-98.14	-1472
23680	-4.99	-4.99	-4.04	-98.14	-1335
23690	-4.85	-4.85	-4.81	-46.73	9663
23700	-4.42	-4.42	-4.99	0	10109
23710	-3.71	-3.71	-4.63	57.72	9796
23720	-2.77	-2.77	-3.93	75.49	4866
23730	-1.67	-1.67	-3.08	89.22	2562
23740	-0.45	-0.45	-2.18	89.22	1729
23750	0.79	0.79	-1.28	89.22	1268
23760	1.98	1.98	-0.35	89.22	1150
23770	3.06	3.06	0.57	98.14	1129
23780	3.95	3.95	1.49	98.14	1116
23790	4.57	4.57	2.41	89.22	1117
23800	4.95	4.95	3.34	98.14	1146
23810	4.99	4.99	4.36	81.77	-5177
23820	4.73	4.73	4.91	19.63	-10198
23830	4.2	4.2	4.83	-35.05	-10158
23840	3.4	3.4	4.42	-70.09	-10140
23850	2.37	2.37	3.63	-89.22	-4068
23860	1.2	1.2	2.75	-89.22	-2307
23870	-0.04	-0.04	1.77	-89.22	-1735
23880	-1.28	-1.28	0.92	-109.03	-1456
23890	-2.43	-2.43	0	-89.22	-1481
23900	-3.43	-3.43	-0.92	-98.14	-1418
23910	-4.22	-4.22	-1.84	-98.14	-1446
23920	-4.75	-4.75	-2.77	-89.22	-1419
23930	-4.99	-4.99	-3.73	-98.14	-1399
23940	-4.91	-4.91	-4.57	-70.09	7921
23950	-4.51	-4.51	-4.95	-12.42	11459
23960	-3.85	-3.85	-4.75	44.61	9834
23970	-2.92	-2.92	-4.12	89.22	6948
23980	-1.83	-1.83	-3.26	89.22	2429
23990	-0.61	-0.61	-2.37	89.22	1549
24000	0.63	0.63	-1.45	89.22	1283
24010	1.84	1.84	-0.53	98.14	1197
24020	2.94	2.94	0.39	89.22	1175
24030	3.87	3.87	1.32	98.14	1166
24040	4.53	4.53	2.2	89.22	1113
24050	4.93	4.93	3.12	89.22	1147
24060	5	5	4.04	89.22	836
24070	4.77	4.77	4.79	46.73	-9418
24080	4.22	4.22	4.95	-8.46	-10542
24090	3.42	3.42	4.59	-61.33	-10311
24100	2.39	2.39	3.85	-81.77	-5029
24110	1.22	1.22	2.9	-89.22	-2100
24120	-0.04	-0.04	2.02	-89.22	-1557
24130	-1.28	-1.28	1.06	-98.14	-1473
24140	-2.45	-2.45	0.18	-98.14	-1426
24150	-3.45	-3.45	-0.79	-89.22	-1468
24160	-4.26	-4.26	-1.67	-98.14	-1460
24170	-4.77	-4.77	-2.59	-89.22	-1470
24180	-4.99	-4.99	-3.53	-98.14	-1475
24190	-4.89	-4.89	-4.46	-75.49	6984
24200	-4.47	-4.47	-4.89	-15.83	10911
24210	-3.77	-3.77	-4.75	32.71	9756
24220	-2.83	-2.83	-4.2	81.77	7715
24230	-1.69	-1.69	-3.34	89.22	2507
24240	-0.45	-0.45	-2.39	89.22	1383
24250	0.8	0.8	-1.51	89.22	1184
24260	2.02	2.02	-0.55	89.22	1195
24270	3.1	3.1	0.33	98.14	1182
24280	4	4	1.3	89.22	1174
24290	4.63	4.63	2.18	98.14	1111
24300	4.97	4.97	3.1	98.14	1161
24310	4.99	4.99	4.02	81.77	170
24320	4.67	4.67	4.81	36.35	-9360
24330	4.06	4.06	4.83	-28.04	-10076
24340	3.2	3.2	4.32	-75.49	-9926
24350	2.12	2.12	3.65	-89.22	-4226
24360	0.92	0.92	2.87	-98.14	-2014
24370	-0.35	-0.35	1.94	-89.22	-1552
24380	-1.61	-1.61	1.02	-89.22	-1439
24390	-2.75	-2.75	0.1	-109.03	-1401
24400	-3.71	-3.71	-0.82	-89.22	-1417
24410	-4.44	-4.44	-1.77	-89.22	-1438
24420	-4.87	-4.87	-2.69	-89.22	-1413
24430	-4.99	-4.99	-3.61	-98.14	-1402
24440	-4.77	-4.77	-4.49	-65.43	7351
24450	-4.26	-4.26	-4.93	-11.82	11677
24460	-3.45	-3.45	-4.79	36.35	9959
24470	-2.43	-2.43	-4.2	81.77	7460
24480	-1.24	-1.24	-3.34	98.14	2431
24490	0.02	0.02	-2.43	89.22	1333
24500	1.3	1.3	-1.51	89.22	1228
24510	2.47	2.47	-0.59	89.22	1159
24520	3.49	3.49	0.33	98.14	1172
24530	4.3	4.3	1.26	89.22	1113
24540	4.81	4.81	2.18	89.22	1111
24550	5	5	3.14	89.22	1127
24560	4.89	4.89	4	81.77	-6554
24570	4.44	4.44	4.49	21.34	-9897
24580	3.69	3.69	4.44	-29.74	-10211
24590	2.71	2.71	3.93	-75.49	-9230
24600	1.53	1.53	3.1	-89.22	-3550
24610	0.27	0.27	2.2	-89.22	-1913
24620	-1	-1	1.28	-98.14	-1540
24630	-2.22	-2.22	0.35	-81.77	-1432
24640	-3.3	-3.3	-0.57	-98.14	-1481
24650	-4.14	-4.14	-1.51	-98.14	-1460
24660	-4.71	-4.71	-2.43	-89.22	-1376
24670	-4.99	-4.99	-3.36	-89.22	-1441
24680	-4.91	-4.91	-4.26	-75.49	7061
24690	-4.51	-4.51	-4.73	-19.63	11037
24700	-3.81	-3.81	-4.61	36.35	9725
24710	-2.87	-2.87	-4.04	75.49	7777
24720	-1.73	-1.73	-3.22	98.14	2697
24730	-0.45	-0.45	-2.32	98.14	1585
24740	0.82	0.82	-1.39	89.22	1226
24750	2.06	2.06	-0.47	89.22	1179
24760	3.16	3.16	0.45	89.22	1157
24770	4.06	4.06	1.37	98.14	1173
24780	4.67	4.67	2.3	98.14	1129
24790	4.99	4.99	3.2	89.22	1147
24800	4.95	4.95	4.12	81.77	-3925
24810	4.59	4.59	4.71	27.26	-9691
24820	3.93	3.93	4.65	-39.25	-10245
24830	3	3	4.2	-75.49	-9708
24840	1.86	1.86	3.42	-89.22	-3725
24850	0.61	0.61	2.49	-98.14	-1926
24860	-0.69	-0.69	1.55	-89.22	-1569
24870	-1.94	-1.94	0.69	-98.14	-1503
24880	-3.06	-3.06	-0.24	-89.22	-1497
24890	-3.96	-3.96	-1.16	-98.14	-1393
24900	-4.61	-4.61	-2.08	-98.14	-1436
24910	-4.95	-4.95	-3	-89.22	-1396
24920	-4.95	-4.95	-3.93	-89.22	-732
24930	-4.61	-4.61	-4.69	-44.61	9691
24940	-3.95	-3.95	-4.85	7.79	10783
24950	-3.02	-3.02	-4.49	54.52	9897
24960	-1.9	-1.9	-3.75	81.77	4468
24970	-0.65	-0.65	-2.87	81.77	1703
24980	0.67	0.67	-1.94	89.22	1251
24990	1.92	1.92	-1.02	98.14	1180
25000	3.06	3.06	-0.1	81.77	1156
25010	3.98	3.98	0.82	98.14	1189
25020	4.63	4.63	1.75	89.22	1108
25030	4.97	4.97	2.77	98.14	1139
25040	4.97	4.97	3.57	89.22	1149
25050	4.63	4.63	4.46	65.43	-7308
25060	3.96	3.96	4.83	0	-11209
25070	3.04	3.04	4.63	-42.66	-10208
25080	1.9	1.9	4	-89.22	-7407
25090	0.65	0.65	3.14	-89.22	-2710
25100	-0.67	-0.67	2.22	-98.14	-1641
25110	-1.94	-1.94	1.3	-81.77	-1478
25120	-3.06	-3.06	0.37	-89.22	-1423
25130	-3.98	-3.98	-0.55	-98.14	-1395
25140	-4.63	-4.63	-1.47	-89.22	-1412
25150	-4.95	-4.95	-2.41	-89.22	-1389
25160	-4.95	-4.95	-3.34	-98.14	-1415
25170	-4.57	-4.57	-4.28	-81.77	6688
25180	-3.91	-3.91	-4.75	-23.36	11319
25190	-2.96	-2.96	-4.69	36.35	9825
25200	-1.81	-1.81	-4.14	81.77	8404
25210	-0.53	-0.53	-3.3	89.22	2700
25220	0.79	0.79	-2.39	89.22	1410
25230	2.06	2.06	-1.47	98.14	1194
25240	3.18	3.18	-0.55	98.14	1141
25250	4.08	4.08	0.37	89.22	1162
25260	4.69	4.69	1.3	89.22	1152
25270	4.99	4.99	2.22	89.22	1167
25280	4.93	4.93	3.14	89.22	1176
25290	4.53	4.53	4.02	65.43	-6825
25300	3.83	3.83	4.49	15.83	-11045
25310	2.85	2.85	4.3	-44.61	-10125
25320	1.67	1.67	3.59	-89.22	-6537
25330	0.37	0.37	2.61	-89.22	-2280
25340	-0.94	-0.94	1.61	-89.22	-1657
25350	-2.2	-2.2	0.57	-89.22	-1473
25360	-3.3	-3.3	-0.53	-98.14	-1438
25370	-4.16	-4.16	-1.53	-89.22	-1461
25380	-4.75	-4.75	-2.53	-81.77	-1422
25390	-4.99	-4.99	-3.32	-89.22	-1398
25400	-4.87	-4.87	-4.02	-70.09	7069
25410	-4.42	-4.42	-4.47	-29.74	10970
25420	-3.65	-3.65	-4.49	16.93	10241
25430	-2.63	-2.63	-4.16	57.72	9723
25440	-1.41	-1.41	-3.42	98.14	4470
25450	-0.1	-0.1	-2.53	81.77	1721
25460	1.22	1.22	-1.61	98.14	1269
25470	2.45	2.45	-0.65	89.22	1167
25480	3.51	3.51	0.24	81.77	1172
25490	4.34	4.34	1.16	109.03	1093
25500	4.85	4.85	2.08	81.77	1149
25510	5	5	3	98.14	1103
25520	4.83	4.83	3.89	75.49	-6312
25530	4.3	4.3	4.42	24.53	-9102
25540	3.45	3.45	4.4	-27.26	-10175
25550	2.37	2.37	3.93	-75.49	-10018
25560	1.12	1.12	3.1	-81.77	-3776
25570	-0.2	-0.2	2.2	-98.14	-1881
25580	-1.51	-1.51	1.28	-109.03	-1437
25590	-2.73	-2.73	0.35	-81.77	-1503
25600	-3.73	-3.73	-0.57	-89.22	-1443
25610	-4.47	-4.47	-1.49	-98.14	-1387
25620	-4.91	-4.91	-2.41	-89.22	-1412
25630	-4.97	-4.97	-3.36	-98.14	-1447
25640	-4.69	-4.69	-4.26	-81.77	6253
25650	-4.06	-4.06	-4.75	-23.93	10881
25660	-3.16	-3.16	-4.65	31.65	9880
25670	-2	-2	-4.08	81.77	8329
25680	-0.73	-0.73	-3.24	81.77	2711
25690	0.63	0.63	-2.32	98.14	1382
25700	1.92	1.92	-1.41	89.22	1180
25710	3.08	3.08	-0.49	89.22	1160
25720	4.02	4.02	0.43	89.22	1116
25730	4.67	4.67	1.35	89.22	1132
25740	4.99	4.99	2.28	89.22	1086
25750	4.95	4.95	3.2	98.14	1199
25760	4.53	4.53	4.1	81.77	-6816
25770	3.81	3.81	4.51	12.42	-10719
25780	2.81	2.81	4.38	-36.35	-10181
25790	1.61	1.61	3.77	-81.77	-7992
25800	0.27	0.27	2.94	-89.22	-2953
25810	-1.06	-1.06	2.02	-98.14	-1729
25820	-2.34	-2.34	0.88	-89.22	-1488
25830	-3.43	-3.43	0.04	-89.22	-1478
25840	-4.28	-4.28	-0.75	-89.22	-1495
25850	-4.81	-4.81	-1.67	-98.14	-1422
25860	-4.99	-4.99	-2.59	-81.77	-1442
25870	-4.81	-4.81	-3.51	-98.14	-1398
25880	-4.28	-4.28	-4.36	-61.33	8622
25890	-3.43	-3.43	-4.69	-8.24	11369
25900	-2.34	-2.34	-4.46	54.52	9806
25910	-1.06	-1.06	-3.81	81.77	6113
25920	0.29	0.29	-2.92	98.14	2052
25930	1.61	1.61	-2	98.14	1295
25940	2.83	2.83	-1.08	89.22	1145
25950	3.83	3.83	-0.18	89.22	1143
25960	4.55	4.55	0.75	89.22	1150
25970	4.95	4.95	1.67	98.14	1149
25980	4.99	4.99	2.59	89.22	1148
25990	4.63	4.63	3.49	70.09	-6182
26000	3.96	3.96	4.16	54.52	-5922
26010	2.98	2.98	4.42	0	-10705
26020	1.81	1.81	4.16	-46.73	-10114
26030	0.47	0.47	3.47	-89.22	-6371
26040	-0.88	-0.88	2.55	-98.14	-2372
26050	-2.18	-2.18	1.67	-98.14	-1648
26060	-3.3	-3.3	0.75	-98.14	-1546
26070	-4.2	-4.2	-0.18	-89.22	-1439
26080	-4.77	-4.77	-1.1	-89.22	-1497
26090	-4.99	-4.99	-2.02	-98.14	-1511
26100	-4.85	-4.85	-2.98	-89.22	-1424
26110	-4.34	-4.34	-3.85	-75.49	6853
26120	-3.49	-3.49	-4.34	-14.87	10897
26130	-2.39	-2.39	-4.22	33.84	9778
26140	-1.14	-1.14	-3.65	81.77	7844
26150	0.24	0.24	-2.81	89.22	2523
26160	1.57	1.57	-1.88	98.14	1396
26170	2.81	2.81	-0.98	89.22	1172
26180	3.83	3.83	-0.06	89.22	1173
26190	4.55	4.55	0.86	98.14	1102
26200	4.95	4.95	1.79	89.22	1138
26210	4.97	4.97	2.71	89.22	1131
26220	4.63	4.63	3.61	75.49	-6626
26230	3.95	3.95	4.18	36.35	-7211
26240	2.94	2.94	4.26	-15.83	-9907
26250	1.75	1.75	3.87	-61.33	-10185
26260	0.39	0.39	3.1	-89.22	-4513
26270	-0.96	-0.96	2.2	-98.14	-1984
26280	-2.26	-2.26	1.28	-98.14	-1541
26290	-3.4	-3.4	0.35	-81.77	-1415
26300	-4.26	-4.26	-0.57	-89.22	-1456
26310	-4.81	-4.81	-1.51	-81.77	-1435
26320	-4.99	-4.99	-2.57	-98.14	-1470
26330	-4.79	-4.79	-3.67	-109.03	-1173
26340	-4.24	-4.24	-4.36	-65.43	8178
26350	-3.36	-3.36	-4.67	-15.34	10860
26360	-2.24	-2.24	-4.53	33.84	9902
26370	-0.92	-0.92	-3.95	81.77	7776
26380	0.45	0.45	-3.08	81.77	2482
26390	1.79	1.79	-2.1	89.22	1351
26400	3	3	-1.26	81.77	1208
26410	3.98	3.98	-0.33	98.14	1146
26420	4.65	4.65	0.59	89.22	1138
26430	4.99	4.99	1.51	89.22	1128
26440	4.93	4.93	2.43	98.14	1133
26450	4.49	4.49	3.34	75.49	-6002
26460	3.73	3.73	4	51.64	-5476
26470	2.67	2.67	4.26	0	-10507
26480	1.41	1.41	4	-51.64	-10175
26490	0.06	0.06	3.32	-89.22	-6417
26500	-1.32	-1.32	2.43	-89.22	-2409
26510	-2.59	-2.59	1.51	-89.22	-1610
26520	-3.67	-3.67	0.59	-89.22	-1501
26530	-4.46	-4.46	-0.33	-89.22	-1421
26540	-4.91	-4.91	-1.26	-98.14	-1468
26550	-4.97	-4.97	-2.18	-89.22	-1469
26560	-4.65	-4.65	-3.1	-98.14	-1324
26570	-3.98	-3.98	-3.98	-81.77	6231
26580	-3	-3	-4.47	-18.87	11396
26590	-1.81	-1.81	-4.36	33.84	9877
26600	-0.45	-0.45	-3.81	75.49	7987
26610	0.94	0.94	-2.96	98.14	2615
26620	2.26	2.26	-2.04	89.22	1363
26630	3.4	3.4	-1.12	98.14	1227
26640	4.28	4.28	-0.22	89.22	1215
26650	4.83	4.83	0.71	89.22	1186
26660	5	5	1.63	98.14	1156
26670	4.81	4.81	2.55	89.22	1133
26680	4.22	4.22	3.45	75.49	-6647
26690	3.32	3.32	3.91	11.96	-11473
26700	2.14	2.14	3.77	-36.35	-10242
26710	0.82	0.82	3.2	-81.77	-8585
26720	-0.59	-0.59	2.36	-89.22	-2978
26730	-1.92	-1.92	1.39	-98.14	-1630
26740	-3.12	-3.12	0.51	-89.22	-1463
26750	-4.08	-4.08	-0.41	-98.14	-1412
26760	-4.71	-4.71	-1.33	-89.22	-1456
26770	-4.99	-4.99	-2.26	-89.22	-1464
26780	-4.87	-4.87	-3.18	-98.14	-1441
26790	-4.36	-4.36	-4.1	-75.49	6933
26800	-3.51	-3.51	-4.57	-16.63	10860
26810	-2.39	-2.39	-4.46	36.35	9792
26820	-1.08	-1.08	-3.87	70.09	7506
26830	0.31	0.31	-2.85	89.22	2010
26840	1.69	1.69	-1.79	89.22	1288
26850	2.92	2.92	-1.02	81.77	1147
26860	3.95	3.95	-0.29	89.22	1177
26870	4.65	4.65	0.63	98.14	1132
26880	4.99	4.99	1.55	89.22	1164
26890	4.93	4.93	2.47	89.22	1152
26900	4.49	4.49	3.38	70.09	-6526
26910	3.69	3.69	4	51.64	-5589
26920	2.61	2.61	4.24	-0.14	-10265
26930	1.32	1.32	3.95	-54.52	-10178
26940	-0.08	-0.08	3.24	-81.77	-5705
26950	-1.47	-1.47	2.34	-89.22	-2270
26960	-2.73	-2.73	1.41	-89.22	-1564
26970	-3.79	-3.79	0.49	-89.22	-1399
26980	-4.55	-4.55	-0.43	-98.14	-1449
26990	-4.95	-4.95	-1.35	-89.22	-1449
27000	-4.95	-4.95	-2.28	-98.14	-1466
27010	-4.55	-4.55	-3.18	-81.77	1529
27020	-3.79	-3.79	-4	-70.09	5407
27030	-2.73	-2.73	-4.46	-19.23	11351
27040	-1.45	-1.45	-4.3	39.25	9830
27050	-0.06	-0.06	-3.69	81.77	7148
27060	1.33	1.33	-2.87	81.77	2424
27070	2.63	2.63	-1.94	89.22	1340
27080	3.73	3.73	-1.02	98.14	1134
27090	4.51	4.51	-0.1	81.77	1133
27100	4.95	4.95	0.82	109.03	1132
27110	4.99	4.99	1.75	89.22	1150
27120	4.61	4.61	2.65	89.22	1137
27130	3.89	3.89	3.55	70.09	-6717
27140	2.85	2.85	4	12.58	-10960
27150	1.57	1.57	3.85	-36.35	-10071
27160	0.18	0.18	3.26	-81.77	-8561
27170	-1.24	-1.24	2.41	-98.14	-3049
27180	-2.55	-2.55	1.49	-89.22	-1727
27190	-3.65	-3.65	0.57	-98.14	-1510
27200	-4.46	-4.46	-0.35	-98.14	-1470
27210	-4.91	-4.91	-1.28	-89.22	-1526
27220	-4.97	-4.97	-2.2	-89.22	-1486
27230	-4.61	-4.61	-3.12	-89.22	-336
27240	-3.89	-3.89	-3.98	-75.49	5574
27250	-2.85	-2.85	-4.46	-18.51	10508
27260	-1.59	-1.59	-4.34	33.84	9849
27270	-0.18	-0.18	-3.77	75.49	8114
27280	1.24	1.24	-2.92	98.14	2627
27290	2.55	2.55	-2	89.22	1365
27300	3.65	3.65	-1.08	89.22	1231
27310	4.47	4.47	-0.18	98.14	1200
27320	4.93	4.93	0.94	98.14	1142
27330	4.99	4.99	1.92	89.22	1168
27340	4.63	4.63	2.85	89.22	1153
27350	3.91	3.91	3.77	81.77	-6441
27360	2.87	2.87	4.18	27.26	-10305
27370	1.57	1.57	4.18	-17.84	-10263
27380	0.18	0.18	3.75	-70.09	-10400
27390	-1.26	-1.26	2.96	-81.77	-3903
27400	-2.57	-2.57	2.04	-98.14	-1928
27410	-3.67	-3.67	1.12	-81.77	-1518
27420	-4.47	-4.47	0.2	-89.22	-1432
27430	-4.93	-4.93	-0.73	-98.14	-1423
27440	-4.95	-4.95	-1.65	-98.14	-1502
27450	-4.57	-4.57	-2.57	-89.22	-1460
27460	-3.83	-3.83	-3.43	-65.43	7074
27470	-2.77	-2.77	-3.93	-19.63	11055
27480	-1.47	-1.47	-3.79	37.75	9749
27490	-0.06	-0.06	-3.22	75.49	7712
27500	1.37	1.37	-2.36	98.14	2500
27510	2.67	2.67	-1.45	89.22	1381
27520	3.77	3.77	-0.53	89.22	1224
27530	4.55	4.55	0.39	98.14	1119
27540	4.97	4.97	1.32	89.22	1121
27550	4.97	4.97	2.24	98.14	1106
27560	4.55	4.55	3.12	81.77	-1227
27570	3.77	3.77	3.95	75.49	-5323
27580	2.67	2.67	4.4	12.42	-10819
27590	1.33	1.33	4.26	-39.25	-10209
27600	-0.08	-0.08	3.67	-81.77	-8356
27610	-1.51	-1.51	2.81	-109.03	-2861
27620	-2.81	-2.81	1.88	-98.14	-1643
27630	-3.87	-3.87	0.96	-98.14	-1458
27640	-4.61	-4.61	0.04	-89.22	-1451
27650	-4.97	-4.97	-0.88	-98.14	-1368
27660	-4.91	-4.91	-1.84	-89.22	-1378
27670	-4.44	-4.44	-2.71	-81.77	-840
27680	-3.59	-3.59	-3.59	-75.49	6428
27690	-2.45	-2.45	-4.04	-15.34	11101
27700	-1.12	-1.12	-3.93	37.75	9878
27710	0.33	0.33	-3.36	75.49	7640
27720	1.75	1.75	-2.49	98.14	2467
27730	3	3	-1.57	89.22	1369
27740	4.02	4.02	-0.65	98.14	1185
27750	4.71	4.71	0.26	89.22	1193
27760	5	5	1.18	81.77	1104
27770	4.87	4.87	2.1	109.03	1137
27780	4.34	4.34	3	75.49	-5215
27790	3.43	3.43	3.77	65.43	-5120
27800	2.24	2.24	4.16	12.26	-11048
27810	0.86	0.86	3.93	-51.64	-10068
27820	-0.59	-0.59	3.1	-89.22	-5223
27830	-2	-2	2.1	-98.14	-1872
27840	-3.22	-3.22	1.02	-89.22	-1488
27850	-4.18	-4.18	-0.02	-89.22	-1365
27860	-4.79	-4.79	-1.04	-89.22	-1438
27870	-4.99	-4.99	-1.79	-98.14	-1399
27880	-4.77	-4.77	-2.57	-98.14	-1381
27890	-4.14	-4.14	-3.36	-70.09	7014
27900	-3.16	-3.16	-3.79	-28.04	10963
27910	-1.9	-1.9	-3.83	16.36	10351
27920	-0.49	-0.49	-3.45	61.33	9808
27930	0.96	0.96	-2.63	81.77	3919
27940	2.34	2.34	-1.77	89.22	1580
27950	3.51	3.51	-0.8	89.22	1218
27960	4.4	4.4	0.08	98.14	1102
27970	4.91	4.91	1.04	89.22	1060
27980	4.99	4.99	1.92	98.14	1102
27990	4.65	4.65	2.87	89.22	1181
28000	3.93	3.93	3.71	65.43	-6618
28010	2.87	2.87	4.16	16.09	-10864
28020	1.55	1.55	4.02	-36.35	-10100
28030	0.12	0.12	3.43	-81.77	-8394
28040	-1.33	-1.33	2.57	-89.22	-2932
28050	-2.67	-2.67	1.67	-89.22	-1760
28060	-3.79	-3.79	0.67	-98.14	-1508
28070	-4.57	-4.57	-0.18	-89.22	-1464
28080	-4.95	-4.95	-1.12	-89.22	-1441
28090	-4.91	-4.91	-2.04	-89.22	-1470
28100	-4.46	-4.46	-2.94	-81.77	995
28110	-3.61	-3.61	-3.77	-75.49	6148
28120	-2.45	-2.45	-4.24	-17.52	11165
28130	-1.08	-1.08	-4.08	39.25	9888
28140	0.37	0.37	-3.51	81.77	7472
28150	1.81	1.81	-2.65	81.77	2393
28160	3.08	3.08	-1.73	89.22	1327
28170	4.1	4.1	-0.8	98.14	1144
28180	4.77	4.77	0.12	89.22	1151
28190	5	5	1.04	89.22	1125
28200	4.83	4.83	1.96	89.22	1112
28210	4.22	4.22	2.85	70.09	-5568
28220	3.26	3.26	3.61	65.43	-4669
28230	2	2	4.02	14.65	-10875
28240	0.59	0.59	3.85	-39.25	-10162
28250	-0.88	-0.88	3.24	-81.77	-8029
28260	-2.28	-2.28	2.37	-89.22	-2773
28270	-3.47	-3.47	1.47	-98.14	-1672
28280	-4.38	-4.38	0.51	-98.14	-1463
28290	-4.89	-4.89	-0.37	-98.14	-1445
28300	-4.97	-4.97	-1.32	-98.14	-1427
28310	-4.61	-4.61	-2.24	-98.14	-1442
28320	-3.87	-3.87	-3.14	-70.09	7025
28330	-2.77	-2.77	-3.63	0	11207
28340	-1.43	-1.43	-3.38	49.07	9818
28350	0.02	0.02	-2.57	89.22	4427
28360	1.49	1.49	-1.75	98.14	1901
28370	2.83	2.83	-1	98.14	1298
28380	3.91	3.91	-0.24	81.77	1143
28390	4.65	4.65	0.69	98.14	1121
28400	4.99	4.99	1.61	89.22	1138
28410	4.89	4.89	2.53	89.22	1116
28420	4.36	4.36	3.43	65.43	-6572
28430	3.45	3.45	3.91	18.87	-9761
28440	2.24	2.24	3.81	-32.71	-10217
28450	0.82	0.82	3.26	-81.77	-8966
28460	-0.67	-0.67	2.41	-98.14	-3165
28470	-2.08	-2.08	1.51	-98.14	-1783
28480	-3.32	-3.32	0.59	-89.22	-1495
28490	-4.28	-4.28	-0.35	-89.22	-1454
28500	-4.85	-4.85	-1.28	-89.22	-1476
28510	-4.99	-4.99	-2.2	-98.14	-1471
28520	-4.67	-4.67	-3.1	-89.22	-1395
28530	-3.96	-3.96	-3.98	-75.49	6505
28540	-2.89	-2.89	-4.47	-15.58	10842
28550	-1.57	-1.57	-4.36	33.84	9875
28560	-0.1	-0.1	-3.81	75.49	7910
28570	1.37	1.37	-2.94	81.77	2563
28580	2.73	2.73	-2.04	89.22	1359
28590	3.85	3.85	-1.08	98.14	1224
28600	4.63	4.63	-0.2	89.22	1206
28610	4.99	4.99	0.73	89.22	1118
28620	4.91	4.91	1.65	89.22	1139
28630	4.4	4.4	2.55	89.22	910
28640	3.47	3.47	3.42	75.49	-6177
28650	2.26	2.26	3.87	14.23	-11259
28660	0.84	0.84	3.71	-33.84	-10113
28670	-0.65	-0.65	3.14	-89.22	-8656
28680	-2.1	-2.1	2.28	-89.22	-2973
28690	-3.34	-3.34	1.35	-89.22	-1713
28700	-4.3	-4.3	0.43	-98.14	-1494
28710	-4.85	-4.85	-0.49	-89.22	-1419
28720	-4.99	-4.99	-1.41	-89.22	-1440
28730	-4.65	-4.65	-2.34	-89.22	-1454
28740	-3.93	-3.93	-3.24	-75.49	7047
28750	-2.83	-2.83	-3.69	-16.09	11159
28760	-1.47	-1.47	-3.55	35.05	9733
28770	0.02	0.02	-2.96	81.77	7783
28780	1.49	1.49	-2.1	98.14	2511
28790	2.85	2.85	-1.18	98.14	1433
28800	3.95	3.95	-0.29	98.14	1165
28810	4.69	4.69	0.61	89.22	1152
28820	5	5	1.79	98.14	1145
28830	4.87	4.87	2.57	98.14	1147
28840	4.3	4.3	3.36	75.49	-6711
28850	3.34	3.34	3.85	22.3	-9676
28860	2.08	2.08	3.75	-32.71	-10193
28870	0.63	0.63	3.22	-70.09	-9189
28880	-0.88	-0.88	2.37	-89.22	-3257
28890	-2.32	-2.32	1.47	-89.22	-1722
28900	-3.53	-3.53	0.43	-89.22	-1442
28910	-4.42	-4.42	-0.37	-89.22	-1488
28920	-4.91	-4.91	-1.3	-89.22	-1471
28930	-4.95	-4.95	-2.22	-89.22	-1490
28940	-4.55	-4.55	-3.12	-81.77	836
28950	-3.73	-3.73	-3.96	-70.09	5847
28960	-2.55	-2.55	-4.44	-16.93	10956
28970	-1.16	-1.16	-4.3	35.05	9861
28980	0.35	0.35	-3.73	81.77	7669
28990	1.83	1.83	-2.87	89.22	2481
29000	3.14	3.14	-1.96	98.14	1372
29010	4.16	4.16	-1.04	98.14	1143
29020	4.81	4.81	-0.12	81.77	1143
29030	5	5	0.8	98.14	1131
29040	4.75	4.75	1.73	89.22	1102
29050	4.06	4.06	2.63	75.49	-5648
29060	3	3	3.38	65.43	-4623
29070	1.67	1.67	3.79	0	-11102
29080	0.18	0.18	3.61	-40.89	-10119
29090	-1.33	-1.33	3.02	-81.77	-7918
29100	-2.71	-2.71	2.16	-89.22	-2745
29110	-3.85	-3.85	1.24	-81.77	-1652
29120	-4.63	-4.63	0.31	-89.22	-1444
29130	-4.97	-4.97	-0.61	-98.14	-1410
29140	-4.87	-4.87	-1.53	-89.22	-1457
29150	-4.3	-4.3	-2.45	-98.14	-573
29160	-3.34	-3.34	-3.3	-70.09	6284
29170	-2.06	-2.06	-3.77	-16.09	11543
29180	-0.61	-0.61	-3.63	36.35	9795
29190	0.92	0.92	-3.06	81.77	7682
29200	2.36	2.36	-2.2	89.22	2485
29210	3.57	3.57	-1.26	98.14	1366
29220	4.47	4.47	-0.37	98.14	1159
29230	4.95	4.95	0.55	98.14	1175
29240	4.97	4.97	1.47	89.22	1132
29250	4.51	4.51	2.37	89.22	1093
29260	3.65	3.65	3.28	70.09	-6565
29270	2.45	2.45	3.73	16.93	-10659
29280	1.02	1.02	3.57	-39.25	-10250
29290	-0.51	-0.51	2.98	-81.77	-8534
29300	-1.98	-1.98	2.12	-98.14	-2906
29310	-3.28	-3.28	1.18	-89.22	-1611
29320	-4.26	-4.26	0.1	-89.22	-1465
29330	-4.85	-4.85	-0.92	-98.14	-1450
29340	-4.99	-4.99	-1.67	-89.22	-1481
29350	-4.65	-4.65	-2.49	-98.14	-1389
29360	-3.87	-3.87	-3.36	-75.49	6982
29370	-2.73	-2.73	-3.83	-17.21	10804
29380	-1.33	-1.33	-3.73	35.05	9947
29390	0.18	0.18	-3.16	75.49	7821
29400	1.69	1.69	-2.3	89.22	2536
29410	3.04	3.04	-1.39	89.22	1382
29420	4.1	4.1	-0.47	98.14	1202
29430	4.79	4.79	0.49	98.14	1162
29440	5	5	1.37	89.22	1156
29450	4.77	4.77	2.3	98.14	1115
29460	4.08	4.08	3.2	70.09	-6731
29470	3	3	3.65	13.82	-10343
29480	1.65	1.65	3.51	-39.25	-10163
29490	0.14	0.14	2.96	-81.77	-8447
29500	-1.39	-1.39	2.1	-98.14	-2977
29510	-2.79	-2.79	1.18	-98.14	-1691
29520	-3.93	-3.93	0.24	-89.22	-1444
29530	-4.67	-4.67	-0.71	-81.77	-1485
29540	-4.99	-4.99	-1.59	-81.77	-1435
29550	-4.83	-4.83	-2.55	-89.22	-1445
29560	-4.2	-4.2	-3.42	-81.77	6934
29570	-3.18	-3.18	-3.89	-17.84	11520
29580	-1.84	-1.84	-3.79	35.05	9778
29590	-0.35	-0.35	-3.2	75.49	7923
29600	1.2	1.2	-2.37	89.22	2553
29610	2.61	2.61	-1.41	89.22	1412
29620	3.79	3.79	-0.53	98.14	1187
29630	4.61	4.61	0.39	89.22	1167
29640	4.99	4.99	1.32	89.22	1117
29650	4.89	4.89	2.26	98.14	1173
29660	4.32	4.32	3.12	81.77	-6679
29670	3.34	3.34	3.77	61.33	-5303
29680	2.04	2.04	4.04	0	-10185
29690	0.55	0.55	3.77	-54.52	-10139
29700	-1	-1	3.08	-89.22	-6195
29710	-2.45	-2.45	2.2	-98.14	-2429
29720	-3.67	-3.67	1.28	-98.14	-1626
29730	-4.53	-4.53	0.35	-81.77	-1453
29740	-4.95	-4.95	-0.57	-98.14	-1434
29750	-4.91	-4.91	-1.49	-98.14	-1450
29760	-4.38	-4.38	-2.41	-81.77	-1072
29770	-3.43	-3.43	-3.3	-75.49	6743
29780	-2.16	-2.16	-3.75	-15.83	10969
29790	-0.67	-0.67	-3.63	39.25	9828
29800	0.88	0.88	-3.04	75.49	7606
29810	2.36	2.36	-2.18	98.14	2466
29820	3.59	3.59	-1.2	89.22	1333
29830	4.49	4.49	0.06	89.22	1164
29840	4.97	4.97	0.94	98.14	1175
29850	4.95	4.95	1.71	98.14	1151
29860	4.44	4.44	2.43	98.14	1132
29870	3.51	3.51	3.28	75.49	-6538
29880	2.26	2.26	3.73	14.23	-11086
29890	0.77	0.77	3.57	-39.25	-10061
29900	-0.8	-0.8	2.98	-89.22	-8100
29910	-2.28	-2.28	2.12	-98.14	-2860
29920	-3.53	-3.53	1.22	-89.22	-1687
29930	-4.46	-4.46	0.29	-89.22	-1471
29940	-4.93	-4.93	-0.63	-89.22	-1465
29950	-4.93	-4.93	-1.57	-98.14	-1465
29960	-4.44	-4.44	-2.47	-75.49	-1259
29970	-3.53	-3.53	-3.36	-75.49	6627
29980	-2.26	-2.26	-3.85	-17.84	10983
29990	-0.77	-0.77	-3.73	36.35	9973
30000	0.79	0.79	-3.16	70.09	7854
