0	0	0	-0.02	0	130
10	5	0	-0.02	0	151
20	5	0.04	-0.02	0	862
30	5	0.16	0.02	7.49	1876
40	5	0.33	0.14	14.65	1968
50	5	0.61	0.33	23.36	2247
60	5	0.96	0.61	33.84	2480
70	5	1.39	0.96	40.89	2607
80	5	1.9	1.41	51.64	2751
90	5	2.47	1.94	61.33	2764
100	5	3.08	2.57	70.09	1839
110	5	3.59	3.2	61.33	409
120	5	4.02	3.79	54.52	-643
130	5	4.38	4.3	44.61	-1222
140	5	4.65	4.69	32.71	-1399
150	5	4.85	4.99	21.81	-1385
160	5	4.97	5.16	14.65	-1423
170	5	5	5.26	6.3	-1622
180	5	5	5.26	0	-1164
190	5	5	5.22	-4.44	-598
200	5	5	5.18	-4.74	-219
210	5	5	5.14	-3.64	-44
220	5	5	5.12	-2.61	-143
230	5	5	5.1	-2.07	-185
240	5	5	5.08	-1.38	-278
250	5	5	5.1	0	-309
260	5	5	5.08	0	-510
270	5	5	5.08	0	-500
280	5	5	5.08	0	-471
290	5	5	5.08	0	-430
300	5	5	5.06	-0.63	-295
310	5	5	5.04	-1.4	-108
320	5	5	5.04	-1.27	-179
330	5	5	5.04	-0.75	-123
340	5	5	5.04	0	-91
350	5	5	5.04	0	-52
360	5	5	5.04	0	-209
370	5	5	5.04	0	-263
380	5	5	5.04	0	-261
390	5	5	5.04	0	-240
400	5	5	5.04	0	-213
410	5	5	5.04	0	-222
420	5	5	5.02	-0.17	-114
430	5	5	5.02	-0.17	-176
440	5	5	5.02	-0.17	-149
450	5	5	5.02	-0.17	-67
460	5	5	5.02	-0.17	-46
470	5	5	5.02	-0.17	-78
480	5	5	5.02	-0.17	-82
490	5	5	5.02	-0.17	-81
500	-4.99	5	5.02	-0.17	-117
510	-4.99	4.97	5.02	-0.17	-1064
520	-4.99	4.85	4.97	-8.32	-2040
530	-4.99	4.65	4.85	-15.58	-2177
540	-4.99	4.38	4.67	-21.34	-2478
550	-4.99	4.04	4.4	-33.84	-2779
560	-4.99	3.61	4.02	-37.75	-2902
570	-4.99	3.1	3.55	-46.73	-3059
580	-4.99	2.51	3.02	-54.52	-3176
590	-4.99	1.84	2.43	-65.43	-3197
600	-4.99	1.12	1.71	-70.09	-3322
610	-4.99	0.29	0.92	-81.77	-3298
620	-4.99	-0.57	0.02	-98.14	-2193
630	-4.99	-1.37	-0.88	-81.77	-1188
640	-4.99	-2.08	-1.75	-81.77	-283
650	-4.99	-2.71	-2.53	-70.09	619
660	-4.99	-3.28	-3.22	-61.33	1026
670	-4.99	-3.75	-3.83	-54.52	1061
680	-4.99	-4.16	-4.3	-44.61	1072
690	-4.99	-4.47	-4.67	-31.65	1106
700	-4.99	-4.71	-4.97	-26.52	1058
710	-4.99	-4.89	-5.16	-15.58	1162
720	-4.99	-4.97	-5.28	-8.76	1322
730	-4.99	-4.99	-5.3	0	1148
740	-4.99	-4.99	-5.28	4.54	1044
750	-4.99	-4.99	-5.2	6.17	219
760	-4.99	-4.99	-5.16	4.74	-3
770	-4.99	-4.99	-5.12	3.39	-25
780	-4.99	-4.99	-5.08	2.75	88
790	-4.99	-4.99	-5.06	1.82	55
800	-4.99	-4.99	-5.06	1.65	94
810	-4.99	-4.99	-5.06	0	225
820	-4.99	-4.99	-5.04	0.74	274
830	-4.99	-4.99	-5.04	0.74	230
840	-4.99	-4.99	-5.04	0.74	190
850	-4.99	-4.99	-5.04	0.55	213
860	-4.99	-4.99	-5.04	0.42	251
870	-4.99	-4.99	-5.04	0	277
880	-4.99	-4.99	-5.04	0	272
890	-4.99	-4.99	-5.02	0.28	134
900	-4.99	-4.99	-5	1.71	58
910	-4.99	-4.99	-5	1.3	183
920	-4.99	-4.99	-5	0	-7
930	-4.99	-4.99	-5.02	0	73
940	-4.99	-4.99	-5.02	0	-15
950	-4.99	-4.99	-5	0	146
960	-4.99	-4.99	-5	0	147
970	-4.99	-4.99	-5	0	127
980	-4.99	-4.99	-5	0	130
990	-4.99	-4.99	-5	0	130
1000	5	-4.99	-5	0	149
1010	5	-4.93	-5	0	1332
1020	5	-4.83	-4.97	8.92	2029
1030	5	-4.61	-4.83	16.09	2035
1040	5	-4.34	-4.63	25.17	2239
1050	5	-4	-4.36	31.65	2519
1060	5	-3.57	-3.98	40.89	2607
1070	5	-3.06	-3.53	51.64	2739
1080	5	-2.47	-2.96	57.72	2756
1090	5	-1.84	-2.36	70.09	2821
1100	5	-1.1	-1.65	81.77	2783
1110	5	-0.29	-0.86	81.77	2921
1120	5	0.57	0.02	89.22	1980
1130	5	1.35	0.9	81.77	1040
1140	5	2.08	1.77	75.49	-79
1150	5	2.71	2.57	70.09	-789
1160	5	3.28	3.26	65.43	-1109
1170	5	3.75	3.85	51.64	-1190
1180	5	4.16	4.34	42.66	-1097
1190	5	4.47	4.71	32.71	-1145
1200	5	4.73	5	21.34	-1093
1210	5	4.91	5.2	16.36	-1109
1220	5	4.99	5.3	7.6	-1267
1230	5	5	5.34	2.78	-1485
1240	5	5	5.3	-4.21	-1066
1250	5	5	5.24	-5.87	-312
1260	5	5	5.2	-4.69	-92
1270	5	5	5.16	-3.38	-160
1280	5	5	5.12	-2.64	-166
1290	5	5	5.1	-1.98	-111
1300	5	5	5.1	-1.51	-275
1310	5	5	5.08	-1.41	-330
1320	5	5	5.1	0	-297
1330	5	5	5.08	0	-506
1340	5	5	5.08	0	-484
1350	5	5	5.08	0	-450
1360	5	5	5.06	-0.64	-272
1370	5	5	5.04	-1.43	-230
1380	5	5	5.04	-1.43	-119
1390	5	5	5.04	-0.88	-131
1400	5	5	5.04	0	-103
1410	5	5	5.04	0	-81
1420	5	5	5.04	0	-79
1430	5	5	5.04	0	-251
1440	5	5	5.04	0	-262
1450	5	5	5.04	0	-261
1460	5	5	5.04	0	-261
1470	5	5	5.04	0	-241
1480	5	5	5.04	0	-213
1490	5	5	5.04	0	-220
1500	-4.99	5	5.02	-0.16	-165
1510	-4.99	4.97	5.02	-0.16	-1177
1520	-4.99	4.83	4.97	-7.98	-1970
1530	-4.99	4.61	4.85	-15.34	-2296
1540	-4.99	4.34	4.65	-21.81	-2590
1550	-4.99	3.96	4.36	-31.65	-2829
1560	-4.99	3.51	3.98	-40.89	-2925
1570	-4.99	3.02	3.53	-54.52	-2970
1580	-4.99	2.41	2.96	-61.33	-3082
1590	-4.99	1.79	2.36	-65.43	-3218
1600	-4.99	1.04	1.65	-75.49	-3128
1610	-4.99	0.24	0.84	-81.77	-3070
1620	-4.99	-0.63	-0.02	-98.14	-2250
1630	-4.99	-1.41	-0.9	-89.22	-1091
1640	-4.99	-2.14	-1.77	-81.77	-131
1650	-4.99	-2.75	-2.59	-75.49	851
1660	-4.99	-3.3	-3.26	-61.33	921
1670	-4.99	-3.77	-3.83	-57.72	1049
1680	-4.99	-4.16	-4.32	-44.61	1059
1690	-4.99	-4.49	-4.71	-31.65	1038
1700	-4.99	-4.73	-4.97	-25.83	1115
1710	-4.99	-4.89	-5.16	-14.87	1264
1720	-4.99	-4.97	-5.28	-8.53	1239
1730	-4.99	-4.99	-5.3	0	1194
1740	-4.99	-4.99	-5.26	4.18	878
1750	-4.99	-4.99	-5.2	5.98	137
1760	-4.99	-4.99	-5.14	4.65	-28
1770	-4.99	-4.99	-5.1	3.34	-23
1780	-4.99	-4.99	-5.08	2.73	74
1790	-4.99	-4.99	-5.06	1.85	39
1800	-4.99	-4.99	-5.06	1.51	95
1810	-4.99	-4.99	-5.06	0	281
1820	-4.99	-4.99	-5.04	0.8	247
1830	-4.99	-4.99	-5.04	0.8	182
1840	-4.99	-4.99	-5.04	0.69	177
1850	-4.99	-4.99	-5.04	0.52	227
1860	-4.99	-4.99	-5.04	0.39	268
1870	-4.99	-4.99	-5.04	0	305
1880	-4.99	-4.99	-5.04	0	283
1890	-4.99	-4.99	-5.02	0.27	115
1900	-4.99	-4.99	-5	1.82	102
1910	-4.99	-4.99	-5	1.44	188
1920	-4.99	-4.99	-5	0	2
1930	-4.99	-4.99	-5	0	72
1940	-4.99	-4.99	-5	0	9
1950	-4.99	-4.99	-5	0	6
1960	-4.99	-4.99	-5	0	-4
1970	-4.99	-4.99	-5	0	107
1980	-4.99	-4.99	-5	0	129
1990	-4.99	-4.99	-5	0	130
2000	5	-4.99	-5	0	179
2010	5	-4.95	-5	0	1104
2020	5	-4.81	-4.93	9.34	1911
2030	5	-4.59	-4.81	16.93	2006
2040	5	-4.34	-4.61	25.17	2275
2050	5	-3.96	-4.32	35.05	2528
2060	5	-3.53	-3.95	40.89	2655
2070	5	-3.02	-3.47	44.61	2679
2080	5	-2.43	-2.92	57.72	2763
2090	5	-1.77	-2.3	65.43	2871
2100	5	-1.02	-1.57	81.77	3002
2110	5	-0.2	-0.77	89.22	2902
2120	5	0.65	0.12	89.22	1763
2130	5	1.43	1.02	81.77	867
2140	5	2.14	1.88	81.77	-243
2150	5	2.77	2.67	75.49	-865
2160	5	3.32	3.34	65.43	-1258
2170	5	3.79	3.91	54.52	-1250
2180	5	4.18	4.38	44.61	-1181
2190	5	4.49	4.77	36.35	-1177
2200	5	4.75	5.02	23.36	-1118
2210	5	4.91	5.22	15.11	-1143
2220	5	4.99	5.32	7.07	-1268
2230	5	5	5.34	0	-1132
2240	5	5	5.32	-4.85	-1190
2250	5	5	5.26	-6.22	-352
2260	5	5	5.2	-5.04	-79
2270	5	5	5.16	-3.67	-137
2280	5	5	5.12	-2.68	-143
2290	5	5	5.1	-2.03	-105
2300	5	5	5.1	-1.54	-268
2310	5	5	5.08	-1.46	-322
2320	5	5	5.1	0	-270
2330	5	5	5.1	0	-498
2340	5	5	5.08	0	-493
2350	5	5	5.08	0	-471
2360	5	5	5.08	-0.64	-399
2370	5	5	5.06	-0.64	-293
2380	5	5	5.04	-1.4	-77
2390	5	5	5.04	-1.05	-150
2400	5	5	5.04	-0.72	-116
2410	5	5	5.04	0	-89
2420	5	5	5.04	0	-52
2430	5	5	5.04	0	-216
2440	5	5	5.04	0	-261
2450	5	5	5.04	0	-262
2460	5	5	5.04	0	-262
2470	5	5	5.04	0	-262
2480	5	5	5.04	0	-261
2490	5	5	5.04	0	-261
2500	-4.99	5	5.04	0	-305
2510	-4.99	4.97	5.04	0	-1189
2520	-4.99	4.85	4.99	-6.5	-2022
2530	-4.99	4.65	4.87	-16.36	-2174
2540	-4.99	4.38	4.65	-21.81	-2479
2550	-4.99	4.02	4.38	-33.84	-2756
2560	-4.99	3.57	4	-42.66	-2869
2570	-4.99	3.08	3.57	-49.07	-3011
2580	-4.99	2.49	3.02	-54.52	-3143
2590	-4.99	1.83	2.39	-70.09	-3100
2600	-4.99	1.08	1.69	-75.49	-3319
2610	-4.99	0.26	0.88	-89.22	-3168
2620	-4.99	-0.61	0.02	-89.22	-2090
2630	-4.99	-1.37	-0.88	-98.14	-1123
2640	-4.99	-2.08	-1.77	-89.22	-138
2650	-4.99	-2.71	-2.55	-75.49	718
2660	-4.99	-3.28	-3.26	-65.43	1040
2670	-4.99	-3.75	-3.85	-57.72	1262
2680	-4.99	-4.16	-4.32	-44.61	1166
2690	-4.99	-4.47	-4.69	-31.65	1080
2700	-4.99	-4.71	-4.99	-26.52	1082
2710	-4.99	-4.89	-5.18	-15.83	1106
2720	-4.99	-4.97	-5.28	-7.27	1236
2730	-4.99	-4.99	-5.32	-3.74	1360
2740	-4.99	-4.99	-5.28	5.42	893
2750	-4.99	-4.99	-5.2	6.06	131
2760	-4.99	-4.99	-5.16	4.74	-13
2770	-4.99	-4.99	-5.12	3.77	-28
2780	-4.99	-4.99	-5.08	2.72	104
2790	-4.99	-4.99	-5.06	1.85	64
2800	-4.99	-4.99	-5.06	1.71	73
2810	-4.99	-4.99	-5.06	0	224
2820	-4.99	-4.99	-5.04	0.85	227
2830	-4.99	-4.99	-5.04	0.85	159
2840	-4.99	-4.99	-5.04	0.69	169
2850	-4.99	-4.99	-5.04	0.52	227
2860	-4.99	-4.99	-5.04	0	291
2870	-4.99	-4.99	-5.04	0	326
2880	-4.99	-4.99	-5.04	0	289
2890	-4.99	-4.99	-5.02	0.27	104
2900	-4.99	-4.99	-5	1.87	-15
2910	-4.99	-4.99	-5	1.15	69
2920	-4.99	-4.99	-5	0	41
2930	-4.99	-4.99	-5	0	43
2940	-4.99	-4.99	-5	0	15
2950	-4.99	-4.99	-5	0	2
2960	-4.99	-4.99	-5	0	60
2970	-4.99	-4.99	-5	0	128
2980	-4.99	-4.99	-5	0	130
2990	-4.99	-4.99	-5	0	130
3000	5	-4.99	-5	0	180
3010	5	-4.97	-5	0	895
3020	5	-4.85	-4.97	5.57	1932
3030	5	-4.65	-4.85	15.83	1985
3040	5	-4.4	-4.65	23.36	2189
3050	5	-4.1	-4.42	27.26	2438
3060	5	-3.69	-4.06	36.35	2555
3070	5	-3.2	-3.63	46.73	2684
3080	5	-2.63	-3.1	54.52	2712
3090	5	-1.98	-2.49	70.09	2849
3100	5	-1.28	-1.81	75.49	2657
3110	5	-0.47	-1.02	70.09	2701
3120	5	0.41	-0.16	89.22	2173
3130	5	1.22	0.73	98.14	1181
3140	5	1.94	1.61	98.14	118
3150	5	2.57	2.43	81.77	-921
3160	5	3.16	3.16	70.09	-1241
3170	5	3.65	3.77	54.52	-1220
3180	5	4.06	4.26	44.61	-1162
3190	5	4.42	4.65	32.71	-1146
3200	5	4.69	4.97	24.53	-1181
3210	5	4.87	5.18	18.17	-1201
3220	5	4.97	5.3	10.44	-1296
3230	5	5	5.34	0	-1305
3240	5	5	5.32	0	-1199
3250	5	5	5.26	-6.5	-445
3260	5	5	5.2	-5.73	-61
3270	5	5	5.16	-4.37	-77
3280	5	5	5.14	-2.7	-176
3290	5	5	5.12	-2.01	-146
3300	5	5	5.1	-1.92	-238
3310	5	5	5.08	-1.4	-256
3320	5	5	5.1	0	-281
3330	5	5	5.1	0	-496
3340	5	5	5.08	0	-484
3350	5	5	5.08	0	-467
3360	5	5	5.06	-0.69	-352
3370	5	5	5.06	-0.69	-305
3380	5	5	5.04	-1.44	-53
3390	5	5	5.04	-1	-147
3400	5	5	5.04	0	-111
3410	5	5	5.04	0	-82
3420	5	5	5.04	0	-66
3430	5	5	5.04	0	-228
3440	5	5	5.04	0	-256
3450	5	5	5.04	0	-244
3460	5	5	5.04	0	-231
3470	5	5	5.02	-0.2	-171
3480	5	5	5.02	-0.2	-154
3490	5	5	5.02	-0.2	-166
3500	-4.99	5	5.02	-0.2	-76
3510	-4.99	4.97	5.02	-0.2	-1033
3520	-4.99	4.85	4.97	-8.38	-2037
3530	-4.99	4.65	4.85	-15.83	-2165
3540	-4.99	4.38	4.65	-21.34	-2461
3550	-4.99	4.04	4.38	-33.84	-2736
3560	-4.99	3.61	4	-37.75	-2827
3570	-4.99	3.1	3.55	-49.07	-2960
3580	-4.99	2.51	3.02	-57.72	-3073
3590	-4.99	1.84	2.39	-65.43	-3067
3600	-4.99	1.12	1.69	-70.09	-3228
3610	-4.99	0.29	0.88	-75.49	-3427
3620	-4.99	-0.57	0.02	-89.22	-2186
3630	-4.99	-1.37	-0.88	-81.77	-1188
3640	-4.99	-2.08	-1.75	-89.22	-260
3650	-4.99	-2.71	-2.53	-89.22	622
3660	-4.99	-3.28	-3.24	-61.33	1040
3670	-4.99	-3.75	-3.81	-51.64	994
3680	-4.99	-4.16	-4.3	-42.66	1040
3690	-4.99	-4.47	-4.67	-36.35	1103
3700	-4.99	-4.71	-4.97	-26.52	1115
3710	-4.99	-4.89	-5.16	-15.58	1180
3720	-4.99	-4.97	-5.28	-9.72	1333
3730	-4.99	-4.99	-5.3	0	1142
3740	-4.99	-4.99	-5.28	0	1054
3750	-4.99	-4.99	-5.2	6.17	273
3760	-4.99	-4.99	-5.16	5.17	-18
3770	-4.99	-4.99	-5.12	3.89	-47
3780	-4.99	-4.99	-5.08	2.73	95
3790	-4.99	-4.99	-5.06	1.84	63
3800	-4.99	-4.99	-5.06	1.74	87
3810	-4.99	-4.99	-5.06	0.93	210
3820	-4.99	-4.99	-5.04	0.74	277
3830	-4.99	-4.99	-5.04	0.74	233
3840	-4.99	-4.99	-5.04	0.74	195
3850	-4.99	-4.99	-5.04	0.57	211
3860	-4.99	-4.99	-5.04	0.44	235
3870	-4.99	-4.99	-5.04	0	233
3880	-4.99	-4.99	-5.02	0.3	194
3890	-4.99	-4.99	-5.02	1.65	203
3900	-4.99	-4.99	-5	1.65	106
3910	-4.99	-4.99	-5	1.02	13
3920	-4.99	-4.99	-5.02	0	20
3930	-4.99	-4.99	-5.02	0	-29
3940	-4.99	-4.99	-5.02	0	95
3950	-4.99	-4.99	-5	0	163
3960	-4.99	-4.99	-5	0	149
3970	-4.99	-4.99	-5	0	119
3980	-4.99	-4.99	-5	0	129
3990	-4.99	-4.99	-5	0	131
4000	5	-4.99	-5	0	164
4010	5	-4.95	-5	0	1081
4020	5	-4.83	-4.95	8.92	2030
4030	5	-4.63	-4.83	15.83	2010
4040	5	-4.36	-4.59	25.83	2314
4050	5	-3.98	-4.32	32.71	2520
4060	5	-3.57	-3.96	42.66	2653
4070	5	-3.06	-3.51	51.64	2712
4080	5	-2.47	-2.96	61.33	2748
4090	5	-1.81	-2.34	70.09	2802
4100	5	-1.08	-1.63	81.77	2837
4110	5	-0.26	-0.82	81.77	2961
4120	5	0.61	0.04	89.22	1902
4130	5	1.39	0.94	81.77	936
4140	5	2.1	1.81	81.77	-129
4150	5	2.73	2.61	70.09	-848
4160	5	3.3	3.3	65.43	-1040
4170	5	3.77	3.89	54.52	-1178
4180	5	4.18	4.36	40.89	-1173
4190	5	4.49	4.73	31.65	-1091
4200	5	4.73	5.02	21.81	-1096
4210	5	4.91	5.22	15.58	-1271
4220	5	4.99	5.32	8.24	-1414
4230	5	5	5.34	0	-1226
4240	5	5	5.3	-4.57	-1168
4250	5	5	5.24	-6.06	-355
4260	5	5	5.2	-4.98	-100
4270	5	5	5.16	-3.75	-158
4280	5	5	5.12	-2.62	-184
4290	5	5	5.1	-1.98	-112
4300	5	5	5.1	-1.63	-271
4310	5	5	5.08	-1.37	-306
4320	5	5	5.1	0	-401
4330	5	5	5.08	0	-515
4340	5	5	5.08	0	-491
4350	5	5	5.08	0	-449
4360	5	5	5.06	-0.61	-285
4370	5	5	5.06	-0.61	-309
4380	5	5	5.04	-1.38	-112
4390	5	5	5.04	-0.94	-144
4400	5	5	5.04	0	-114
4410	5	5	5.04	0	-88
4420	5	5	5.04	0	-63
4430	5	5	5.04	0	-229
4440	5	5	5.04	0	-262
4450	5	5	5.04	0	-260
4460	5	5	5.04	0	-262
4470	5	5	5.04	0	-262
4480	5	5	5.04	0	-261
4490	5	5	5.04	0	-260
4500	-4.99	5	5.04	0	-291
4510	-4.99	4.97	5.04	0	-1133
4520	-4.99	4.85	4.99	-6.41	-2009
4530	-4.99	4.67	4.87	-16.36	-2189
4540	-4.99	4.4	4.65	-23.93	-2422
4550	-4.99	4.04	4.38	-32.71	-2738
4560	-4.99	3.63	4.04	-40.89	-2982
4570	-4.99	3.12	3.59	-51.64	-3073
4580	-4.99	2.53	3.04	-61.33	-3144
4590	-4.99	1.88	2.41	-70.09	-3062
4600	-4.99	1.14	1.69	-70.09	-3328
4610	-4.99	0.33	0.92	-89.22	-3297
4620	-4.99	-0.53	0.04	-81.77	-2154
4630	-4.99	-1.33	-0.84	-98.14	-1132
4640	-4.99	-2.06	-1.73	-89.22	-71
4650	-4.99	-2.69	-2.51	-75.49	770
4660	-4.99	-3.26	-3.22	-65.43	913
4670	-4.99	-3.73	-3.81	-49.07	1121
4680	-4.99	-4.14	-4.3	-42.66	1115
4690	-4.99	-4.46	-4.67	-31.65	1092
4700	-4.99	-4.71	-4.97	-26.52	1072
4710	-4.99	-4.89	-5.16	-15.58	1194
4720	-4.99	-4.97	-5.28	-8.04	1227
4730	-4.99	-4.99	-5.32	0.14	1302
4740	-4.99	-4.99	-5.28	3.03	909
4750	-4.99	-4.99	-5.22	5.87	255
4760	-4.99	-4.99	-5.16	5.45	-36
4770	-4.99	-4.99	-5.12	4.11	-23
4780	-4.99	-4.99	-5.1	2.67	99
4790	-4.99	-4.99	-5.08	1.85	84
4800	-4.99	-4.99	-5.06	1.84	65
4810	-4.99	-4.99	-5.06	0.99	198
4820	-4.99	-4.99	-5.04	0.77	263
4830	-4.99	-4.99	-5.04	0.77	227
4840	-4.99	-4.99	-5.04	0.77	185
4850	-4.99	-4.99	-5.04	0.57	208
4860	-4.99	-4.99	-5.04	0.44	249
4870	-4.99	-4.99	-5.04	0	264
4880	-4.99	-4.99	-5.04	0	274
4890	-4.99	-4.99	-5.02	0.28	140
4900	-4.99	-4.99	-5	1.74	-14
4910	-4.99	-4.99	-5	1.11	29
4920	-4.99	-4.99	-5	0	9
4930	-4.99	-4.99	-5.02	0	52
4940	-4.99	-4.99	-5.02	0	-24
4950	-4.99	-4.99	-5	0	141
4960	-4.99	-4.99	-5	0	148
4970	-4.99	-4.99	-5	0	128
4980	-4.99	-4.99	-5	0	130
4990	-4.99	-4.99	-5	0	130
5000	5	-4.99	-5	0	150
5010	5	-4.95	-5	0	1023
5020	5	-4.83	-4.97	8.84	1981
5030	5	-4.65	-4.83	15.83	1990
5040	5	-4.38	-4.63	23.36	2217
5050	5	-4.02	-4.34	32.71	2498
5060	5	-3.61	-3.98	44.61	2599
5070	5	-3.1	-3.53	49.07	2689
5080	5	-2.51	-3	61.33	2751
5090	5	-1.86	-2.37	65.43	2811
5100	5	-1.12	-1.67	81.77	3000
5110	5	-0.31	-0.86	89.22	2923
5120	5	0.55	0	89.22	1895
5130	5	1.35	0.9	89.22	1010
5140	5	2.08	1.77	75.49	-210
5150	5	2.71	2.57	70.09	-940
5160	5	3.28	3.26	65.43	-1097
5170	5	3.75	3.85	51.64	-1184
5180	5	4.16	4.34	44.61	-1082
5190	5	4.47	4.71	32.71	-1176
5200	5	4.73	5	21.34	-1206
5210	5	4.91	5.2	16.63	-1140
5220	5	4.99	5.3	7.6	-1283
5230	5	5	5.34	0	-1470
5240	5	5	5.3	-4.21	-1056
5250	5	5	5.24	-5.95	-317
5260	5	5	5.18	-4.76	-70
5270	5	5	5.16	-3.39	-145
5280	5	5	5.12	-2.62	-170
5290	5	5	5.1	-1.98	-109
5300	5	5	5.1	-1.51	-273
5310	5	5	5.08	-1.43	-307
5320	5	5	5.1	0	-257
5330	5	5	5.08	0	-488
5340	5	5	5.08	0	-484
5350	5	5	5.08	0	-468
5360	5	5	5.06	-0.66	-357
5370	5	5	5.06	-0.66	-310
5380	5	5	5.04	-1.41	-65
5390	5	5	5.04	-0.94	-146
5400	5	5	5.04	0	-114
5410	5	5	5.04	0	-71
5420	5	5	5.04	0	-142
5430	5	5	5.04	0	-267
5440	5	5	5.04	0	-262
5450	5	5	5.04	0	-261
5460	5	5	5.04	0	-260
5470	5	5	5.04	0	-228
5480	5	5	5.04	0	-222
5490	5	5	5.04	0	-237
5500	5	5	5.02	-0.16	-135
5510	-4.99	5	5.02	-0.16	-169
5520	-4.99	4.97	5.02	-0.16	-1020
5530	-4.99	4.85	4.99	-8.24	-2040
5540	-4.99	4.67	4.85	-15.83	-2222
5550	-4.99	4.42	4.67	-23.93	-2467
5560	-4.99	4.04	4.4	-32.71	-2723
5570	-4.99	3.63	4.02	-40.89	-2901
5580	-4.99	3.12	3.57	-46.73	-2982
5590	-4.99	2.53	3.04	-61.33	-3046
5600	-4.99	1.88	2.43	-70.09	-3116
5610	-4.99	1.14	1.73	-75.49	-3247
5620	-4.99	0.33	0.92	-89.22	-3226
5630	-4.99	-0.53	0.06	-89.22	-2228
5640	-4.99	-1.33	-0.84	-98.14	-1264
5650	-4.99	-2.06	-1.71	-89.22	-72
5660	-4.99	-2.69	-2.51	-89.22	670
5670	-4.99	-3.26	-3.22	-65.43	1007
5680	-4.99	-3.73	-3.81	-49.07	1137
5690	-4.99	-4.14	-4.3	-40.89	1132
5700	-4.99	-4.46	-4.67	-36.35	1138
5710	-4.99	-4.71	-4.97	-26.52	1150
5720	-4.99	-4.89	-5.16	-15.58	1172
5730	-4.99	-4.97	-5.28	-9.91	1307
5740	-4.99	-4.99	-5.32	-3.05	1232
5750	-4.99	-4.99	-5.28	2.84	959
5760	-4.99	-4.99	-5.22	5.92	232
5770	-4.99	-4.99	-5.16	5.45	-47
5780	-4.99	-4.99	-5.12	4.13	-20
5790	-4.99	-4.99	-5.1	2.7	77
5800	-4.99	-4.99	-5.08	1.85	79
5810	-4.99	-4.99	-5.06	1.84	59
5820	-4.99	-4.99	-5.06	0.99	194
5830	-4.99	-4.99	-5.04	0.8	259
5840	-4.99	-4.99	-5.04	0.8	186
5850	-4.99	-4.99	-5.04	0.77	166
5860	-4.99	-4.99	-5.04	0.55	210
5870	-4.99	-4.99	-5.04	0.42	255
5880	-4.99	-4.99	-5.04	0	319
5890	-4.99	-4.99	-5.04	0	320
5900	-4.99	-4.99	-5.02	0.25	193
5910	-4.99	-4.99	-5	1.84	215
5920	-4.99	-4.99	-5	1.65	108
5930	-4.99	-4.99	-5	0.96	12
5940	-4.99	-4.99	-5	0	24
5950	-4.99	-4.99	-5	0	27
5960	-4.99	-4.99	-5	0	21
5970	-4.99	-4.99	-5	0	-3
5980	-4.99	-4.99	-5	0	36
5990	-4.99	-4.99	-5	0	127
6000	5	-4.99	-5	0	151
6010	5	-4.95	-5	0	995
6020	5	-4.85	-4.95	8.6	1985
6030	5	-4.65	-4.83	15.58	1978
6040	5	-4.4	-4.63	23.36	2200
6050	5	-4.04	-4.36	30.67	2405
6060	5	-3.59	-3.96	39.25	2603
6070	5	-3.06	-3.47	54.52	2673
6080	5	-2.53	-3	57.72	2753
6090	5	-1.88	-2.37	70.09	2791
6100	5	-1.16	-1.65	70.09	2744
6110	5	-0.33	-0.86	81.77	2783
6120	5	0.53	0	81.77	1942
6130	5	1.33	0.9	89.22	961
6140	5	2.04	1.77	81.77	-260
6150	5	2.69	2.57	75.49	-867
6160	5	3.26	3.28	65.43	-1077
6170	5	3.73	3.87	54.52	-1409
6180	5	4.14	4.36	40.89	-1254
6190	5	4.47	4.73	31.65	-1140
6200	5	4.71	5.02	22.3	-1140
6210	5	4.91	5.22	16.09	-1237
6220	5	4.99	5.32	7.85	-1297
6230	5	5	5.36	3.19	-1532
6240	5	5	5.3	-5.81	-956
6250	5	5	5.24	-6.06	-249
6260	5	5	5.2	-4.71	-84
6270	5	5	5.16	-3.63	-161
6280	5	5	5.12	-2.65	-159
6290	5	5	5.1	-2.01	-104
6300	5	5	5.1	-1.57	-263
6310	5	5	5.08	-1.51	-270
6320	5	5	5.08	-1	-255
6330	5	5	5.1	0	-346
6340	5	5	5.08	0	-479
6350	5	5	5.08	0	-471
6360	5	5	5.08	0	-434
6370	5	5	5.06	-0.72	-258
6380	5	5	5.04	-1.46	-82
6390	5	5	5.04	-1.18	-174
6400	5	5	5.04	0	-127
6410	5	5	5.04	0	-103
6420	5	5	5.04	0	-67
6430	5	5	5.04	0	-202
6440	5	5	5.04	0	-265
6450	5	5	5.04	0	-253
6460	5	5	5.04	0	-234
6470	5	5	5.04	0	-214
6480	5	5	5.02	-0.19	-134
6490	5	5	5.02	-0.19	-158
6500	-4.99	5	5.02	-0.19	-162
6510	-4.99	4.97	5.02	-0.19	-1113
6520	-4.99	4.85	4.97	-8.32	-2048
6530	-4.99	4.65	4.85	-15.34	-2128
6540	-4.99	4.38	4.65	-21.81	-2451
6550	-4.99	4.02	4.38	-32.71	-2671
6560	-4.99	3.59	3.98	-40.89	-2823
6570	-4.99	3.08	3.53	-54.52	-2954
6580	-4.99	2.49	3.02	-61.33	-3057
6590	-4.99	1.83	2.36	-65.43	-3024
6600	-4.99	1.08	1.67	-75.49	-3112
6610	-4.99	0.26	0.88	-81.77	-3093
6620	-4.99	-0.61	0.02	-98.14	-2281
6630	-4.99	-1.39	-0.86	-81.77	-1272
6640	-4.99	-2.12	-1.75	-81.77	-54
6650	-4.99	-2.75	-2.53	-70.09	739
6660	-4.99	-3.3	-3.24	-65.43	1038
6670	-4.99	-3.77	-3.81	-49.07	1074
6680	-4.99	-4.16	-4.3	-44.61	1050
6690	-4.99	-4.47	-4.69	-31.65	1046
6700	-4.99	-4.73	-4.97	-26.52	1055
6710	-4.99	-4.89	-5.16	-15.34	1192
6720	-4.99	-4.97	-5.28	-9	1346
6730	-4.99	-4.99	-5.3	0	1171
6740	-4.99	-4.99	-5.26	4.4	918
6750	-4.99	-4.99	-5.2	6.06	149
6760	-4.99	-4.99	-5.14	4.69	-19
6770	-4.99	-4.99	-5.1	3.38	-20
6780	-4.99	-4.99	-5.08	2.73	78
6790	-4.99	-4.99	-5.06	1.82	43
6800	-4.99	-4.99	-5.06	1.52	96
6810	-4.99	-4.99	-5.06	0	253
6820	-4.99	-4.99	-5.04	0.79	254
6830	-4.99	-4.99	-5.04	0.79	197
6840	-4.99	-4.99	-5.04	0.72	180
6850	-4.99	-4.99	-5.04	0.52	222
6860	-4.99	-4.99	-5.04	0.41	259
6870	-4.99	-4.99	-5.04	0	281
6880	-4.99	-4.99	-5.04	0	281
6890	-4.99	-4.99	-5.02	0.28	214
6900	-4.99	-4.99	-5	1.77	31
6910	-4.99	-4.99	-5	1	23
6920	-4.99	-4.99	-5	0	25
6930	-4.99	-4.99	-5.02	0	27
6940	-4.99	-4.99	-5.02	0	-9
6950	-4.99	-4.99	-5	0	129
6960	-4.99	-4.99	-5	0	129
6970	-4.99	-4.99	-5	0	130
6980	-4.99	-4.99	-5	0	130
6990	-4.99	-4.99	-5	0	131
7000	5	-4.99	-5	0	178
7010	5	-4.95	-5	0	1115
7020	5	-4.83	-4.95	8.84	1958
7030	5	-4.63	-4.83	15.83	1990
7040	5	-4.36	-4.63	23.36	2228
7050	5	-4.02	-4.34	31.65	2527
7060	5	-3.59	-3.96	42.66	2629
7070	5	-3.08	-3.51	57.72	2685
7080	5	-2.45	-2.92	61.33	2809
7090	5	-1.81	-2.34	65.43	2752
7100	5	-1.1	-1.63	70.09	2831
7110	5	-0.27	-0.82	81.77	2824
7120	5	0.59	0.04	89.22	1826
7130	5	1.39	0.94	98.14	905
7140	5	2.1	1.81	89.22	-261
7150	5	2.73	2.61	75.49	-1032
7160	5	3.3	3.3	65.43	-1129
7170	5	3.77	3.89	51.64	-1271
7180	5	4.18	4.36	44.61	-1221
7190	5	4.49	4.73	35.05	-1194
7200	5	4.73	5.02	23.93	-1131
7210	5	4.91	5.22	15.58	-1164
7220	5	4.99	5.32	7.27	-1299
7230	5	5	5.36	0	-1500
7240	5	5	5.3	-5.37	-912
7250	5	5	5.24	-5.95	-252
7260	5	5	5.2	-4.69	-90
7270	5	5	5.16	-3.55	-156
7280	5	5	5.12	-2.65	-155
7290	5	5	5.1	-2.04	-84
7300	5	5	5.1	-1.54	-261
7310	5	5	5.08	-1.52	-307
7320	5	5	5.08	-0.99	-237
7330	5	5	5.1	0	-383
7340	5	5	5.08	0	-482
7350	5	5	5.08	0	-473
7360	5	5	5.08	0	-437
7370	5	5	5.06	-0.71	-270
7380	5	5	5.04	-1.44	-91
7390	5	5	5.04	-1.1	-160
7400	5	5	5.04	0	-114
7410	5	5	5.04	0	-85
7420	5	5	5.04	0	-53
7430	5	5	5.04	0	-207
7440	5	5	5.04	0	-268
7450	5	5	5.04	0	-237
7460	5	5	5.04	0	-217
7470	5	5	5.04	0	-237
7480	5	5	5.02	-0.2	-103
7490	5	5	5.02	-0.2	-164
7500	5	5	5.02	-0.2	-130
7510	-4.99	5	5.02	-0.2	-65
7520	-4.99	4.97	5.02	-0.2	-1102
7530	-4.99	4.85	4.97	-8.32	-2030
7540	-4.99	4.65	4.85	-15.34	-2142
7550	-4.99	4.38	4.65	-21.34	-2425
7560	-4.99	4.04	4.38	-32.71	-2725
7570	-4.99	3.61	4	-37.75	-2850
7580	-4.99	3.1	3.55	-49.07	-2943
7590	-4.99	2.51	3.02	-61.33	-3064
7600	-4.99	1.84	2.39	-70.09	-3028
7610	-4.99	1.12	1.67	-81.77	-3084
7620	-4.99	0.29	0.88	-81.77	-3134
7630	-4.99	-0.57	0.02	-89.22	-2292
7640	-4.99	-1.37	-0.88	-89.22	-1241
7650	-4.99	-2.08	-1.75	-81.77	-58
7660	-4.99	-2.71	-2.55	-70.09	709
7670	-4.99	-3.28	-3.24	-61.33	1077
7680	-4.99	-3.75	-3.83	-54.52	1153
7690	-4.99	-4.16	-4.32	-44.61	1092
7700	-4.99	-4.47	-4.69	-31.65	1081
7710	-4.99	-4.71	-4.99	-23.93	1076
7720	-4.99	-4.89	-5.18	-15.58	1101
7730	-4.99	-4.97	-5.28	-7.6	1217
7740	-4.99	-4.99	-5.3	0	1117
7750	-4.99	-4.99	-5.28	0	1049
7760	-4.99	-4.99	-5.22	6.22	242
7770	-4.99	-4.99	-5.16	4.85	-12
7780	-4.99	-4.99	-5.12	3.64	-37
7790	-4.99	-4.99	-5.08	2.75	88
7800	-4.99	-4.99	-5.06	1.84	54
7810	-4.99	-4.99	-5.06	1.66	84
7820	-4.99	-4.99	-5.06	0	226
7830	-4.99	-4.99	-5.04	0.79	251
7840	-4.99	-4.99	-5.04	0.79	192
7850	-4.99	-4.99	-5.04	0.72	176
7860	-4.99	-4.99	-5.04	0.53	216
7870	-4.99	-4.99	-5.04	0.42	258
7880	-4.99	-4.99	-5.04	0	298
7890	-4.99	-4.99	-5.04	0	293
7900	-4.99	-4.99	-5.02	0.28	154
7910	-4.99	-4.99	-5	1.76	2
7920	-4.99	-4.99	-5	1.02	9
7930	-4.99	-4.99	-5	0	26
7940	-4.99	-4.99	-5.02	0	-15
7950	-4.99	-4.99	-5.02	0	119
7960	-4.99	-4.99	-5	0	134
7970	-4.99	-4.99	-5	0	129
7980	-4.99	-4.99	-5	0	130
7990	-4.99	-4.99	-5	0	130
8000	5	-4.99	-5	0	178
8010	5	-4.95	-5	0	1062
8020	5	-4.83	-4.95	8.84	1952
8030	5	-4.63	-4.83	15.83	1990
8040	5	-4.36	-4.63	23.93	2236
8050	5	-4.02	-4.34	32.71	2482
8060	5	-3.59	-3.96	42.66	2601
8070	5	-3.08	-3.51	57.72	2728
8080	5	-2.49	-2.96	57.72	2783
8090	5	-1.79	-2.28	70.09	2749
8100	5	-1.1	-1.65	70.09	2740
8110	5	-0.27	-0.86	89.22	2927
8120	5	0.59	0	89.22	1811
8130	5	1.39	0.9	98.14	942
8140	5	2.08	1.79	75.49	-151
8150	5	2.73	2.59	70.09	-1045
8160	5	3.3	3.32	65.43	-1324
8170	5	3.77	3.87	49.07	-1229
8180	5	4.18	4.36	44.61	-1157
8190	5	4.49	4.75	35.05	-1193
8200	5	4.73	5	23.36	-1172
8210	5	4.91	5.22	15.58	-1192
8220	5	4.99	5.32	7.32	-1282
8230	5	5	5.36	3.89	-1507
8240	5	5	5.3	-5.48	-920
8250	5	5	5.24	-5.95	-263
8260	5	5	5.2	-4.71	-96
8270	5	5	5.16	-3.69	-160
8280	5	5	5.12	-2.65	-160
8290	5	5	5.1	-2.03	-104
8300	5	5	5.1	-1.59	-269
8310	5	5	5.08	-1.49	-290
8320	5	5	5.08	-1.02	-259
8330	5	5	5.1	0	-393
8340	5	5	5.08	0	-482
8350	5	5	5.08	0	-475
8360	5	5	5.08	-0.72	-401
8370	5	5	5.06	-0.72	-278
8380	5	5	5.04	-1.43	-93
8390	5	5	5.04	-1.15	-169
8400	5	5	5.04	0	-107
8410	5	5	5.04	0	-82
8420	5	5	5.04	0	-61
8430	5	5	5.04	0	-209
8440	5	5	5.04	0	-270
8450	5	5	5.04	0	-262
8460	5	5	5.04	0	-251
8470	5	5	5.04	0	-232
8480	5	5	5.04	0	-212
8490	5	5	5.02	-0.17	-126
8500	-4.99	5	5.02	-0.17	-182
8510	-4.99	4.97	5.02	-0.17	-1100
8520	-4.99	4.85	4.97	-8.04	-1975
8530	-4.99	4.65	4.85	-15.34	-2138
8540	-4.99	4.38	4.65	-22.81	-2422
8550	-4.99	4.04	4.38	-32.71	-2712
8560	-4.99	3.61	4.02	-37.75	-2838
8570	-4.99	3.1	3.55	-49.07	-2924
8580	-4.99	2.51	3.04	-61.33	-3050
8590	-4.99	1.84	2.41	-70.09	-3063
8600	-4.99	1.14	1.71	-81.77	-3125
8610	-4.99	0.29	0.88	-81.77	-3371
8620	-4.99	-0.57	0.06	-89.22	-2216
8630	-4.99	-1.33	-0.84	-81.77	-1131
8640	-4.99	-2.06	-1.71	-75.49	-148
8650	-4.99	-2.71	-2.51	-75.49	601
8660	-4.99	-3.28	-3.2	-65.43	992
8670	-4.99	-3.73	-3.79	-54.52	1044
8680	-4.99	-4.16	-4.28	-44.61	1069
8690	-4.99	-4.47	-4.67	-31.65	1123
8700	-4.99	-4.71	-4.95	-26.52	1118
8710	-4.99	-4.89	-5.16	-15.34	1159
8720	-4.99	-4.97	-5.28	-9.44	1341
8730	-4.99	-4.99	-5.3	0	1156
8740	-4.99	-4.99	-5.28	4.51	1050
8750	-4.99	-4.99	-5.2	6.14	218
8760	-4.99	-4.99	-5.16	4.71	-2
8770	-4.99	-4.99	-5.12	3.5	-34
8780	-4.99	-4.99	-5.08	2.76	74
8790	-4.99	-4.99	-5.06	1.85	48
8800	-4.99	-4.99	-5.06	1.62	89
8810	-4.99	-4.99	-5.06	0	244
8820	-4.99	-4.99	-5.04	0.77	255
8830	-4.99	-4.99	-5.04	0.77	221
8840	-4.99	-4.99	-5.04	0.74	182
8850	-4.99	-4.99	-5.04	0.53	216
8860	-4.99	-4.99	-5.04	0.42	203
8870	-4.99	-4.99	-5.04	0	239
8880	-4.99	-4.99	-5.02	0.35	131
8890	-4.99	-4.99	-5	1.57	17
8900	-4.99	-4.99	-5	1.21	123
8910	-4.99	-4.99	-5	0	-9
8920	-4.99	-4.99	-5.02	0	-54
8930	-4.99	-4.99	-5.02	0	98
8940	-4.99	-4.99	-5	0	195
8950	-4.99	-4.99	-5	0	176
8960	-4.99	-4.99	-5	0	101
8970	-4.99	-4.99	-5	0	127
8980	-4.99	-4.99	-5	0	130
8990	-4.99	-4.99	-5	0	130
9000	5	-4.99	-5	0	141
9010	5	-4.95	-5	0	1006
9020	5	-4.85	-4.97	8.92	2041
9030	5	-4.65	-4.85	16.09	2030
9040	5	-4.38	-4.63	23.93	2238
9050	5	-4.04	-4.36	33.84	2420
9060	5	-3.61	-4	39.25	2625
9070	5	-3.1	-3.55	51.64	2710
9080	5	-2.53	-3	54.52	2720
9090	5	-1.86	-2.36	70.09	2814
9100	5	-1.12	-1.67	75.49	2831
9110	5	-0.31	-0.88	81.77	2933
9120	5	0.55	-0.02	81.77	1980
9130	5	1.35	0.88	89.22	1027
9140	5	2.1	1.83	81.77	-150
9150	5	2.71	2.57	81.77	-946
9160	5	3.28	3.26	61.33	-1156
9170	5	3.75	3.85	54.52	-1131
9180	5	4.16	4.34	42.66	-1094
9190	5	4.47	4.71	32.71	-1168
9200	5	4.73	5	28.04	-1147
9210	5	4.91	5.2	16.63	-1138
9220	5	5	5.32	7.85	-1231
9230	5	5.02	5.34	0	-1518
9240	5	5	5.3	-5.01	-1186
9250	5	5	5.24	-6.33	-232
9260	5	5	5.18	-5.12	-25
9270	5	5	5.14	-3.63	1
9280	5	5	5.12	-2.75	-135
9290	5	5	5.1	-2.03	-168
9300	5	5	5.08	-1.37	-262
9310	5	5	5.1	0	-286
9320	5	5	5.1	0	-490
9330	5	5	5.08	0	-507
9340	5	5	5.08	0	-471
9350	5	5	5.08	0	-440
9360	5	5	5.06	-0.64	-286
9370	5	5	5.04	-1.41	-116
9380	5	5	5.04	-1.29	-180
9390	5	5	5.04	-0.77	-118
9400	5	5	5.04	0	-90
9410	5	5	5.04	0	-48
9420	5	5	5.04	0	-216
9430	5	5	5.04	0	-264
9440	5	5	5.04	0	-262
9450	5	5	5.04	0	-261
9460	5	5	5.04	0	-262
9470	5	5	5.04	0	-261
9480	5	5	5.04	0	-261
9490	5	5	5.04	0	-262
9500	5	5	5.04	0	-260
9510	-4.99	5	5.04	0	-304
9520	-4.99	4.97	5.04	0	-1187
9530	-4.99	4.85	4.99	-6.5	-2020
9540	-4.99	4.65	4.85	-16.36	-2170
9550	-4.99	4.38	4.65	-21.81	-2480
9560	-4.99	4.02	4.36	-33.84	-2754
9570	-4.99	3.59	4	-37.75	-2922
9580	-4.99	3.08	3.55	-46.73	-3000
9590	-4.99	2.49	3	-57.72	-3160
9600	-4.99	1.83	2.37	-70.09	-3145
9610	-4.99	1.08	1.65	-70.09	-3270
9620	-4.99	0.26	0.84	-81.77	-3111
9630	-4.99	-0.61	-0.02	-98.14	-2098
9640	-4.99	-1.39	-0.92	-81.77	-1114
9650	-4.99	-2.12	-1.79	-81.77	-79
9660	-4.99	-2.75	-2.57	-70.09	651
9670	-4.99	-3.3	-3.28	-61.33	1091
9680	-4.99	-3.77	-3.85	-54.52	1088
9690	-4.99	-4.16	-4.32	-44.61	1122
9700	-4.99	-4.47	-4.71	-31.65	1087
9710	-4.99	-4.73	-4.99	-23.36	1116
9720	-4.99	-4.89	-5.18	-15.83	1089
9730	-4.99	-4.97	-5.28	-7.11	1246
9740	-4.99	-4.99	-5.32	0.14	1374
9750	-4.99	-4.99	-5.26	5.21	856
9760	-4.99	-4.99	-5.2	5.95	183
9770	-4.99	-4.99	-5.16	4.84	2
9780	-4.99	-4.99	-5.12	3.91	-31
9790	-4.99	-4.99	-5.08	2.72	99
9800	-4.99	-4.99	-5.06	1.88	68
9810	-4.99	-4.99	-5.06	1.73	70
9820	-4.99	-4.99	-5.06	0	230
9830	-4.99	-4.99	-5.04	0.83	254
9840	-4.99	-4.99	-5.04	0.83	172
9850	-4.99	-4.99	-5.04	0.71	168
9860	-4.99	-4.99	-5.04	0.52	222
9870	-4.99	-4.99	-5.04	0	265
9880	-4.99	-4.99	-5.04	0	315
9890	-4.99	-4.99	-5.04	0	323
9900	-4.99	-4.99	-5.02	0.25	183
9910	-4.99	-4.99	-5	1.84	99
9920	-4.99	-4.99	-5	1.63	136
9930	-4.99	-4.99	-5	0	9
9940	-4.99	-4.99	-5	0	56
9950	-4.99	-4.99	-5	0	5
9960	-4.99	-4.99	-5	0	14
9970	-4.99	-4.99	-5	0	-12
9980	-4.99	-4.99	-5	0	99
9990	-4.99	-4.99	-5	0	130
10000	5	-4.99	-5	0	179
