0	0	0	0.02	14.43	-1166
10	5	0	-0.02	-17.84	-336
20	5	0.1	0.08	33.84	7643
30	5	0.43	0.43	44.61	6883
40	5	1	1.04	65.43	4420
50	5	1.81	1.81	89.22	4096
60	5	2.81	2.71	98.14	1907
70	5	3.69	3.61	89.22	1181
80	5	4.36	4.42	61.33	-7896
90	5	4.79	4.81	39.25	892
100	5	4.99	5	0	-6143
110	5	5	5	0	650
120	5	5	4.99	-9.26	1367
130	5	5	5.04	0	-7756
140	5	5	4.99	0	7567
150	5	5	5	-13.08	-4303
160	5	5	5.02	11.82	-2942
170	5	5	4.97	0	7576
180	5	5	5.02	0	-8180
190	5	5	5	14.87	4914
200	5	5	4.97	-16.63	1748
210	5	5	5.04	11.27	-6773
220	5	5	4.97	0	8082
230	5	5	5	-12.42	-6492
240	5	5	5.02	16.93	-539
250	5	5	4.97	-7.73	7067
260	5	5	5.04	-0.14	-7967
270	5	5	5	14.65	5075
280	5	5	4.97	-16.36	1816
290	5	5	5.04	11.42	-6680
300	5	5	4.97	0	7947
310	5	5	5	-12.26	-5400
320	5	5	5.02	13.63	-1764
330	5	5	4.97	-8.24	6882
340	5	5	5.04	0	-8094
350	5	5	4.99	14.23	5349
360	5	5	4.99	-15.58	2076
370	5	5	5.04	9.63	-7067
380	5	5	4.97	0	7884
390	5	5	5.02	-12.58	-6094
400	5	5	5.02	15.83	-632
410	5	5	4.97	-10.33	6382
420	5	5	5.04	0	-7092
430	5	5	5.02	17.52	-1710
440	5	5	4.97	0	7908
450	5	5	5	-18.17	-3487
460	5	5	5.04	11.02	-7459
470	5	5	4.97	0	7495
480	5	5	5.04	-0.14	-7914
490	5	5	4.97	0.14	7808
500	-4.99	5	5.04	0	-8173
510	-4.99	4.91	4.89	-11.96	-777
520	-4.99	4.59	4.59	-49.07	-7971
530	-4.99	4.02	4.02	-70.09	-6544
540	-4.99	3.2	3.2	-89.22	-4250
550	-4.99	2.24	2.34	-89.22	-2175
560	-4.99	1.24	1.41	-89.22	-1674
570	-4.99	0.2	0.45	-89.22	-1581
580	-4.99	-0.77	-0.43	-89.22	-1597
590	-4.99	-1.79	-1.35	-98.14	-1539
600	-4.99	-3.04	-2.45	-89.22	-1584
610	-4.99	-3.73	-3.24	-98.14	-1550
620	-4.99	-4.38	-4.16	-81.77	1743
630	-4.99	-4.77	-4.79	-32.71	10188
640	-4.99	-4.99	-4.95	-12.26	-1732
650	-4.99	-4.99	-4.97	15.34	2654
660	-4.99	-4.99	-5.02	-10.02	6495
670	-4.99	-4.99	-4.95	0	-7797
680	-4.99	-4.99	-5	0	7050
690	-4.99	-4.99	-5	-15.58	-1350
700	-4.99	-4.99	-4.95	12.91	-5853
710	-4.99	-4.99	-5.02	0	8007
720	-4.99	-4.99	-4.99	-8.84	-5417
730	-4.99	-4.99	-4.97	14.02	-1452
740	-4.99	-4.99	-5.02	-8.84	7124
750	-4.99	-4.99	-4.97	0	-8277
760	-4.99	-4.99	-4.99	15.58	3549
770	-4.99	-4.99	-5.02	-16.63	3394
780	-4.99	-4.99	-4.95	-0.14	-7505
790	-4.99	-4.99	-5	0	6487
800	-4.99	-4.99	-5	-14.87	-1433
810	-4.99	-4.99	-4.95	11.68	-6258
820	-4.99	-4.99	-5.02	0	7851
830	-4.99	-4.99	-4.99	-8.53	-4358
840	-4.99	-4.99	-4.97	10.9	-4525
850	-4.99	-4.99	-5.02	0	7575
860	-4.99	-4.99	-4.97	0	-7563
870	-4.99	-4.99	-4.99	14.65	1086
880	-4.99	-4.99	-5.02	-11.54	5364
890	-4.99	-4.99	-4.97	0	-8051
900	-4.99	-4.99	-4.99	14.65	4414
910	-4.99	-4.99	-5	-16.63	2401
920	-4.99	-4.99	-4.97	-9.53	-6817
930	-4.99	-4.99	-4.97	10.44	-5721
940	-4.99	-4.99	-5.02	0	6791
950	-4.99	-4.99	-4.97	-11.27	-7347
960	-4.99	-4.99	-5	0	6381
970	-4.99	-4.99	-4.97	-10.66	-7228
980	-4.99	-4.99	-4.99	14.65	203
990	-4.99	-4.99	-5.02	-10.79	5944
1000	5	-4.99	-4.95	-0.14	-7981
1010	5	-4.87	-4.95	23.93	8861
1020	5	-4.49	-4.51	57.72	4031
1030	5	-3.91	-3.91	65.43	6807
1040	5	-3.06	-3.08	98.14	2979
1050	5	-2.06	-2.18	98.14	1641
1060	5	-1.06	-1.26	81.77	1376
1070	5	-0.06	-0.35	98.14	1328
1080	5	0.94	0.57	89.22	1321
1090	5	1.96	1.49	89.22	1297
1100	5	2.96	2.41	98.14	1299
1110	5	3.83	3.32	89.22	1309
1120	5	4.44	4.24	81.77	-3683
1130	5	4.83	4.83	27.26	-9998
1140	5	5	5	19.63	-3582
1150	5	5	4.97	0	6761
1160	5	5	5.02	0	-8233
1170	5	5	4.99	14.65	4691
1180	5	5	4.99	-14.43	3216
1190	5	5	5.04	7.91	-7779
1200	5	5	4.97	0	7133
1210	5	5	4.99	-16.36	-1305
1220	5	5	5.04	11.54	-6095
1230	5	5	4.97	0	8156
1240	5	5	5	-9.72	-5301
1250	5	5	5.02	14.02	-2181
1260	5	5	4.97	-8.24	7140
1270	5	5	5.04	0	-8261
1280	5	5	4.99	14.65	4861
1290	5	5	4.97	-16.36	2601
1300	5	5	5.04	11.42	-7131
1310	5	5	4.97	0	7438
1320	5	5	5	-18.17	-3958
1330	5	5	5.02	11.68	-2905
1340	5	5	4.97	0	7687
1350	5	5	5.04	-0.14	-8323
1360	5	5	4.99	0	6118
1370	5	5	4.99	-17.84	-736
1380	5	5	5.04	13.44	-5690
1390	5	5	4.97	0	8144
1400	5	5	5.02	0	-7753
1410	5	5	5	17.84	2013
1420	5	5	4.97	-8.18	7918
1430	5	5	5.02	-11.82	-5505
1440	5	5	5.02	13.27	-3594
1450	5	5	4.97	-15.34	3850
1460	5	5	5.02	14.43	-3650
1470	5	5	4.97	-7.6	7476
1480	5	5	5.04	0	-7745
1490	5	5	5	13.82	4214
1500	-4.99	5	4.99	-14.23	2736
1510	-4.99	4.89	4.95	-22.3	-8714
1520	-4.99	4.51	4.55	-61.33	-7146
1530	-4.99	3.93	3.93	-75.49	-6661
1540	-4.99	3.08	3.1	-98.14	-3626
1550	-4.99	2.08	2.2	-89.22	-1936
1560	-4.99	1.08	1.28	-89.22	-1585
1570	-4.99	0.08	0.37	-89.22	-1554
1580	-4.99	-0.92	-0.57	-89.22	-1543
1590	-4.99	-1.94	-1.49	-98.14	-1554
1600	-4.99	-2.94	-2.41	-89.22	-1573
1610	-4.99	-3.93	-3.55	-98.14	-1532
1620	-4.99	-4.44	-4.28	-81.77	4458
1630	-4.99	-4.81	-4.83	-28.86	10737
1640	-4.99	-4.99	-4.99	-16.63	3427
1650	-4.99	-4.99	-4.93	10.79	-6344
1660	-4.99	-4.99	-5	0	8201
1670	-4.99	-4.99	-4.97	-13.44	-5422
1680	-4.99	-4.99	-4.97	14.87	-1660
1690	-4.99	-4.99	-5.02	0	6608
1700	-4.99	-4.99	-4.97	0	-8251
1710	-4.99	-4.99	-4.99	14.65	3284
1720	-4.99	-4.99	-5.02	-16.63	3693
1730	-4.99	-4.99	-4.95	9.26	-7693
1740	-4.99	-4.99	-5.02	0	6560
1750	-4.99	-4.99	-4.99	-12.58	-1110
1760	-4.99	-4.99	-4.95	11.82	-6174
1770	-4.99	-4.99	-5.02	0	8027
1780	-4.99	-4.99	-4.99	-10.9	-5680
1790	-4.99	-4.99	-4.97	15.11	-2401
1800	-4.99	-4.99	-5.02	0	6805
1810	-4.99	-4.99	-4.97	0	-8366
1820	-4.99	-4.99	-4.99	14.65	3277
1830	-4.99	-4.99	-5.02	-16.36	3753
1840	-4.99	-4.99	-4.95	8.18	-7860
1850	-4.99	-4.99	-5.02	0	6841
1860	-4.99	-4.99	-4.99	-15.58	-2421
1870	-4.99	-4.99	-4.97	9.81	-5652
1880	-4.99	-4.99	-5.02	0	7990
1890	-4.99	-4.99	-4.99	-10.02	-5480
1900	-4.99	-4.99	-4.97	13.44	-1925
1910	-4.99	-4.99	-5.02	-9.34	6431
1920	-4.99	-4.99	-4.99	-10.44	-4105
1930	-4.99	-4.99	-4.95	11.42	-7448
1940	-4.99	-4.99	-5.02	0.14	7663
1950	-4.99	-4.99	-4.97	0	-8432
1960	-4.99	-4.99	-5.02	0	6892
1970	-4.99	-4.99	-4.99	-15.58	-2419
1980	-4.99	-4.99	-4.95	13.27	-5015
1990	-4.99	-4.99	-5.02	0	7771
2000	5	-4.99	-4.97	-9.09	-6452
2010	5	-4.87	-4.95	27.26	9203
2020	5	-4.49	-4.51	49.07	1778
2030	5	-3.91	-3.95	70.09	7343
2040	5	-3.06	-3.1	89.22	2999
2050	5	-2.06	-2.16	89.22	1599
2060	5	-1.06	-1.28	98.14	1401
2070	5	-0.06	-0.37	89.22	1316
2080	5	0.94	0.55	89.22	1312
2090	5	1.96	1.47	89.22	1285
2100	5	2.96	2.39	89.22	1284
2110	5	3.83	3.3	89.22	1300
2120	5	4.44	4.22	89.22	-3106
2130	5	4.83	4.83	30.67	-9531
2140	5	5	4.99	19.23	-1025
2150	5	5	4.97	-11.27	5409
2160	5	5	5.04	-0.14	-8125
2170	5	5	4.99	14.43	6338
2180	5	5	4.99	-17.84	-341
2190	5	5	5.04	13.63	-5702
2200	5	5	4.97	0	8164
2210	5	5	5.02	0	-7861
2220	5	5	5	15.11	3573
2230	5	5	4.97	-15.58	3813
2240	5	5	5.04	8.04	-7652
2250	5	5	4.97	0	7796
2260	5	5	5	-17.84	-3641
2270	5	5	5.02	13.27	-3078
2280	5	5	4.97	0	7470
2290	5	5	5.04	0	-8164
2300	5	5	4.99	14.65	4966
2310	5	5	4.99	-16.93	1313
2320	5	5	5.04	12.58	-6531
2330	5	5	4.97	0	8278
2340	5	5	5.02	-13.08	-6771
2350	5	5	5.02	17.52	-53
2360	5	5	4.97	-10.44	6262
2370	5	5	5.04	0	-8096
2380	5	5	4.99	0	6855
2390	5	5	4.99	-17.52	-711
2400	5	5	5.04	13.08	-6212
2410	5	5	4.97	0	8313
2420	5	5	4.99	-16.93	1821
2430	5	5	5.02	13.27	-2246
2440	5	5	4.97	-11.82	4724
2450	5	5	5.04	9.91	-7368
2460	5	5	4.97	0	7804
2470	5	5	5.02	-12.26	-6110
2480	5	5	5.02	17.52	-587
2490	5	5	4.97	-9.91	6687
2500	-4.99	5	5.04	-0.14	-8365
2510	-4.99	4.89	4.89	-10.66	-4110
2520	-4.99	4.51	4.55	-57.72	-7109
2530	-4.99	3.93	3.95	-65.43	-7450
2540	-4.99	3.08	3.12	-81.77	-3769
2550	-4.99	2.08	2.22	-98.14	-1968
2560	-4.99	1.08	1.28	-89.22	-1634
2570	-4.99	0.08	0.39	-89.22	-1564
2580	-4.99	-0.92	-0.53	-98.14	-1535
2590	-4.99	-1.94	-1.45	-89.22	-1551
2600	-4.99	-2.94	-2.37	-89.22	-1493
2610	-4.99	-3.81	-3.32	-98.14	-1511
2620	-4.99	-4.47	-4.38	-75.49	6619
2630	-4.99	-4.81	-4.81	-27.26	10550
2640	-4.99	-4.99	-4.99	-16.93	3112
2650	-4.99	-4.99	-4.93	12.12	-6115
2660	-4.99	-4.99	-5.02	0.14	8310
2670	-4.99	-4.99	-4.97	-13.44	-5535
2680	-4.99	-4.99	-4.97	14.65	-1536
2690	-4.99	-4.99	-5.02	-8.18	6683
2700	-4.99	-4.99	-4.95	0	-7777
2710	-4.99	-4.99	-4.99	14.65	4248
2720	-4.99	-4.99	-5.02	-16.63	3270
2730	-4.99	-4.99	-4.95	8.46	-7599
2740	-4.99	-4.99	-5.02	0	7186
2750	-4.99	-4.99	-4.99	-13.82	-1692
2760	-4.99	-4.99	-4.95	10.9	-6095
2770	-4.99	-4.99	-5.02	0	7891
2780	-4.99	-4.99	-4.97	-11.96	-6021
2790	-4.99	-4.99	-4.97	14.87	-2152
2800	-4.99	-4.99	-5.02	-8.32	6820
2810	-4.99	-4.99	-4.97	0	-8127
2820	-4.99	-4.99	-4.99	15.58	3501
2830	-4.99	-4.99	-5.02	-16.93	3424
2840	-4.99	-4.99	-4.95	7.98	-7531
2850	-4.99	-4.99	-5.02	0	7219
2860	-4.99	-4.99	-4.99	-14.43	-2393
2870	-4.99	-4.99	-4.95	12.42	-5694
2880	-4.99	-4.99	-5.02	0	7932
2890	-4.99	-4.99	-4.97	-11.02	-7170
2900	-4.99	-4.99	-4.99	15.34	328
2910	-4.99	-4.99	-5.02	-8.84	6887
2920	-4.99	-4.99	-4.97	-12.26	-6083
2930	-4.99	-4.99	-4.97	13.08	-3752
2940	-4.99	-4.99	-5.02	0	7908
2950	-4.99	-4.99	-4.97	-11.96	-6111
2960	-4.99	-4.99	-4.97	10.33	-6878
2970	-4.99	-4.99	-5.02	0	6498
2980	-4.99	-4.99	-4.99	-15.11	-2929
2990	-4.99	-4.99	-4.95	11.15	-7710
3000	5	-4.99	-5.02	0	7270
3010	5	-4.91	-4.89	26.52	1824
3020	5	-4.65	-4.67	39.25	8019
3030	5	-4.14	-4.12	57.72	4303
3040	5	-3.57	-3.55	75.49	5505
3050	5	-2.69	-2.75	98.14	2369
3060	5	-1.69	-1.84	81.77	1475
3070	5	-0.69	-0.92	89.22	1337
3080	5	0.31	-0.02	98.14	1281
3090	5	1.32	0.94	98.14	1272
3100	5	2.34	1.83	89.22	1279
3110	5	3.32	2.75	98.14	1290
3120	5	4.08	3.67	89.22	1256
3130	5	4.61	4.51	61.33	-7509
3140	5	4.93	4.89	12.75	-2832
3150	5	5	5.02	7.38	-9135
3160	5	5	4.99	16.09	3707
3170	5	5	4.99	-14.87	200
3180	5	5	5.04	9	-6922
3190	5	5	4.97	0	8102
3200	5	5	5.02	-13.44	-6297
3210	5	5	5.02	17.52	-9
3220	5	5	4.97	-11.42	6285
3230	5	5	5.04	0	-8027
3240	5	5	4.99	13.63	6184
3250	5	5	4.99	-17.84	132
3260	5	5	5.04	10.22	-6661
3270	5	5	4.97	0.14	7805
3280	5	5	5.02	-13.27	-5397
3290	5	5	5.02	14.65	-1552
3300	5	5	4.97	-9.53	6705
3310	5	5	5.04	-0.14	-8072
3320	5	5	4.99	14.65	5776
3330	5	5	4.99	-16.63	163
3340	5	5	5.04	13.27	-5992
3350	5	5	4.97	0	8309
3360	5	5	5.02	-12.91	-7009
3370	5	5	5.02	17.21	-306
3380	5	5	4.97	-9.63	6576
3390	5	5	5.04	0	-8052
3400	5	5	4.99	14.02	6160
3410	5	5	4.99	-17.52	-119
3420	5	5	5.04	0	-7899
3430	5	5	4.99	0	5315
3440	5	5	5.02	-13.44	-5552
3450	5	5	5.02	17.84	3
3460	5	5	4.97	-11.82	6261
3470	5	5	5.04	0	-8120
3480	5	5	4.99	13.82	6205
3490	5	5	4.99	-17.84	-33
3500	-4.99	5	5.04	11.15	-6320
3510	-4.99	4.89	4.87	-29.74	-1565
3520	-4.99	4.53	4.55	-51.64	-9243
3530	-4.99	3.95	3.93	-65.43	-4916
3540	-4.99	3.08	3.1	-89.22	-4013
3550	-4.99	2.12	2.24	-98.14	-2040
3560	-4.99	1.12	1.32	-89.22	-1608
3570	-4.99	0.12	0.39	-89.22	-1548
3580	-4.99	-0.88	-0.53	-98.14	-1536
3590	-4.99	-1.9	-1.45	-89.22	-1560
3600	-4.99	-2.9	-2.37	-89.22	-1502
3610	-4.99	-3.77	-3.3	-89.22	-1508
3620	-4.99	-4.4	-4.22	-81.77	3854
3630	-4.99	-4.83	-4.85	-23.93	10518
3640	-4.99	-4.97	-4.99	-16.36	2601
3650	-4.99	-4.99	-4.95	12.12	-4421
3660	-4.99	-4.99	-5.02	0	8116
3670	-4.99	-4.99	-4.97	-11.54	-6976
3680	-4.99	-4.99	-4.99	14.65	786
3690	-4.99	-4.99	-5.02	-11.15	5939
3700	-4.99	-4.99	-4.95	-0.14	-7758
3710	-4.99	-4.99	-5	14.65	5369
3720	-4.99	-4.99	-5	-16.93	1579
3730	-4.99	-4.99	-4.95	9.81	-7061
3740	-4.99	-4.99	-5.02	0.14	7553
3750	-4.99	-4.99	-4.99	-14.43	-3717
3760	-4.99	-4.99	-4.97	12.12	-4877
3770	-4.99	-4.99	-5.02	0	7609
3780	-4.99	-4.99	-4.97	0	-7818
3790	-4.99	-4.99	-4.99	14.65	1855
3800	-4.99	-4.99	-5.02	-12.26	4493
3810	-4.99	-4.99	-4.95	0	-7521
3820	-4.99	-4.99	-5	14.23	6586
3830	-4.99	-4.99	-5	-17.52	-738
3840	-4.99	-4.99	-4.95	13.27	-5958
3850	-4.99	-4.99	-5.02	0	8016
3860	-4.99	-4.99	-4.97	-12.26	-6874
3870	-4.99	-4.99	-4.99	14.65	-250
3880	-4.99	-4.99	-5.02	-9.34	6663
3890	-4.99	-4.99	-4.95	0	-7865
3900	-4.99	-4.99	-4.99	15.34	4186
3910	-4.99	-4.99	-5	-15.83	3128
3920	-4.99	-4.99	-4.97	0	-7483
3930	-4.99	-4.99	-4.97	13.63	-2143
3940	-4.99	-4.99	-5.02	0	7749
3950	-4.99	-4.99	-4.95	0	-7849
3960	-4.99	-4.99	-5.02	0	8003
3970	-4.99	-4.99	-4.97	-12.42	-5495
3980	-4.99	-4.99	-4.97	14.43	-1222
3990	-4.99	-4.99	-5.02	0	6600
4000	5	-4.99	-4.95	-0.14	-8008
4010	5	-4.87	-4.97	19.63	8994
4020	5	-4.51	-4.53	51.64	3896
4030	5	-3.93	-3.95	75.49	7162
4040	5	-3.1	-3.1	98.14	3040
4050	5	-2.1	-2.22	81.77	1645
4060	5	-1.1	-1.3	98.14	1334
4070	5	-0.1	-0.37	89.22	1296
4080	5	0.9	0.55	89.22	1280
4090	5	1.92	1.43	98.14	1246
4100	5	2.92	2.34	89.22	1261
4110	5	3.79	3.26	89.22	1231
4120	5	4.42	4.18	81.77	-2864
4130	5	4.83	4.81	31.65	-9840
4140	5	5	4.99	18.87	-2646
4150	5	5	4.97	-8.24	5392
4160	5	5	5.04	-0.14	-7467
4170	5	5	4.99	0	6564
4180	5	5	5	-17.84	-2330
4190	5	5	5.02	10.11	-4085
4200	5	5	4.97	0	7964
4210	5	5	5.02	0	-7087
4220	5	5	5	17.21	925
4230	5	5	4.97	-10.22	5606
4240	5	5	5.04	7	-8097
4250	5	5	4.99	0	6943
4260	5	5	5	-17.52	-1814
4270	5	5	5.04	13.63	-5384
4280	5	5	4.97	0	8126
4290	5	5	5.02	0	-7862
4300	5	5	5	15.34	3542
4310	5	5	4.97	-15.58	3805
4320	5	5	5.04	8.04	-7641
4330	5	5	4.97	0	7749
4340	5	5	5	-12.58	-5335
4350	5	5	5.02	16.63	-796
4360	5	5	4.97	-9.91	6712
4370	5	5	5.04	-0.14	-8038
4380	5	5	4.99	14.65	5642
4390	5	5	4.99	-15.11	1026
4400	5	5	5.04	8.6	-6949
4410	5	5	4.97	0	7961
4420	5	5	5	-15.11	1195
4430	5	5	5.04	9.09	-7486
4440	5	5	4.99	14.87	4003
4450	5	5	4.99	-18.17	-1345
4460	5	5	5.02	17.52	-66
4470	5	5	4.99	-16.09	1312
4480	5	5	5.04	12.12	-6466
4490	5	5	4.97	0	8316
4500	-4.99	5	5.02	-12.42	-7898
4510	-4.99	4.87	4.89	-18.17	-7296
4520	-4.99	4.49	4.53	-57.72	-6877
4530	-4.99	3.89	3.93	-75.49	-7179
4540	-4.99	3.04	3.1	-89.22	-3627
4550	-4.99	2.04	2.2	-81.77	-1940
4560	-4.99	1.04	1.28	-89.22	-1602
4570	-4.99	0.04	0.35	-98.14	-1520
4580	-4.99	-0.98	-0.57	-89.22	-1457
4590	-4.99	-1.98	-1.49	-89.22	-1491
4600	-4.99	-2.98	-2.41	-98.14	-1487
4610	-4.99	-3.83	-3.34	-98.14	-1484
4620	-4.99	-4.44	-4.26	-89.22	4664
4630	-4.99	-4.83	-4.83	-27.26	10463
4640	-4.99	-4.99	-4.99	-12.91	5790
4650	-4.99	-4.99	-4.93	0	-7781
4660	-4.99	-4.99	-5.02	0	8276
4670	-4.99	-4.99	-4.99	-12.42	-4601
4680	-4.99	-4.99	-4.97	13.27	-3106
4690	-4.99	-4.99	-5.02	0	7118
4700	-4.99	-4.99	-4.95	0	-8257
4710	-4.99	-4.99	-5	15.83	4767
4720	-4.99	-4.99	-5	-16.93	2103
4730	-4.99	-4.99	-4.95	9.81	-7045
4740	-4.99	-4.99	-5	0	7135
4750	-4.99	-4.99	-4.99	-15.34	-1951
4760	-4.99	-4.99	-4.95	13.08	-5537
4770	-4.99	-4.99	-5.02	0	7999
4780	-4.99	-4.99	-4.97	-12.12	-6882
4790	-4.99	-4.99	-4.99	14.87	-278
4800	-4.99	-4.99	-5.02	-9.09	6164
4810	-4.99	-4.99	-4.95	-0.14	-8080
4820	-4.99	-4.99	-5	15.58	4799
4830	-4.99	-4.99	-5	-15.58	1943
4840	-4.99	-4.99	-4.95	9.44	-7511
4850	-4.99	-4.99	-5.02	0.14	7124
4860	-4.99	-4.99	-4.99	-12.42	-2495
4870	-4.99	-4.99	-4.95	12.58	-5571
4880	-4.99	-4.99	-5.02	0	8130
4890	-4.99	-4.99	-4.97	-11.68	-6492
4900	-4.99	-4.99	-4.97	15.34	-923
4910	-4.99	-4.99	-5.02	0	6195
4920	-4.99	-4.99	-4.97	0	-3748
4930	-4.99	-4.99	-4.97	13.08	-4894
4940	-4.99	-4.99	-5.02	0.14	7755
4950	-4.99	-4.99	-4.97	0	-8321
4960	-4.99	-4.99	-5.02	0.14	7344
4970	-4.99	-4.99	-4.99	-15.34	-4006
4980	-4.99	-4.99	-4.97	11.82	-4333
4990	-4.99	-4.99	-5.02	0	7578
5000	5	-4.99	-4.97	0	-7009
5010	5	-4.85	-4.95	25.83	9065
5020	5	-4.47	-4.51	61.33	2471
5030	5	-3.87	-3.91	70.09	7259
5040	5	-3.02	-3.08	89.22	2936
5050	5	-2.02	-2.16	98.14	1582
5060	5	-1.02	-1.26	89.22	1341
5070	5	-0.02	-0.33	89.22	1239
5080	5	1	0.59	98.14	1255
5090	5	2	1.49	89.22	1237
5100	5	3	2.41	89.22	1266
5110	5	3.85	3.34	98.14	1263
5120	5	4.46	4.26	89.22	-3511
5130	5	4.85	4.85	28.04	-9974
5140	5	5	5	19.63	-1173
5150	5	5	4.97	-10.9	5494
5160	5	5	5.02	0	-7831
5170	5	5	4.99	13.44	5356
5180	5	5	4.99	-16.09	661
5190	5	5	5.04	11.42	-6214
5200	5	5	4.97	0	8243
5210	5	5	5.02	-12.91	-6649
5220	5	5	5.02	17.84	-66
5230	5	5	4.97	-10.33	6288
5240	5	5	5.04	0	-7950
5250	5	5	4.99	14.43	6224
5260	5	5	4.99	-15.83	448
5270	5	5	5.04	11.02	-6207
5280	5	5	4.97	0	7961
5290	5	5	5	-10.02	-5303
5300	5	5	5.02	13.82	-2198
5310	5	5	4.97	-8.12	7149
5320	5	5	5.04	0	-8454
5330	5	5	4.99	15.34	5465
5340	5	5	4.99	-15.83	944
5350	5	5	5.04	12.12	-6370
5360	5	5	4.97	0	8379
5370	5	5	5.02	-13.08	-6981
5380	5	5	5.02	17.52	-363
5390	5	5	4.97	-9.44	6573
5400	5	5	5.04	0	-8031
5410	5	5	4.99	14.65	6015
5420	5	5	4.97	-9.63	6750
5430	5	5	5.02	0	-8259
5440	5	5	5	14.65	2411
5450	5	5	4.97	0	7508
5460	5	5	5.04	0	-8215
5470	5	5	4.99	0	7190
5480	5	5	5.02	0	-8226
5490	5	5	5	17.21	2931
5500	5	5	4.99	-15.58	404
5510	-4.99	5	5.04	9.72	-7059
5520	-4.99	4.87	4.87	-28.86	-1278
5530	-4.99	4.49	4.53	-51.64	-8731
5540	-4.99	3.93	3.91	-65.43	-5328
5550	-4.99	3.08	3.1	-89.22	-3863
5560	-4.99	2.08	2.2	-98.14	-2072
5570	-4.99	1.04	1.28	-89.22	-1596
5580	-4.99	0.08	0.35	-89.22	-1544
5590	-4.99	-0.92	-0.57	-89.22	-1488
5600	-4.99	-1.94	-1.49	-89.22	-1549
5610	-4.99	-2.94	-2.41	-98.14	-1454
5620	-4.99	-3.81	-3.34	-89.22	-1500
5630	-4.99	-4.42	-4.26	-81.77	3612
5640	-4.99	-4.81	-4.85	-28.86	10640
5650	-4.99	-4.99	-4.99	-13.82	1819
5660	-4.99	-4.99	-4.95	10.55	-5114
5670	-4.99	-4.99	-5.02	0	8250
5680	-4.99	-4.99	-4.97	0	-7557
5690	-4.99	-4.99	-4.99	15.58	2243
5700	-4.99	-4.99	-5.02	-14.02	5060
5710	-4.99	-4.99	-4.95	0	-7915
5720	-4.99	-4.99	-5	15.11	5923
5730	-4.99	-4.99	-5	-16.09	73
5740	-4.99	-4.99	-4.95	11.54	-6863
5750	-4.99	-4.99	-5.02	0	7658
5760	-4.99	-4.99	-4.99	-11.54	-5518
5770	-4.99	-4.99	-4.97	14.23	-2760
5780	-4.99	-4.99	-5.02	-8.32	7330
5790	-4.99	-4.99	-4.95	0	-7113
5800	-4.99	-4.99	-4.99	15.11	2449
5810	-4.99	-4.99	-5.02	-14.65	4814
5820	-4.99	-4.99	-4.95	0	-7842
5830	-4.99	-4.99	-5	15.34	5713
5840	-4.99	-4.99	-5	-17.21	-113
5850	-4.99	-4.99	-4.97	9.44	-6460
5860	-4.99	-4.99	-5.02	0	7825
5870	-4.99	-4.99	-4.99	-12.26	-4640
5880	-4.99	-4.99	-4.97	13.44	-2480
5890	-4.99	-4.99	-5.02	0	6866
5900	-4.99	-4.99	-4.97	0	-8176
5910	-4.99	-4.99	-4.99	15.34	657
5920	-4.99	-4.99	-5.02	0	7370
5930	-4.99	-4.99	-4.97	-9.17	-5050
5940	-4.99	-4.99	-4.97	10.66	-4836
5950	-4.99	-4.99	-5.02	0	7687
5960	-4.99	-4.99	-4.99	-15.34	-4063
5970	-4.99	-4.99	-4.99	14.65	3311
5980	-4.99	-4.99	-4.99	-14.23	-3109
5990	-4.99	-4.99	-4.97	14.65	-794
6000	5	-4.99	-5.02	0	6159
6010	5	-4.87	-4.85	25.17	1050
6020	5	-4.51	-4.53	54.52	8305
6030	5	-3.93	-3.93	75.49	5784
6040	5	-3.1	-3.1	98.14	3357
6050	5	-2.1	-2.18	89.22	1644
6060	5	-1.1	-1.3	98.14	1356
6070	5	-0.1	-0.37	89.22	1294
6080	5	0.9	0.55	98.14	1265
6090	5	1.92	1.49	89.22	1224
6100	5	2.92	2.41	89.22	1256
6110	5	3.79	3.3	98.14	1253
6120	5	4.42	4.22	89.22	-3083
6130	5	4.83	4.83	32.71	-9456
6140	5	5	4.99	18.51	-1039
6150	5	5	4.97	-9.81	5196
6160	5	5	5.04	6.96	-8279
6170	5	5	4.97	0	6935
6180	5	5	5	-18.17	-3134
6190	5	5	5.02	13.63	-3402
6200	5	5	4.97	0	7526
6210	5	5	5.04	0	-8047
6220	5	5	4.99	14.87	4778
6230	5	5	4.99	-14.65	2536
6240	5	5	5.04	7.98	-7473
6250	5	5	4.97	0	7692
6260	5	5	5.02	-13.82	-5020
6270	5	5	5.02	15.34	-1866
6280	5	5	4.97	0	7404
6290	5	5	5.04	0	-7797
6300	5	5	5	14.65	4171
6310	5	5	4.97	-16.36	3422
6320	5	5	5.04	9	-7362
6330	5	5	4.97	0	7586
6340	5	5	5	-13.08	-4525
6350	5	5	5.02	13.27	-1926
6360	5	5	4.97	-8.32	7227
6370	5	5	5.04	0	-8085
6380	5	5	4.99	14.65	4557
6390	5	5	4.99	-15.34	2363
6400	5	5	5.04	8.68	-7207
6410	5	5	4.99	14.65	5662
6420	5	5	4.97	-16.36	3038
6430	5	5	5.02	13.27	-2066
6440	5	5	4.97	-12.26	5986
6450	5	5	5.04	0	-8039
6460	5	5	4.99	14.43	5896
6470	5	5	4.99	-17.52	-72
6480	5	5	5.04	11.82	-6290
6490	5	5	4.97	0	7896
6500	-4.99	5	5.02	-13.82	-6716
6510	-4.99	4.89	4.93	-10.11	-7784
6520	-4.99	4.53	4.55	-57.72	-6167
6530	-4.99	3.95	3.95	-70.09	-7591
6540	-4.99	3.12	3.12	-75.49	-3658
6550	-4.99	2.12	2.2	-98.14	-1930
6560	-4.99	1.12	1.32	-89.22	-1617
6570	-4.99	0.12	0.39	-89.22	-1555
6580	-4.99	-0.88	-0.55	-98.14	-1514
6590	-4.99	-1.9	-1.47	-89.22	-1533
6600	-4.99	-2.9	-2.43	-89.22	-1551
6610	-4.99	-3.77	-3.32	-89.22	-1474
6620	-4.99	-4.4	-4.22	-81.77	4515
6630	-4.99	-4.81	-4.81	-23.36	9784
6640	-4.99	-4.99	-4.99	-15.34	5658
6650	-4.99	-4.99	-4.93	8.53	-7636
6660	-4.99	-4.99	-5	11.54	4182
6670	-4.99	-4.99	-4.99	-15.58	-528
6680	-4.99	-4.99	-4.97	12.58	-4118
6690	-4.99	-4.99	-5.02	0	7480
6700	-4.99	-4.99	-4.97	0	-7793
6710	-4.99	-4.99	-4.99	15.11	2569
6720	-4.99	-4.99	-5.02	-15.83	3592
6730	-4.99	-4.99	-4.95	6.63	-7863
6740	-4.99	-4.99	-5	0	6914
6750	-4.99	-4.99	-5	-15.58	-2496
6760	-4.99	-4.99	-4.95	13.63	-5848
6770	-4.99	-4.99	-5.02	0	8087
6780	-4.99	-4.99	-4.99	-8.76	-6203
6790	-4.99	-4.99	-4.97	13.82	-216
6800	-4.99	-4.99	-5.02	-8.53	6506
6810	-4.99	-4.99	-4.97	0	-8272
6820	-4.99	-4.99	-4.99	16.09	4637
6830	-4.99	-4.99	-5.02	-17.21	1672
6840	-4.99	-4.99	-4.95	8.32	-7096
6850	-4.99	-4.99	-5.02	0	7546
6860	-4.99	-4.99	-4.99	-15.58	-5083
6870	-4.99	-4.99	-4.97	10.9	-3638
6880	-4.99	-4.99	-5.02	0	7230
6890	-4.99	-4.99	-4.97	0	-8089
6900	-4.99	-4.99	-4.99	14.87	3321
6910	-4.99	-4.99	-5.02	-12.42	3066
6920	-4.99	-4.99	-4.97	0	-7672
6930	-4.99	-4.99	-4.97	13.63	-1952
6940	-4.99	-4.99	-5.02	0	8176
6950	-4.99	-4.99	-4.95	0	-8419
6960	-4.99	-4.99	-5.02	0	8009
6970	-4.99	-4.99	-4.97	-10.9	-7183
6980	-4.99	-4.99	-4.97	15.34	-1023
6990	-4.99	-4.99	-5.02	0	5339
7000	5	-4.99	-4.95	-0.14	-7985
7010	5	-4.87	-4.97	19.23	8882
7020	5	-4.51	-4.53	51.64	3958
7030	5	-3.93	-3.95	75.49	7102
7040	5	-3.1	-3.1	98.14	3105
7050	5	-2.1	-2.22	89.22	1644
7060	5	-1.1	-1.3	109.03	1366
7070	5	-0.1	-0.37	89.22	1296
7080	5	0.9	0.55	98.14	1299
7090	5	1.92	1.45	98.14	1292
7100	5	2.92	2.37	81.77	1228
7110	5	3.79	3.3	89.22	1319
7120	5	4.42	4.22	81.77	-2731
7130	5	4.83	4.83	30.67	-9671
7140	5	5	4.99	18.51	-2092
7150	5	5	4.97	-7.55	5183
7160	5	5	5.04	-0.14	-8327
7170	5	5	4.97	0	7317
7180	5	5	5	-18.17	-4967
7190	5	5	5.02	12.42	-1293
7200	5	5	4.97	0	6852
7210	5	5	5.04	0	-8262
7220	5	5	4.99	15.11	6086
7230	5	5	4.99	-13.82	408
7240	5	5	5.04	7.6	-6969
7250	5	5	4.97	0	8242
7260	5	5	5	-12.26	-6509
7270	5	5	5.02	14.87	-1000
7280	5	5	4.97	0	6779
7290	5	5	5.02	0	-8209
7300	5	5	4.99	14.87	5409
7310	5	5	4.97	-14.87	1856
7320	5	5	5.04	7.66	-7229
7330	5	5	4.99	0	7895
7340	5	5	5	-13.82	-4838
7350	5	5	5.02	13.63	-1661
7360	5	5	4.97	0	6904
7370	5	5	5.04	0	-8068
7380	5	5	4.99	14.43	5897
7390	5	5	4.99	-16.09	-33
7400	5	5	5.04	11.15	-5739
7410	5	5	4.97	0	8146
7420	5	5	5.02	-12.91	-7677
7430	5	5	5.02	17.84	2004
7440	5	5	4.97	0	8067
7450	5	5	5.02	-13.08	-6394
7460	5	5	5.02	17.52	-1630
7470	5	5	4.97	-14.87	4884
7480	5	5	5.02	12.26	-4409
7490	5	5	4.97	0	7572
7500	5	5	5.02	0	-8184
7510	-4.99	5	5	14.87	3686
7520	-4.99	4.89	4.95	-32.71	-9731
7530	-4.99	4.53	4.53	-46.73	-3920
7540	-4.99	3.95	3.95	-70.09	-6636
7550	-4.99	3.12	3.1	-98.14	-3495
7560	-4.99	2.12	2.2	-89.22	-1966
7570	-4.99	1.12	1.28	-98.14	-1570
7580	-4.99	0.12	0.35	-89.22	-1517
7590	-4.99	-0.88	-0.57	-89.22	-1483
7600	-4.99	-1.9	-1.49	-98.14	-1501
7610	-4.99	-2.9	-2.41	-98.14	-1478
7620	-4.99	-3.77	-3.34	-89.22	-1479
7630	-4.99	-4.4	-4.24	-89.22	4288
7640	-4.99	-4.81	-4.83	-27.26	10369
7650	-4.99	-4.99	-4.99	-15.83	1163
7660	-4.99	-4.99	-4.95	12.75	-4419
7670	-4.99	-4.99	-5.02	0	7500
7680	-4.99	-4.99	-4.99	-11.42	-5503
7690	-4.99	-4.99	-4.97	15.34	425
7700	-4.99	-4.99	-5.02	-11.02	5641
7710	-4.99	-4.99	-4.95	-0.14	-7970
7720	-4.99	-4.99	-5	0	6275
7730	-4.99	-4.99	-5	-15.83	-1055
7740	-4.99	-4.99	-4.95	10.22	-6240
7750	-4.99	-4.99	-5.02	0.14	7848
7760	-4.99	-4.99	-4.99	-12.42	-4892
7770	-4.99	-4.99	-4.97	12.91	-3174
7780	-4.99	-4.99	-5.02	0	7303
7790	-4.99	-4.99	-4.97	0	-7988
7800	-4.99	-4.99	-4.99	15.58	2641
7810	-4.99	-4.99	-5.02	-13.44	4356
7820	-4.99	-4.99	-4.95	8.04	-7860
7830	-4.99	-4.99	-5	0	6626
7840	-4.99	-4.99	-5	-13.44	-1512
7850	-4.99	-4.99	-4.95	12.91	-6006
7860	-4.99	-4.99	-5.02	0	8038
7870	-4.99	-4.99	-4.97	-11.54	-7049
7880	-4.99	-4.99	-4.97	15.58	327
7890	-4.99	-4.99	-5.02	-10.9	5641
7900	-4.99	-4.99	-4.95	0	-8035
7910	-4.99	-4.99	-5	15.58	5846
7920	-4.99	-4.99	-5	-16.09	-165
7930	-4.99	-4.99	-4.95	10.11	-6870
7940	-4.99	-4.99	-4.99	15.34	-425
7950	-4.99	-4.99	-5.02	-8.6	6756
7960	-4.99	-4.99	-4.97	-10.55	-6523
7970	-4.99	-4.99	-4.99	14.43	-2747
7980	-4.99	-4.99	-5.02	0	7962
7990	-4.99	-4.99	-4.99	-12.26	-3252
8000	5	-4.99	-4.99	16.09	3833
8010	5	-4.89	-4.93	8.12	6942
8020	5	-4.67	-4.69	46.73	7400
8030	5	-4.24	-4.24	57.72	4909
8040	5	-3.53	-3.51	89.22	4913
8050	5	-2.61	-2.63	98.14	2163
8060	5	-1.61	-1.73	89.22	1430
8070	5	-0.61	-0.8	89.22	1286
8080	5	0.39	0.1	89.22	1289
8090	5	1.39	1.02	89.22	1216
8100	5	2.41	1.94	89.22	1241
8110	5	3.4	2.87	98.14	1285
8120	5	4.14	3.79	98.14	1265
8130	5	4.65	4.61	54.52	-7737
8140	5	4.95	4.93	7.91	-1957
8150	5	5	5.02	0	-8829
8160	5	5	4.99	14.23	5209
8170	5	5	4.99	-17.21	212
8180	5	5	5.04	12.26	-5112
8190	5	5	4.97	0	8047
8200	5	5	5.02	-10.9	-7537
8210	5	5	5	17.21	941
8220	5	5	4.97	-14.43	5420
8230	5	5	5.04	0	-8265
8240	5	5	4.99	0	6929
8250	5	5	5	-17.52	-1145
8260	5	5	5.04	14.02	-5632
8270	5	5	4.97	0	8176
8280	5	5	5.02	0	-7347
8290	5	5	5	17.52	2133
8300	5	5	4.97	-15.58	4634
8310	5	5	5.04	7.16	-8012
8320	5	5	4.97	0.14	7699
8330	5	5	5	-17.52	-3509
8340	5	5	5.02	11.82	-4008
8350	5	5	4.97	0	7883
8360	5	5	5.02	-9.34	-7094
8370	5	5	5.02	17.52	1882
8380	5	5	4.97	-12.58	4486
8390	5	5	5.04	0	-8018
8400	5	5	4.97	0	7393
8410	5	5	5	-17.52	-3471
8420	5	5	5.02	14.02	-3611
8430	5	5	4.97	0	7465
8440	5	5	5.02	0	-7340
8450	5	5	4.99	15.11	4938
8460	5	5	4.99	-15.11	2288
8470	5	5	5.04	9.44	-7469
8480	5	5	4.97	0.14	7493
8490	5	5	5	-17.21	-3749
8500	-4.99	5	5.02	13.08	-2289
8510	-4.99	4.91	4.89	-30.67	-5728
8520	-4.99	4.55	4.55	-44.61	-8350
8530	-4.99	3.98	3.93	-70.09	-4068
8540	-4.99	3.16	3.14	-89.22	-4273
8550	-4.99	2.16	2.24	-89.22	-2090
8560	-4.99	1.16	1.32	-98.14	-1664
8570	-4.99	0.16	0.39	-98.14	-1515
8580	-4.99	-0.84	-0.53	-89.22	-1524
8590	-4.99	-1.86	-1.45	-98.14	-1536
8600	-4.99	-2.87	-2.34	-89.22	-1508
8610	-4.99	-3.75	-3.3	-89.22	-1531
8620	-4.99	-4.38	-4.22	-89.22	3162
8630	-4.99	-4.79	-4.81	-30.67	10521
8640	-4.99	-4.99	-4.97	-16.36	551
8650	-4.99	-4.99	-4.95	13.08	-4025
8660	-4.99	-4.99	-5.02	0	8165
8670	-4.99	-4.99	-4.97	0	-6713
8680	-4.99	-4.99	-4.99	15.34	-1346
8690	-4.99	-4.99	-5.02	0	8171
8700	-4.99	-4.99	-4.95	0	-7800
8710	-4.99	-4.99	-5	15.58	5598
8720	-4.99	-4.99	-5	-17.21	-123
8730	-4.99	-4.99	-4.95	11.96	-6595
8740	-4.99	-4.99	-5.02	0	7847
8750	-4.99	-4.99	-4.99	-9.17	-5507
8760	-4.99	-4.99	-4.97	13.82	-1620
8770	-4.99	-4.99	-5.02	-8.76	7087
8780	-4.99	-4.99	-4.97	0	-8290
8790	-4.99	-4.99	-4.99	15.83	3639
8800	-4.99	-4.99	-5.02	-17.21	3359
8810	-4.99	-4.99	-4.95	8.04	-7545
8820	-4.99	-4.99	-5.02	0	7174
8830	-4.99	-4.99	-4.99	-15.11	-2976
8840	-4.99	-4.99	-4.97	12.26	-5228
8850	-4.99	-4.99	-5.02	0	7643
8860	-4.99	-4.99	-4.97	0	-7581
8870	-4.99	-4.99	-4.99	15.34	2040
8880	-4.99	-4.99	-5.02	-14.87	4609
8890	-4.99	-4.99	-4.95	0	-7967
8900	-4.99	-4.99	-5	0	5982
8910	-4.99	-4.99	-5	-13.08	-156
8920	-4.99	-4.99	-4.95	10.11	-6548
8930	-4.99	-4.99	-5.02	0	7925
8940	-4.99	-4.99	-5	-16.93	3117
8950	-4.99	-4.99	-4.95	-0.14	-7945
8960	-4.99	-4.99	-4.99	14.87	1198
8970	-4.99	-4.99	-5.02	-13.82	3021
8980	-4.99	-4.99	-4.97	12.26	-5194
8990	-4.99	-4.99	-5.02	-13.82	4497
9000	5	-4.99	-4.95	8.6	-7635
9010	5	-4.85	-4.93	20.88	8877
9020	5	-4.47	-4.51	65.43	4727
9030	5	-3.87	-3.85	81.77	6646
9040	5	-3.02	-3.04	89.22	2960
9050	5	-2.02	-2.1	81.77	1584
9060	5	-1.02	-1.24	98.14	1332
9070	5	-0.02	-0.31	89.22	1302
9080	5	1	0.57	98.14	1250
9090	5	2	1.49	89.22	1225
9100	5	3	2.41	89.22	1239
9110	5	3.85	3.32	89.22	1289
9120	5	4.46	4.24	89.22	-3297
9130	5	4.85	4.85	27.26	-9871
9140	5	5	4.99	18.87	-717
9150	5	5	4.97	-9.63	5544
9160	5	5	5.02	0	-7862
9170	5	5	4.99	13.27	5353
9180	5	5	4.99	-15.11	1457
9190	5	5	5.04	9.26	-6955
9200	5	5	4.97	0.14	7840
9210	5	5	5.02	-14.02	-6006
9220	5	5	5.02	17.21	-944
9230	5	5	4.97	0	6500
9240	5	5	5.02	0	-7792
9250	5	5	4.99	13.63	5348
9260	5	5	4.99	-14.43	1336
9270	5	5	5.04	9	-7067
9280	5	5	4.97	0	7956
9290	5	5	5	-11.54	-5512
9300	5	5	5.02	17.52	-880
9310	5	5	4.97	-9.26	6713
9320	5	5	5.04	0	-8189
9330	5	5	4.99	14.43	6355
9340	5	5	4.99	-17.84	-139
9350	5	5	5.04	11.54	-6303
9360	5	5	4.97	0	7882
9370	5	5	5.02	0	-6786
9380	5	5	5	16.93	819
9390	5	5	4.97	-10.02	6324
9400	5	5	5.04	0	-8079
9410	5	5	4.99	0	6441
9420	5	5	4.99	-17.52	-237
9430	5	5	5.04	10.11	-6410
9440	5	5	4.97	0	8183
9450	5	5	4.99	-16.36	1149
9460	5	5	5.02	13.63	-3391
9470	5	5	4.97	-15.58	4393
9480	5	5	5.04	8.32	-7742
9490	5	5	4.97	0	7294
9500	5	5	5	-17.52	-3517
9510	-4.99	5	5.02	12.58	-4105
9520	-4.99	4.89	4.89	-32.71	-3978
9530	-4.99	4.53	4.55	-51.64	-8625
9540	-4.99	3.95	3.95	-65.43	-5039
9550	-4.99	3.12	3.16	-89.22	-3990
9560	-4.99	2.12	2.26	-89.22	-2059
9570	-4.99	1.12	1.33	-89.22	-1672
9580	-4.99	0.12	0.41	-98.14	-1585
9590	-4.99	-0.9	-0.51	-89.22	-1529
9600	-4.99	-1.9	-1.43	-89.22	-1500
9610	-4.99	-2.9	-2.36	-98.14	-1542
9620	-4.99	-3.77	-3.28	-98.14	-1495
9630	-4.99	-4.42	-4.2	-81.77	3804
9640	-4.99	-4.81	-4.81	-26.52	10535
9650	-4.99	-4.99	-4.99	-17.84	2942
9660	-4.99	-4.99	-4.93	12.75	-6847
9670	-4.99	-4.99	-5.02	-7.11	8384
9680	-4.99	-4.99	-4.97	0	-6756
9690	-4.99	-4.99	-4.99	14.65	-2216
9700	-4.99	-4.99	-5.02	0	7767
9710	-4.99	-4.99	-4.97	0	-8209
9720	-4.99	-4.99	-4.99	14.43	4410
9730	-4.99	-4.99	-5	-16.63	2373
9740	-4.99	-4.99	-4.95	9.91	-7637
9750	-4.99	-4.99	-5.02	0.14	7331
9760	-4.99	-4.99	-4.99	-15.58	-3755
9770	-4.99	-4.99	-4.97	13.08	-3894
9780	-4.99	-4.99	-5.02	0	7384
9790	-4.99	-4.99	-4.97	0	-7875
9800	-4.99	-4.99	-4.99	15.83	3528
9810	-4.99	-4.99	-5.02	-16.93	3477
9820	-4.99	-4.99	-4.95	-0.14	-7465
9830	-4.99	-4.99	-5	0	6711
9840	-4.99	-4.99	-5	-15.34	-717
9850	-4.99	-4.99	-4.95	13.08	-6248
9860	-4.99	-4.99	-5.02	0	7972
9870	-4.99	-4.99	-4.99	-11.27	-5542
9880	-4.99	-4.99	-4.97	14.65	-2350
9890	-4.99	-4.99	-5.02	0	6829
9900	-4.99	-4.99	-4.95	0	-8190
9910	-4.99	-4.99	-5	15.83	4621
9920	-4.99	-4.99	-5	-17.21	1914
9930	-4.99	-4.99	-4.95	9.91	-7028
9940	-4.99	-4.99	-5	14.87	5149
9950	-4.99	-4.99	-5.02	-10.44	7075
9960	-4.99	-4.99	-4.97	0	-7812
9970	-4.99	-4.99	-4.99	15.83	3645
9980	-4.99	-4.99	-4.99	-15.58	-3776
9990	-4.99	-4.99	-4.99	14.65	-287
10000	5	-4.99	-5.02	-9.72	6683
