0	0	0	0	0	0.47
15	0	0	0	0	0.47
30	0	0	0	0	0.47
45	0	0	0	0	0.47
58	0	0	0	0	0.47
75	0	0	0	0	0.47
90	0	0	0	0	0.47
103	0	0	0	0	0.47
118	0	0	0	0	0.47
133	0	0	0	0	0.47
146	0	0	0	0	0.47
159	0	0	0	0	0.47
172	0	0	0	0	0.47
187	0	0	0	0	0.47
200	0	0	0	0	0.47
217	0	0	0	0	0.47
230	0	0	0	0	0.47
245	0	0	0	0	0.47
258	0	0	0	0	0.47
273	0	0	0	0	0.47
286	0	0	0	0	0.47
299	0	0	0	0	0.47
312	0	0	0	0	0.47
327	0	0	0	0	0.47
342	0	0	0	0	0.47
357	0	0	0	0	0.47
373	0	0	0	0	0.47
387	0	0	0	0	0.47
402	0	0	0	0	0.47
415	0	0	0	0	0.47
428	0	0	0	0	0.47
443	0	0	0	0	0.47
456	0	0	0	0	0.47
471	0	0	0	0	0.47
484	0	0	0	0	0.47
497	0	0	0	0	0.47
510	0	0	0	0	0.47
524	0	0	0	0	0.47
539	0	0	0	0	0.47
556	0	0	0	0	0.47
570	0	0	0	0	0.47
583	0	0	0	0	0.47
596	0	0	0	0	0.47
611	0	0	0	0	0.47
626	0	0	0	0	0.47
639	0	0	0	0	0.47
652	0	0	0	0	0.47
667	0	0	0	0	0.47
680	0	0	0	0	0.47
693	0	0	0	0	0.47
706	0	0	0	0	0.47
721	0	0	0	0	0.47
736	0	0	0	0	0.47
751	0	0	0	0	0.47
764	0	0	0	0	0.47
777	0	0	0	0	0.47
792	0	0	0	0	0.47
805	0	0	0	0	0.47
820	0	0	0	0	0.47
837	0	0	0	0	0.47
852	0	0	0	0	0.47
869	0	0	0	0	0.47
884	0	0	0	0	0.47
902	0	0	0	0	0.47
917	0	0	0	0	0.47
932	0	0	0	0	0.47
947	0	0	0	0	0.47
962	0	0	0	0	0.47
977	0	0	0	0	0.47
992	0	0	0	0	0.47
1009	0	0	0	0	0.47
1024	0	0	0	0	0.47
1039	0	0	0	0	0.47
1054	0	0	0	0	0.47
1069	0	0	0	0	0.47
1084	0	0	0	0	0.47
1099	0	0	0	0	0.47
1112	0	0	0	0	0.46
1125	0	0	0	0	0.46
1138	0	0	0	0	0.46
1151	0	0	0	0	0.46
1166	0	0	0	0	0.46
1181	0	0	0	0	0.46
1196	0	0	0	0	0.46
1211	0	0	0	0	0.47
1226	0	0	0	0	0.47
1239	0	0	0	0	0.47
1252	0	0	0	0	0.47
1265	0	0	0	0	0.47
1278	0	0	0	0	0.47
1293	0	0	0	0	0.47
1306	0	0	0	0	0.47
1321	0	0	0	0	0.47
1334	0	0	0	0	0.47
1351	0	0	0	0	0.47
1366	0	0	0	0	0.47
1381	0	0	0	0	0.47
1398	0	0	0	0	0.47
1413	0	0	0	0	0.47
1428	0	0	0	0	0.47
1443	0	0	0	0	0.47
1460	0	0	0	0	0.47
1475	0	0	0	0	0.47
1488	0	0	0	0	0.47
1504	0	0	0	0	0.47
1517	0	0	0	0	0.47
1530	0	0	0	0	0.47
1543	0	0	0	0	0.47
1558	0	0	0	0	0.47
1573	0	0	0	0	0.47
1586	0	0	0	0	0.47
1601	0	0	0	0	0.47
1618	0	0	0	0	0.47
1633	0	0	0	0	0.47
1646	0	0	0	0	0.47
1663	0	0	0	0	0.47
1678	0	0	0	0	0.47
1691	0	0	0	0	0.47
1704	0	0	0	0	0.47
1718	0	0	0	0	0.47
1733	0	0	0	0	0.47
1746	0	0	0	0	0.47
1759	0	0	0	0	0.47
1772	0	0	0	0	0.47
1785	0	0	0	0	0.47
1798	0	0	0	0	0.47
1811	0	0	0	0	0.47
1824	0	0	0	0	0.47
1837	0	0	0	0	0.47
1855	0	0	0	0	0.47
1868	0	0	0	0	0.47
1883	0	0	0	0	0.47
1896	0	0	0	0	0.47
1911	0	0	0	0	0.47
1926	0	0	0	0	0.47
1939	0	0	0	0	0.47
1952	0	0	0	0	0.47
1967	0	0	0	0	0.47
1980	0	0	0	0	0.47
1993	0	0	0	0	0.47
2008	0	0	0	0	0.47
2021	0	0	0	0	0.47
2036	0	0	0	0	0.47
2049	0	0	0	0	0.47
2064	0	0	0	0	0.47
2077	0	0	0	0	0.47
2090	0	0	0	0	0.47
2108	0	0	0	0	0.47
2125	0	0	0	0	0.47
2140	0	0	0	0	0.47
2153	0	0	0	0	0.47
2170	0	0	0	0	0.47
2183	0	0	0	0	0.47
2200	0	0	0	0	0.47
2213	0	0	0	0	0.47
2228	0	0	0	0	0.47
2241	0	0	0	0	0.47
2256	0	0	0	0	0.37
2271	0	0	0	0	0.37
2286	0	0	0	0	0.37
2299	0	0	0	0	0.37
2316	0	0	0	0	0.37
2329	0	0	0	0	0.37
2342	0	0	0	0	0.37
2355	0	0	0	0	0.37
2370	0	0	0	0	0.37
2385	0	0	0	0	0.37
2398	0	0	0	0	0.37
2411	0	0	0	0	0.37
2426	0	0	0	0	0.37
2441	0	0	0	0	0.37
2454	0	0	0	0	0.37
2469	0	0	0	0	0.37
2484	0	0	0	0	0.37
2497	0	0	0	0	0.37
2510	0	0	0	0	0.37
2523	0	0	0	0	0.37
2536	0	0	0	0	0.37
2549	0	0	0	0	0.37
2566	0	0	0	0	0.37
2579	0	0	0	0	0.37
2592	0	0	0	0	0.37
2605	0	0	0	0	0.37
2618	0	0	0	0	0.37
2631	0	0	0	0	0.37
2644	0	0	0	0	0.37
2657	0	0	0	0	0.37
2670	0	0	0	0	0.37
2683	0	0	0	0	0.37
2696	0	0	0	0	0.37
2711	0	0	0	0	0.37
2724	0	0	0	0	0.37
2739	0	0	0	0	0.37
2752	0	0	0	0	0.37
2768	0	0	0	0	0.37
2783	0	0	0	0	0.37
2798	0	0	0	0	0.37
2814	0	0	0	0	0.37
2827	0	0	0	0	0.37
2840	0	0	0	0	0.37
2853	0	0	0	0	0.37
2866	0	0	0	0	0.37
2879	0	0	0	0	0.37
2892	0	0	0	0	0.37
2909	0	0	0	0	0.37
2925	0	0	0	0	0.37
2938	0	0	0	0	0.37
2951	0	0	0	0	0.37
2965	0	0	0	0	0.37
2982	0	0	0	0	0.37
2995	0	0	0	0	0.37
3008	0	0	0	0	0.37
3021	0	0	0	0	0.37
3034	0	0	0	0	0.37
3047	0	0	0	0	0.37
3062	0	0	0	0	0.37
3075	0	0	0	0	0.37
3088	0	0	0	0	0.37
3101	0	0	0	0	0.37
3114	0	0	0	0	0.37
3129	0	0	0	0	0.37
3144	0	0	0	0	0.37
3157	0	0	0	0	0.37
3171	0	0	0	0	0.37
3186	0	0	0	0	0.37
3199	0	0	0	0	0.37
3212	0	0	0	0	0.37
3225	0	0	0	0	0.37
3238	0	0	0	0	0.37
3251	0	0	0	0	0.37
3264	0	0	0	0	0.37
3277	0	0	0	0	0.37
3290	0	0	0	0	0.37
3303	0	0	0	0	0.37
3318	0	0	0	0	0.37
3331	0	0	0	0	0.37
3344	0	0	0	0	0.37
3359	0	0	0	0	0.37
3372	0	0	0	0	0.37
3387	0	0	0	0	0.37
3402	0	0	0	0	0.37
3417	0	0	0	0	0.37
3430	0	0	0	0	0.37
3445	0	0	0	0	0.37
3458	0	0	0	0	0.37
3471	0	0	0	0	0.37
3484	0	0	0	0	0.37
3497	0	0	0	0	0.37
3510	0	0	0	0	0.37
3525	0	0	-0.04	0	0.37
3538	0	0	0	0	0.37
3551	0	0	0	0	0.37
3564	0	0	0	0	0.37
3579	0	0	0	0	0.37
3592	0	0	0	0	0.29
3607	0	0	0	0	0.29
3622	0	0	0	0	0.29
3635	0	0	0	0	0.29
3650	0	0	0	0	0.29
3663	0	0	0	0	0.29
3676	0	0	0	0	0.29
3691	0	0	0	0	0.2
3704	0	0	0	0	0.2
3719	0	0	0	0	0.2
3732	0	0	0	0	0.2
3745	0	0	0	0	0.2
3758	0	0	0	0	0.2
3773	0	0	0	0	0.2
3788	0	0	0	0	0.2
3802	0	0	0	0	0.21
3814	0	0	0	0	0.21
3827	0	0	0	0	0.21
3842	0	0	0	0	0.21
3857	0	0	0	0	0.21
3872	0	0	0	0	0.21
3889	0	0	0	0	0.21
3902	0	0	0	0	0.21
3915	0	0	0	0	0.21
3930	0	0	0	0	0.21
3947	0	0	0	0	0.21
3962	0	0	0	0	0.21
3977	0	0	0	0	0.21
3992	0	0	0	0	0.21
4007	0	0	0	0	0.21
4020	0	0	0	0	0.21
4033	0	0	0	0	0.21
4046	0	0	0	0	0.21
4059	0	0	0	0	0.21
4074	0	0	0	0	0.21
4087	0	0	0	0	0.21
4100	0	0	0	0	0.21
4113	0	0	0	0	0.21
4126	0	0	0	0	0.21
4141	0	0	0	0	0.21
4154	0	0	0	0	0.21
4167	0	0	0	0	0.21
4182	0	0	0	0	0.21
4195	0	0	0	0	0.21
4208	0	0	0	0	0.21
4221	0	0	0	0	0.21
4234	0	0	0	0	0.21
4247	0	0	0	0	0.21
4260	0	0	0	0	0.21
4275	0	0	0	0	0.21
4288	0	0	0	0	0.21
4301	0	0	0	0	0.21
4316	0	0	0	0	0.21
4329	0	0	0	0	0.21
4344	0	0	0	0	0.21
4357	0	0	0	0	0.21
4370	0	0	0	0	0.21
4383	0	0	0	0	0.21
4396	0	0	0	0	0.21
4413	0	0	0	0	0.21
4426	0	0	0	0	0.21
4443	0	0	0	0	0.21
4460	0	0	0	0	0.21
4473	0	0	0	0	0.21
4486	0	0	0	0	0.21
4499	0	0	0	0	0.21
4514	0	0	0	0	0.21
4531	0	0	0	0	0.21
4544	0	0	0	0	0.21
4557	0	0	0	0	0.21
4572	0	0	0	0	0.21
4587	0	0	0	0	0.21
4602	0	0	0	0	0.21
4615	0	0	0	0	0.21
4632	0	0	0	0	0.21
4647	0	0	0	0	0.21
4660	0	0	0	0	0.21
4677	0	0	0	0	0.21
4690	0	0	0	0	0.21
4703	0	0	0	0	0.21
4716	0	0	0	0	0.21
4729	0	0	0	0	0.21
4744	0	0	0	0	0.21
4757	0	0	0	0	0.21
4770	0	0	0	0	0.21
4784	0	0	0	0	0.21
4797	0	0	0	0	0.21
4810	0	0	0	0	0.21
4825	0	0	0	0	0.21
4838	0	0	0	0	0.21
4853	0	0	0	0	0.21
4866	0	0	0	0	0.21
4879	0	0	0	0	0.21
4894	0	0	0	0	0.21
4909	0	0	0	0	0.21
4922	0	0	0	0	0.21
4937	0	0	0	0	0.21
4954	0	0	0	0	0.21
4967	0	0	0	0	0.21
4982	0	0	0	0	0.21
4995	0	0	0	0	0.21
5008	0	0	0	0	0.21
5021	0	0	0	0	0.21
5036	0	0	0	0	0.21
5049	0	0	0	0	0.21
5062	0	0	0	0	0.21
5075	0	0	0	0	0.21
5088	0	0	0	0	0.21
5105	0	0	0	0	0.21
5120	0	0	0	0	0.21
5135	0	0	0	0	0.21
5148	0	0	0	0	0.21
5161	0	0	0	0	0.21
5174	0	0	0	0	0.21
5189	0	0	0	0	0.21
5204	0	0	0	0	0.21
5217	0	0	0	0	0.21
5230	0	0	0	0	0.21
5245	0	0	0	0	0.21
5258	0	0	0	0	0.21
5271	0	0	0	0	0.21
5284	0	0	0	0	0.21
5297	0	0	0	0	0.21
5310	0	0	0	0	0.21
5323	0	0	0	0	0.21
5336	0	0	0	0	0.21
5349	0	0	0	0	0.21
5362	0	0	0	0	0.21
5375	0	0	0	0	0.21
5388	0	0	0	0	0.21
5401	0	0	0	0	0.21
5414	0	0	0	0	0.21
5427	0	0	0	0	0.21
5440	0	0	0	0	0.21
5455	0	0	0	0	0.21
5469	0	0	0	0	0.21
5482	0	0	0	0	0.21
5495	0	0	0	0	0.21
5508	0	0	0	0	0.21
5521	0	0	0	0	0.21
5534	0	0	0	0	0.21
5547	0	0	0	0	0.21
5562	0	0	0	0	0.21
5575	0	0	0	0	0.21
5588	0	0	0	0	0.21
5603	0	0	0	0	0.21
5616	0	0	0	0	0.21
5629	0	0	0	0	0.21
5647	0	0	0	0	0.21
5660	0	0	0	0	0.21
5675	0	0	0	0	0.21
5691	0	0	0	0	0.21
5706	0	0	0	0	0.21
5721	0	0	0	0	0.21
5736	0	0	0	0	0.21
5751	0	0	0	0	0.21
5768	0	0	0	0	0.21
5783	0	0	0	0	0.21
5800	0	0	0	0	0.21
5813	0	0	0	0	0.21
5826	0	0	0	0	0.21
5841	0	0	0	0	0.21
5858	0	0	0	0	0.21
5871	0	0	0	0	0.21
5886	0	0	0	0	0.21
5899	0	0	0	0	0.21
5914	0	0	0	0	0.21
5932	0	0	0	0	0.21
5945	0	0	0	0	0.21
5958	0	0	0	0	0.21
5971	0	0	0	0	0.21
5984	0	0	0	0	0.21
5998	0	0	0	0	0.21
6011	0	0	0	0	0.21
6027	0	0	0	0	0.21
6040	0	0	0	0	0.21
6055	0	0	0	0	0.21
6068	0	0	0	0	0.21
6083	0	0	0	0	0.21
6096	0	0	0	0	0.21
6111	0	0	0	0	0.21
6128	0	0	0	0	0.21
6143	0	0	0	0	0.21
6158	0	0	0	0	0.21
6171	0	0	0	0	0.21
6186	0	0	0	0	0.21
6203	0	0	0	0	0.21
6216	0	0	0	0	0.21
6231	0	0	0	0	0.21
6245	0	0	0	0	0.21
6258	0	0	0	0	0.21
6271	0	0	0	0	0.21
6284	0	0	0	0	0.21
6297	0	0	0	0	0.21
6310	0	0	0	0	0.21
6323	0	0	0	0	0.21
6338	0	0	0	0	0.21
6351	0	0	0	0	0.21
6364	0	0	0	0	0.21
6377	0	0	0	0	0.21
6392	0	0	0	0	0.21
6407	0	0	0	0	0.21
6424	0	0	0	0	0.21
6437	0	0	0	0	0.21
6450	0	0	0	0	0.21
6463	0	0	0	0	0.21
6476	0	0	0	0	0.21
6489	0	0	0	0	0.21
6502	0	0	0	0	0.21
6515	0	0	0	0	0.21
6528	0	0	0	0	0.21
6541	0	0	0	0	0.21
6554	0	0	0	0	0.21
6567	0	0	0	0	0.21
6580	0	0	0	0	0.21
6593	0	0	0	0	0.21
6606	0	0	0	0	0.21
6619	0	0	0	0	0.21
6632	0	0	0	0	0.21
6645	0	0	0	0	0.21
6658	0	0	0	0	0.21
6671	0	0	0	0	0.21
6684	0	0	0	0	0.21
6699	0	0	0	0	0.21
6712	0	0	0	0	0.21
6725	0	0	0	0	0.21
6738	0	0	0	0	0.21
6753	0	0	0	0	0.21
6768	0	0	0	0	0.21
6781	0	0	0	0	0.21
6796	0	0	0	0	0.21
6811	0	0	0	0	0.21
6824	0	0	0	0	0.21
6839	0	0	0	0	0.21
6852	0	0	0	0	0.21
6869	0	0	0	0	0.21
6884	0	0	0	0	0.21
6897	0	0	0	0	0.21
6914	0	0	0	0	0.21
6929	0	0	0	0	0.21
6942	0	0	0	0	0.21
6955	0	0	0	0	0.21
6970	0	0	0	0	0.21
6985	0	0	0	0	0.21
6998	0	0	0	0	0.21
7015	0	0	0	0	0.21
7030	0	0	0	0	0.21
7045	0	0	0	0	0.21
7061	0	0	0	0	0.21
7074	0	0	0	0	0.21
7089	0	0	0	0	0.21
7104	0	0	0	0	0.21
7119	0	0	0	0	0.21
7134	0	0	0	0	0.21
7149	0	0	0	0	0.21
7166	0	0	0	0	0.21
7181	0	0	0	0	0.21
7196	0	0	0	0	0.21
7210	0	0	0	0	0.21
7223	0	0	0	0	0.21
7238	0	0	0	0	0.21
7251	0	0	0	0	0.21
7264	0	0	0	0	0.21
7279	0	0	0	0	0.21
7294	0	0	0	0	0.21
7307	0	0	0	0	0.21
7322	0	0	0	0	0.21
7335	0	0	0	0	0.21
7350	0	0	0	0	0.21
7365	0	0	0	0	0.21
7378	0	0	0	0	0.21
7391	0	0	0	0	0.21
7404	0	0	0	0	0.21
7417	0	0	0	0	0.21
7434	0	0	0	0	0.21
7449	0	0	0	0	0.21
7462	0	0	0	0	0.21
7475	0	0	0	0	0.21
7488	0	0	0	0	0.21
7501	0	0	0	0	0.21
7514	0	0	0	0	0.21
7527	0	0	0	0	0.21
7540	0	0	0	0	0.21
7553	0	0	0	0	0.21
7566	0	0	0	0	0.21
7579	0	0	0	0	0.21
7592	0	0	0	0	0.21
7605	0	0	0	0	0.21
7618	0	0	0	0	0.21
7631	0	0	0	0	0.21
7644	0	0	0	0	0.21
7657	0	0	0	0	0.21
7670	0	0	0	0	0.21
7683	0	0	0	0	0.21
7696	0	0	0	0	0.21
7709	0	0	0	0	0.21
7722	0	0	0	0	0.21
7735	0	0	0	0	0.21
7748	0	0	0	0	0.21
7761	0	0	0	0	0.21
7774	0	0	0	0	0.21
7787	0	0	0	0	0.21
7802	0	0	0	0	0.21
7815	0	0	0	0	0.21
7830	0	0	0	0	0.21
7843	0	0	0	0	0.21
7858	0	0	0	0	0.21
7873	0	0	0	0	0.21
7888	0	0	0	0	0.21
7901	0	0	0	0	0.21
7914	0	0	0	0	0.21
7927	0	0	0	0	0.21
7942	0	0	0	0	0.21
7955	0	0	0	0	0.21
7970	0	0	0	0	0.21
7985	0	0	0	0	0.21
8000	0	0	0	0	0.21
8015	0	0	0	0	0.21
8030	0	0	0	0	0.21
8045	0	0	0	0	0.21
8058	0	0	0	0	0.21
8073	0	0	0	0	0.21
8086	0	0	0	0	0.21
8099	0	0	0	0	0.21
8114	0	0	0	0	0.21
8131	0	0	0	0	0.21
8148	0	0	0	0	0.21
8161	0	0	0	0	0.21
8174	0	0	0	0	0.21
8191	0	0	0	0	0.21
8206	0	0	0	0	0.21
8223	0	0	-0.04	0	0.21
8236	0	0	-0.04	0	0.21
8251	0	0	-0.04	0	0.21
8266	0	0	0	0	0.21
8279	0	0	0	0	0.21
8294	0	0	0	0	-0.65
8307	0	0	0	0	-0.65
8320	0	0	0	0	-0.65
8333	0	0	0	0	-0.65
8348	0	0	0	0	-0.65
8361	0	0	0	0	-0.65
8374	0	0	0	0	-0.65
8387	0	0	0	0	-0.65
8400	0	0	0	0	-0.64
8415	0	0	0	0	-0.64
8430	0	0	0	0	-0.64
8443	0	0	0	0	-0.64
8456	0	0	0	0	-0.64
8469	0	0	0	0	-0.64
8482	0	0	0	0	-0.64
8496	0	0	0	0	-0.64
8513	0	0	0	0	-0.64
8526	0	0	0	0	-0.64
8539	0	0	0	0	-0.64
8552	0	0	0	0	-0.64
8569	0	0	0	0	-0.64
8582	0	0	0	0	-0.64
8595	0	0	0	0	-0.64
8608	0	0	0	0	-0.64
8623	0	0	0	0	-0.64
8639	0	0	0	0	-0.64
8654	0	0	0	0	-0.64
8669	0	0	0	0	-0.64
8686	0	0	0	0	-0.64
8699	0	0	0	0	-0.64
8713	0	0	0	0	-0.64
8726	0	0	0	0	-0.64
8739	0	0	0	0	-0.64
8754	0	0	0	0	-0.64
8769	0	0	0	0	-0.64
8786	0	0	0	0	-0.64
8799	0	0	0	0	-0.64
8812	0	0	0	0	-0.64
8825	0	0	0	0	-0.64
8838	0	0	0	0	-0.64
8853	0	0	0	0	-0.64
8866	0	0	0	0	-0.64
8879	0	0	0	0	-0.64
8894	0	0	0	0	-0.64
8907	0	0	0	0	-0.64
8920	0	0	0	0	-0.64
8933	0	0	0	0	-0.64
8948	0	0	0	0	-0.64
8965	0	0	0	0	-0.64
8978	0	0	0	0	-0.64
8995	0	0	0	0	-0.64
9008	0	0	0	0	-0.64
9023	0	0	0	0	-0.64
9036	0	0	0	0	-0.64
9051	0	0	-0.04	0	-0.64
9064	0	0	0	0	-0.64
9079	0	0	0	0	-0.64
9094	0	0	0	0	-0.64
9107	0	0	0	0	-0.64
9122	0	0	0	0	-0.83
9139	0	0	0	0	-0.83
9156	0	0	0	0	-0.83
9171	0	0	0	0	-0.83
9184	0	0	0	0	-0.83
9201	0	0	0	0	-0.83
9216	0	0	-0.04	0	-0.83
9231	0	0	0	0	-1.32
9248	0	0	0	0	-1.32
9261	0	0	0	0	-1.32
9278	0	0	0	0	-1.32
9293	0	0	0	0	-1.32
9306	0	0	0	0	-1.32
9321	0	0	0	0	-1.32
9334	0	0	0	0	-1.31
9351	0	0	0	0	-1.31
9368	0	0	0	0	-1.31
9383	0	0	0	0	-1.31
9396	0	0	0	0	-1.31
9409	0	0	0	0	-1.31
9424	0	0	0	0	-1.31
9437	0	0	0	0	-1.3
9450	0	0	0	0	-1.3
9466	0	0	0	0	-1.3
9481	0	0	0	0	-1.3
9496	0	0	0	0	-1.3
9509	0	0	0	0	-1.3
9522	0	0	0	0	-1.3
9537	0	0	0	0	-1.31
9553	0	0	0	0	-1.31
9565	0	0	0	0	-1.31
9582	0	0	0	0	-1.31
9597	0	0	0	0	-1.31
9610	0	0	0	0	-1.31
9623	0	0	0	0	-1.31
9636	0	0	0	0	-1.3
9649	0	0	0	0	-1.3
9666	0	0	0	0	-1.3
9679	0	0	0	0	-1.3
9696	0	0	0	0	-1.3
9711	0	0	0	0	-1.3
9724	0	0	0	0	-1.3
9737	0	0	0	0	-1.3
9752	0	0	0	0	-1.3
9767	0	0	0	0	-1.3
9780	0	0	0	0	-1.3
9793	0	0	0	0	-1.3
9806	0	0	0	0	-1.3
9819	0	0	0	0	-1.3
9832	0	0	0	0	-1.3
9845	0	0	0	0	-1.29
9858	0	0	0	0	-1.29
9871	0	0	0	0	-1.29
9886	0	0	0	0	-1.29
9899	0	0	0	0	-1.29
9912	0	0	0	0	-1.29
9927	0	0	0	0	-1.29
9940	0	0	0	0	-1.3
9955	0	0	0	0	-1.3
9968	0	0	0	0	-1.3
9981	0	0	0	0	-1.3
9995	0	0	0	0	-1.3
10008	0	0	0	0	-1.3
10023	0	0	0	0	-1.3
10036	0	0	0	0	-1.3
10049	0	0	0	0	-1.3
10064	0	0	0	0	-1.3
10077	0	0	0	0	-1.3
10092	0	0	0	0	-1.3
10105	0	0	0	0	-1.3
10118	0	0	0	0	-1.3
10134	0	0	0	0	-1.3
10147	0	0	0	0	-1.3
10162	0	0	0	0	-1.3
10178	0	0	0	0	-1.3
10195	0	0	0	0	-1.3
10210	0	0	0	0	-1.3
10225	0	0	0	0	-1.3
10238	0	0	0	0	-1.3
10253	0	0	0	0	-1.31
10268	0	0	0	0	-1.31
10283	0	0	0	0	-1.31
10298	0	0	0	0	-1.31
10311	0	0	0	0	-1.31
10324	0	0	0	0	-1.31
10340	0	0	0	0	-1.31
10357	0	0	0	0	-1.3
10372	0	0	0	0	-1.3
10385	0	0	0	0	-1.3
10398	0	0	0	0	-1.3
10415	0	0	0	0	-1.3
10430	0	0	0	0	-1.3
10443	0	0	0	0	-1.3
10458	0	0	0	0	-1.3
10471	0	0	0	0	-1.3
10486	0	0	0	0	-1.3
10499	0	0	0	0	-1.3
10514	0	0	0	0	-1.3
10531	0	0	0	0	-1.3
10546	0	0	0.04	0	-1.3
10563	0	0	0.04	0	-0.95
10576	0	0	0	0	-0.95
10589	0	0	0	0	-0.95
10604	0	0	0	0	-0.95
10617	0	0	0.04	0	-0.95
10632	0	0	0	0	-0.95
10645	0	0	0	0	-0.95
10660	0	0	0	0	-0.64
10675	0	0	0	0	-0.64
10690	0	0	0.04	0	-0.64
10703	0	0	0.04	0	-0.64
10716	0	0	0	0	-0.64
10729	0	0	0	0	-0.64
10742	0	0	0	0	-0.64
10756	0	0	0	0	-0.35
10769	0	0	0	0	-0.35
10782	0	0	0	0	-0.35
10795	0	0	0	0	-0.35
10810	0	0	0	0	-0.35
10823	0	0	0	0	-0.35
10836	0	0	0	0	-0.35
10851	0	0	0	0	-0.35
10864	0	0	0	0	-0.34
10877	0	0	0	0	-0.34
10890	0	0	0	0	-0.34
10905	0	0	0	0	-0.34
10920	0	0	0	0	-0.34
10933	0	0	0	0	-0.34
10946	0	0	0	0	-0.34
10963	0	0	0	0	-0.34
10976	0	0	0	0	-0.34
10989	0	0	0	0	-0.34
11002	0	0	0	0	-0.34
11017	0	0	0	0	-0.34
11032	0	0	0	0	-0.34
11045	0	0	0	0	-0.34
11062	0	0	0	0	-0.34
11077	0	0	0	0	-0.34
11090	0	0	0	0	-0.34
11103	0	0	0	0	-0.34
11116	0	0	0	0	-0.34
11129	0	0	0	0	-0.34
11142	0	0	0	0	-0.34
11155	0	0	0	0	-0.34
11168	0	0	0	0	-0.34
11181	0	0	0	0	-0.34
11194	0	0	0	0	-0.34
11209	0	0	0	0	-0.34
11222	0	0	0	0	-0.34
11237	0	0	0	0	-0.34
11252	0	0	0	0	-0.34
11268	0	0	0	0	-0.34
11281	0	0	0	0	-0.34
11294	0	0	0	0	-0.34
11307	0	0	0	0	-0.34
11326	0	0	0	0	-0.34
11341	0	0	0	0	-0.34
11358	0	0	0	0	-0.34
11372	0	0	0	0	-0.34
11387	0	0	0	0	-0.34
11402	0	0	0	0	-0.34
11417	0	0	0	0	-0.34
11434	0	0	0	0	-0.34
11447	0	0	0	0	-0.34
11460	0	0	0	0	-0.34
11473	0	0	0	0	-0.34
11488	0	0	0	0	-0.34
11501	0	0	0	0	-0.34
11516	0	0	0	0	-0.34
11531	0	0	0	0	-0.34
11544	0	0	0	0	-0.34
11557	0	0	0	0	-0.34
11574	0	0	0	0	-0.34
11589	0	0	0	0	-0.34
11602	0	0	0	0	-0.34
11615	0	0	0	0	-0.34
11630	0	0	0	0	-0.34
11643	0	0	0	0	-0.34
11658	0	0	0	0	-0.34
11671	0	0	0	0	-0.34
11684	0	0	0	0	-0.34
11697	0	0	0	0	-0.34
11712	0	0	0	0	-0.34
11725	0	0	0	0	-0.34
11740	0	0	0	0	-0.34
11753	0	0	0	0	-0.34
11768	0	0	0	0	-0.34
11781	0	0	0.04	0	-0.34
11798	0	0	0	0	-0.26
11813	0	0	0	0	-0.26
11826	0	0	0.04	0	-0.26
11839	0	0	0	0	-0.26
11852	0	0	0	0	-0.26
11865	0	0	0	0	-0.26
11878	0	0	0	0	-0.26
11892	0	0	0	0	-0.19
11909	0	0	0	0	-0.19
11922	0	0	0	0	-0.19
11938	0	0	0	0	-0.19
11951	0	0	0	0	-0.19
11964	0	0	0	0	-0.19
11977	0	0	0	0	-0.19
11992	0	0	0	0	-0.19
12007	0	0	0	0	-0.19
12020	0	0	0	0	-0.19
12035	0	0	0	0	-0.19
12048	0	0	0	0	-0.19
12061	0	0	0	0	-0.19
12074	0	0	0	0	-0.19
12087	0	0	0	0	-0.19
12105	0	0	0	0	-0.05
12120	0	0	0	0	-0.05
12133	0	0	0	0	-0.05
12146	0	0	0	0	-0.05
12159	0	0	0	0	-0.05
12172	0	0	0	0	-0.05
12185	0	0	0	0	-0.05
12198	0	0	0.04	0	-0.05
12214	0	0	0	0.29	0.18
12229	0	0	0	0	0.18
12244	0	0	0	0	0.18
12259	0	0	0	0	0.18
12272	0	0	0	0	0.18
12285	0	0	0	0	0.18
12301	0	0	0	0	0.18
12313	0	0	0	0	0.41
12328	0	0	0	0	0.41
12341	0	0	0	0	0.41
12354	0	0	0	0	0.41
12367	0	0	0	0	0.41
12380	0	0	0	0	0.41
12397	0	0	0	0	0.41
12412	0	0	0	0	0.41
12429	0	0	0	0	0.41
12442	0	0	0	0	0.41
12457	0	0	0	0	0.41
12472	0	0	0	0	0.41
12489	0	0	0	0	0.41
12504	0	0	0	0	0.41
12519	0	0	0	0	0.42
12534	0	0	0	0	0.42
12551	0	0	0	0	0.42
12564	0	0	0	0	0.42
12579	0	0	0	0	0.42
12592	0	0	0	0	0.42
12607	0	0	0	0	0.42
12624	0	0	0	0	0.4
12641	0	0	0	-0.29	0.4
12654	0	0	0	0	0.4
12671	0	0	0	0	0.4
12688	0	0	0	0	0.4
12701	0	0	0	0	0.4
12721	0	0	0	0	0.24
12736	0	0	0	0	0.24
12751	0	0	0	0	0.24
12766	0	0	0	0	0.24
12781	0	0	0	0	0.24
12794	0	0	0	0	0.24
12811	0	0	0	0	0.24
12828	0	0	0	0	0.24
12843	0	0	0	0	0.24
12860	0	0	0	0	0.24
12877	0	0	0	0	0.24
12892	0	0	0	0	0.24
12906	0	0	0	0	0.24
12923	0	0	0	0	0.24
12938	0	0	0	0	0.24
12954	0	0	0	0	0.24
12971	0	0	0	0	0.24
12988	0	0	0	0	0.24
13005	0	0	0	0	0.24
13019	0	0	0	0	0.24
13033	0	0	0	0	0.24
13047	0	0	0	0	0.24
13059	0	0	0	0	0.24
13074	0	0	0	0	0.24
13089	0	0	0	0	0.24
13106	0	0	0	0	0.24
13119	0	0	0	0	0.24
13133	0	0	0	0	0.24
13148	0	0	0	0	0.24
13165	0	0	0	0	0.24
13178	0	0	0	0	0.24
13191	0	0	0	0	0.24
13204	0	0	0	0	0.24
13217	0	0	0	0	0.24
13232	0	0	0	0	0.24
13245	0	0	0	0	0.24
13258	0	0	0	0	0.24
13275	0	0	0	0	0.24
13290	0	0	0	0	0.24
13307	0	0	0	0	0.24
13322	0	0	0	0	0.24
13337	-57.2	0	0	0	0.24
13350	-57.2	-0.040371417036738	0	0	0.24
13365	-57.2	-0.322971336293904	-0.04	-13.73	0.24
13380	-57.2	-0.928542591844974	-0.44	-59.36	0.24
13398	-57.2	-2.09931368591038	-1.82	-100.93	0.24
13413	-57.2	-3.55268469923294	-3.31	-126.15	0.24
13432	-57.2	-5.57125555106984	-5.69	-134.58	0.24
13448	-57.2	-8.59911182882519	-7.83	-144.17	4.15
13463	-57.2	-10.940654016956	-10.62	-168.2	4.15
13478	-57.2	-13.8070246265644	-13.08	-168.2	4.15
13496	-57.2	-16.6330238191361	-15.54	-183.51	4.15
13511	-57.2	-19.9031085991118	-19.3	-201.86	4.15
13524	-57.2	-22.6887363746467	-21.32	-168.2	4.15
13539	-57.2	-25.1513928138878	-24.02	-168.2	4.15
13553	-57.2	-28.1388776746064	-26.56	-183.51	2.54
13570	-57.2	-30.9245054501413	-29.96	-183.51	2.54
13585	-57.2	-33.6697618086395	-32.01	-168.2	2.54
13598	-57.2	-36.5361324182479	-35.04	-168.2	2.54
13615	-57.2	-39.2813887767461	-38.07	-183.51	2.54
13628	-57.2	-42.1073879693177	-40.53	-183.51	2.54
13641	-57.2	-44.4893015744853	-43.08	-168.2	2.54
13657	-57.2	-47.4364150181671	-45.26	-168.2	2.59
13670	-57.2	-49.6568429551877	-48.41	-201.86	2.59
13685	-57.2	-51.5946709729512	-50.14	-183.51	2.59
13698	-57.2	-53.4113847396044	-53.49	-201.86	2.59
13711	-57.2	-54.6628986677432	-55.27	-183.51	2.59
13724	-57.2	-55.7125555106984	-57.85	-118.72	2.59
13737	-57.2	-56.4796124343965	-58.82	26.55	2.59
13754	-57.2	-56.9640694388373	-58.26	91.76	2.59
13767	-57.2	-57.165926524021	-56.76	56.07	0.45
13780	-57.2	-57.2062979410577	-56.24	-18.34	0.45
13793	-57.2	-57.2062979410577	-56.72	-41.21	0.45
13806	-57.2	-57.2062979410577	-57.13	-26.9	0.45
13819	-57.2	-57.2062979410577	-57.41	-8.24	0.45
13832	79.8	-57.2062979410577	-57.37	0	0.45
13845	79.8	-57.165926524021	-57.33	2.81	0.45
13860	79.8	-56.8833266047638	-57.21	33.65	0.45
13873	79.8	-56.237383932176	-56.72	65.11	-2.59
13886	79.8	-55.3492127573678	-55.75	91.76	-2.59
13899	79.8	-54.2188130803391	-54.38	106.23	-2.59
13912	79.8	-52.84618490109	-53.29	118.72	-2.59
13927	79.8	-51.150585385547	-51.43	144.17	-2.59
13940	79.8	-48.8090431974162	-49.05	155.28	-2.59
13953	79.8	-46.6693580944691	-47.36	201.86	-2.59
13968	79.8	-44.1663302381914	-44.73	168.2	-2.59
13981	79.8	-41.4210738796932	-42.31	183.51	-1.72
13994	79.8	-38.9180460234154	-39.44	183.51	-1.72
14009	79.8	-36.4553895841744	-36.66	201.86	-1.72
14022	79.8	-33.750504642713	-34.44	201.86	-1.72
14035	79.8	-31.2878482034719	-31.73	201.86	-1.72
14050	79.8	-28.8251917642309	-28.91	183.51	-1.72
14063	79.8	-26.039563988696	-26.73	183.51	-1.72
14079	79.8	-23.4961647153815	-23.94	183.51	-1.51
14092	79.8	-20.6297941057731	-20.67	201.86	-1.51
14107	79.8	-18.1267662494954	-18.89	201.86	-1.51
14120	79.8	-15.3411384739604	-15.66	183.51	-1.51
14133	79.8	-12.9592248687929	-13.61	201.86	-1.51
14146	79.8	-10.4158255954784	-10.86	201.86	-1.51
14161	79.8	-8.03391199031086	-9.08	183.51	-1.51
14174	79.8	-5.12716996366572	-5.65	168.2	-1.51
14189	79.8	-2.3415421881308	-2.91	201.86	-1.7
14204	79.8	0	-0.81	183.51	-1.7
14219	79.8	3.27008477997578	2.7	201.86	-1.7
14234	79.8	5.61162696810658	4.84	183.51	-1.7
14251	79.8	8.88171174808236	8.36	183.51	-1.7
14266	79.8	11.5865966895438	10.86	201.86	-1.7
14281	79.8	14.3722244650787	13.61	183.51	-1.7
14298	79.8	17.1982236576504	16.47	183.51	-1.51
14311	79.8	20.3471941865159	19.62	183.51	-1.51
14325	79.8	22.9713362939039	22.41	201.86	-1.51
14340	-57.2	25.4743641501817	24.59	168.2	-1.51
14353	-57.2	28.0985062575696	27.82	183.51	-1.51
14366	-57.2	30.0767056923698	30.2	134.58	-1.51
14379	-57.2	31.7319337908761	31.53	100.93	-1.51
14396	-57.2	33.3467904723456	32.82	77.64	0.4
14411	-57.2	34.6386758175212	34.07	65.11	0.4
14427	-57.2	35.6075898264029	35.45	53.13	0.4
14440	-57.2	36.0113039967703	35.97	29.26	0.4
14454	-57.2	36.1727896649172	36.29	0	0.4
14469	-57.2	36.051675413807	36.21	-26.9	0.4
14483	-57.2	35.4864755752927	35.65	-38.08	0.4
14496	-57.2	34.6790472345579	35.24	-67.27	3.99
14511	-57.2	33.589018974566	33.95	-112.14	3.99
14524	-57.2	32.0952765442067	32.62	-134.58	3.99
14541	-57.2	30.1574485264433	30.08	-144.17	3.99
14554	-57.2	27.9773920064594	28.46	-155.28	3.99
14567	-57.2	25.5147355672184	25.8	-183.51	3.99
14582	-57.2	23.2943076301978	24.1	-168.2	3.99
14600	-57.2	19.8627371820751	20.23	-183.51	2.54
14615	-57.2	17.0771094065402	18.13	-168.2	2.54
14630	-57.2	14.2107387969318	15.18	-168.2	2.54
14647	-57.2	11.3847396043601	12.19	-201.86	2.54
14660	-57.2	8.31651190956803	9.73	-183.51	2.54
14674	-57.2	5.69236980218006	6.66	-183.51	2.54
14687	-57.2	3.27008477997578	4.93	-183.51	2.54
14702	-57.2	0.726685506661284	2.1	-183.51	2.58
14715	-57.2	-2.09931368591038	-0.97	-183.51	2.58
14728	-57.2	-4.44085587404118	-2.7	-183.51	2.58
14742	-57.2	-7.02462656439241	-5.77	-168.2	2.58
14755	-57.2	-9.48728300363343	-7.43	-183.51	2.58
14770	-57.2	-12.3132821962051	-10.94	-201.86	2.58
14785	-57.2	-14.8163100524828	-13.04	-201.86	2.58
14799	-57.2	-17.7634234961647	-16.07	-183.51	2.68
14812	-57.2	-20.2664513524425	-17.8	-183.51	2.68
14829	-57.2	-22.7291077916835	-20.91	-183.51	2.68
14842	79.8	-25.8780783205491	-23.74	-201.86	2.68
14855	79.8	-28.3003633427533	-25.64	-183.51	2.68
14868	79.8	-30.5207912797739	-28.62	-201.86	2.68
14881	79.8	-32.4586192975373	-30.36	-168.2	2.68
14896	79.8	-34.1542188130803	-33.43	-168.2	2.68
14909	79.8	-35.5672184093662	-35.77	-201.86	2.54
14922	79.8	-36.6168752523214	-38.35	-168.2	2.54
14935	79.8	-37.3435607589826	-39.89	-40.37	2.54
14948	79.8	-37.8683891804602	-39.97	87.75	2.54
14961	79.8	-38.1106176826807	-38.47	112.14	2.54
14976	79.8	-38.0702462656439	-37.42	46.93	2.54
14989	79.8	-37.6665320952765	-36.86	0	2.54
15002	79.8	-37.0609608397255	-37.06	0	2.54
15015	79.8	-36.1727896649172	-36.82	61.17	-3.59
15030	79.8	-34.8001614856681	-35.37	118.72	-3.59
15043	79.8	-33.3064190553088	-34.15	168.2	-3.59
15056	79.8	-31.4897052886556	-31.69	155.28	-3.59
15069	79.8	-29.4711344368187	-29.35	168.2	-3.59
15082	79.8	-27.1699636657247	-27.74	168.2	-3.59
15097	79.8	-24.7476786435204	-25.27	183.51	-3.59
15110	79.8	-22.0024222850222	-23.05	183.51	-1.74
15123	79.8	-19.4993944287444	-20.02	183.51	-1.74
15138	79.8	-16.7541380702463	-16.88	201.86	-1.74
15151	79.8	-14.2914816310053	-14.61	183.51	-1.74
15166	79.8	-11.869196608801	-12.72	183.51	-1.74
15184	79.8	-8.96245458215583	-9	201.86	-1.74
15199	79.8	-5.7327412192168	-6.54	183.51	-1.74
15217	79.8	-2.58377069035123	-2.7	183.51	-1.48
15232	79.8	0.484457004440856	-0.12	183.51	-1.48
15247	79.8	3.31045619701251	2.95	201.86	-1.48
15264	79.8	6.09608397254744	5.97	183.51	-1.48
15279	79.8	9.28542591844974	8.44	183.51	-1.48
15292	79.8	12.1517965280581	11.71	201.86	-1.48
15305	79.8	14.5740815502624	13.52	201.86	-1.48
15322	79.8	17.4404521598708	16.51	183.51	-1.51
15337	-57.2	20.1049656842955	19.94	183.51	-1.51
15352	-57.2	22.9309648768672	22.08	168.2	-1.51
15367	-57.2	25.6358498183286	25.43	168.2	-1.51
15380	-57.2	27.4525635849818	27.21	118.72	-1.51
15395	-57.2	29.2289059345983	29.07	87.75	-1.51
15412	-57.2	30.3996770286637	30.04	74.77	-1.51
15427	-57.2	31.5704481227291	31.25	59.36	-0.62
15444	-57.2	32.2163907953169	31.97	34.82	-0.62
15459	-57.2	32.5393621316108	32.66	7.01	-0.62
15472	-57.2	32.4182478805006	32.54	-24.61	-0.62
15487	-57.2	32.05490512717	32.26	-32.04	-0.62
15500	-57.2	31.2474767864352	31.61	-63.08	-0.62
15515	-57.2	30.2785627775535	30.6	-96.12	-0.62
15530	-57.2	28.8655631812677	29.31	-118.72	4.16
15547	-57.2	26.6855066612838	26.73	-144.17	4.16
15560	-57.2	24.4650787242632	25.07	-155.28	4.16
15573	-57.2	22.2042793702059	22.37	-183.51	4.16
15588	-57.2	19.7819943480016	20.67	-201.86	4.16
15606	-57.2	16.5119095680258	17.36	-183.51	4.16
15621	-57.2	13.6455389584174	14.82	-201.86	4.16
15634	-57.2	10.9002825999193	11.71	-201.86	2.58
15651	-57.2	7.95316915623738	9.16	-183.51	2.58
15664	-57.2	5.16754138070246	6.22	-168.2	2.58
15679	-57.2	2.74525635849818	4.04	-201.86	2.58
15692	-57.2	-0.121114251110214	1.41	-183.51	2.58
15705	-57.2	-2.46265643924102	-0.69	-183.51	2.58
15718	-57.2	-5.04642712959225	-3.43	-183.51	2.58
15736	-57.2	-7.91279773920065	-5.97	-168.2	2.64
15753	-57.2	-10.779168348809	-9.41	-183.51	2.64
15766	-57.2	-13.9281388776746	-11.87	-183.51	2.64
15782	-57.2	-16.4715381509891	-14.9	-183.51	2.64
15795	-57.2	-19.3379087605975	-17	-183.51	2.64
15808	-57.2	-21.9620508679855	-19.78	-183.51	2.64
15821	-57.2	-24.2228502220428	-22.29	-183.51	2.64
15836	79.8	-27.1699636657247	-24.1	-168.2	2.66
15852	79.8	-29.7133629390392	-27.37	-183.51	2.66
15869	79.8	-32.2971336293904	-29.92	-183.51	2.66
15882	79.8	-34.7194186515947	-33.63	-183.51	2.66
15896	79.8	-36.3342753330642	-35.32	-168.2	2.66
15909	79.8	-37.6261606782398	-38.07	-201.86	2.66
15922	79.8	-38.5547032700848	-40.21	-155.28	2.66
15935	79.8	-39.2813887767461	-41.82	0	2.66
15948	79.8	-39.6851029471134	-41.54	106.23	-8.3
15961	79.8	-39.8465886152604	-40.09	96.12	-8.3
15976	79.8	-39.7658457811869	-39.04	38.08	-8.3
15992	79.8	-39.1602745256358	-38.68	-10.98	-8.3
16005	79.8	-38.3932176019378	-38.76	19.8	-8.3
16018	79.8	-37.3435607589826	-38.39	87.75	-8.3
16034	79.8	-35.9709325797335	-36.54	144.17	-8.3
16049	79.8	-34.1138473960436	-34.72	155.28	-2.67
16063	79.8	-31.8126766249495	-31.93	168.2	-2.67
16076	79.8	-29.5518772708922	-30.12	155.28	-2.67
16091	79.8	-26.7258780783205	-27.29	183.51	-2.67
16106	79.8	-24.2228502220428	-24.71	183.51	-2.67
16119	79.8	-21.3564796124344	-22.61	183.51	-2.67
16137	79.8	-18.490109002826	-18.65	201.86	-2.67
16150	79.8	-15.6641098102543	-15.79	183.51	-1.51
16163	79.8	-13.2014533710133	-13.61	183.51	-1.51
16180	79.8	-10.3350827614049	-10.86	201.86	-1.51
16195	79.8	-7.54945498587	-8.28	201.86	-1.51
16209	79.8	-4.60234154218813	-4.64	183.51	-1.51
16224	79.8	-2.13968510294711	-2.91	168.2	-1.51
16239	79.8	1.09002825999193	1.09	183.51	-1.51
16252	79.8	3.59305611626968	2.91	183.51	-1.46
16265	79.8	5.93459830440048	5.25	183.51	-1.46
16278	79.8	8.43762616067824	8.03	183.51	-1.46
16291	79.8	10.8195397658458	10.38	183.51	-1.46
16306	79.8	13.6455389584174	13.65	168.2	-1.46
16319	79.8	16.1081953976585	15.38	201.86	-1.46
16333	-57.2	18.7323375050464	18.49	183.51	-1.46
16350	-57.2	21.1949939442874	20.35	201.86	-1.46
16365	-57.2	24.0209931368591	23.66	168.2	-0.55
16378	-57.2	26.039563988696	26.04	118.72	-0.55
16393	-57.2	27.5333064190553	27.33	77.64	-0.55
16406	-57.2	28.9059345983044	28.62	69.6	-0.55
16421	-57.2	29.8344771901494	29.47	65.11	-0.55
16438	-57.2	30.6015341138474	30.48	44.86	-0.55
16453	-57.2	30.9245054501413	31.05	13.27	-0.55
16470	-57.2	30.8437626160678	30.96	-24.03	1.76
16485	-57.2	30.3189341945902	30.6	-34.82	1.76
16498	-57.2	29.4711344368187	29.83	-69.6	1.76
16515	-57.2	28.2599919257166	28.5	-100.93	1.76
16532	-57.2	26.4836495761001	27.25	-126.15	1.76
16545	-57.2	24.4650787242632	24.47	-144.17	1.76
16560	-57.2	22.5272507064998	22.69	-168.2	1.76
16575	-57.2	19.8627371820751	20.51	-168.2	3.9
16592	-57.2	16.9963665724667	17.92	-183.51	3.9
16607	-57.2	13.403310456197	14.7	-201.86	3.9
16624	-57.2	10.6176826806621	11.71	-183.51	3.9
16639	-57.2	7.34759790068631	9.2	-183.51	3.9
16652	-57.2	4.96568429551877	5.93	-168.2	3.9
16667	-57.2	2.62414210738797	4.2	-183.51	3.9
16680	-57.2	-0.242228502220428	1.45	-183.51	2.75
16693	-57.2	-2.78562777553492	-1.25	-183.51	2.75
16708	-57.2	-5.12716996366572	-3.43	-201.86	2.75
16723	-57.2	-8.47799757771498	-5.97	-183.51	2.75
16738	-57.2	-10.8599111828825	-9.29	-201.86	2.75
16753	-57.2	-13.564796124344	-11.38	-183.51	2.75
16768	-57.2	-16.4311667339524	-14.45	-183.51	2.75
16783	-57.2	-19.1764230924505	-17.12	-183.51	2.67
16802	-57.2	-22.8502220427937	-20.15	-201.86	2.67
16815	-57.2	-25.5551069842551	-22.97	-183.51	2.67
16828	79.8	-28.0985062575696	-25.76	-183.51	2.67
16845	79.8	-30.8437626160678	-28.34	-183.51	2.67
16860	79.8	-33.3467904723456	-30.8	-183.51	2.67
16873	79.8	-35.446104158256	-33.79	-168.2	2.67
16886	79.8	-37.0609608397255	-35.81	-183.51	2.72
16899	79.8	-38.3932176019378	-37.71	-183.51	2.72
16912	79.8	-39.4025030278563	-40.82	-183.51	2.72
16925	79.8	-40.1695599515543	-42.91	-48.06	2.72
16938	79.8	-40.6540169559952	-42.87	87.75	2.72
16955	79.8	-40.8558740411788	-41.5	106.23	2.72
16970	79.8	-40.6943883730319	-39.81	28.84	2.72
16985	79.8	-40.2503027856278	-39.64	-12.95	2.82
17000	79.8	-39.3621316108195	-39.73	17.54	2.82
17015	79.8	-38.1509890997174	-38.96	100.93	2.82
17030	79.8	-36.5765038352846	-37.02	144.17	2.82
17043	79.8	-34.5983044004845	-35.12	168.2	2.82
17056	79.8	-32.5393621316108	-32.74	168.2	2.82
17069	79.8	-30.359305611627	-30.8	155.28	2.82
17084	79.8	-27.9773920064594	-28.78	183.51	2.82
17097	79.8	-25.111021396851	-25.92	201.86	-2.04
17111	79.8	-22.5676221235365	-22.77	201.86	-2.04
17124	79.8	-20.0645942672588	-20.95	183.51	-2.04
17138	79.8	-17.4808235769075	-18.09	168.2	-2.04
17153	79.8	-15.0585385547033	-15.91	183.51	-2.04
17170	79.8	-12.1114251110214	-13.28	183.51	-2.04
17186	79.8	-8.47799757771498	-8.96	168.2	-2.04
17201	79.8	-5.61162696810658	-6.18	168.2	-1.48
17216	79.8	-3.1893419459023	-3.92	183.51	-1.48
17231	79.8	-0.322971336293904	-1.33	183.51	-1.48
17245	79.8	2.62414210738797	2.14	183.51	-1.48
17258	79.8	5.08679854662899	4.32	183.51	-1.48
17275	79.8	8.03391199031086	7.55	183.51	-1.48
17288	79.8	10.6984255147356	10.01	183.51	-1.48
17301	79.8	13.0803391199031	11.87	183.51	-1.34
17314	79.8	15.5833669761809	14.53	183.51	-1.34
17331	79.8	18.4497375857893	17.97	183.51	-1.34
17344	-57.2	21.1949939442874	20.51	183.51	-1.34
17357	-57.2	23.576907549455	22.73	183.51	-1.34
17370	-57.2	25.7973354864756	24.99	168.2	-1.34
17385	-57.2	27.9370205894227	27.9	126.15	-1.34
17398	-57.2	29.4711344368187	29.27	91.76	-1.34
17413	-57.2	30.964876867178	30.68	69.6	0.57
17426	-57.2	31.9337908760597	31.49	67.27	0.57
17444	-57.2	32.660476382721	32.46	48.06	0.57
17457	-57.2	33.1853048041986	33.14	21.25	0.57
17474	-57.2	33.2256762212354	33.35	0	0.57
17487	-57.2	32.9430763019782	33.14	-29.68	0.57
17500	-57.2	32.3778764634639	32.66	-42.96	0.57
17513	-57.2	31.5704481227291	32.14	-74.77	3.8
17526	-57.2	30.4804198627372	31.21	-106.23	3.8
17541	-57.2	29.1077916834881	29.55	-134.58	3.8
17554	-57.2	27.2103350827614	27.41	-134.58	3.8
17569	-57.2	25.1513928138878	25.64	-144.17	3.8
17582	-57.2	22.6079935405733	23.01	-168.2	3.8
17595	-57.2	20.1453371013323	20.75	-183.51	3.8
17613	-57.2	17.0367379895034	17.56	-201.86	2.63
17627	-57.2	14.1299959628583	15.06	-183.51	2.63
17640	-57.2	11.707710940654	12.96	-168.2	2.63
17655	-57.2	9.16431166733952	10.25	-183.51	2.63
17671	-57.2	6.21719822365765	7.23	-183.51	2.63
17684	-57.2	3.43157044812273	5.13	-201.86	2.63
17699	-57.2	0.888171174808236	2.06	-168.2	2.63
17714	-57.2	-1.81671376665321	-0.04	-168.2	2.59
17727	-57.2	-4.68308437626161	-3.31	-183.51	2.59
17742	-57.2	-7.10536939846589	-5.13	-168.2	2.59
17755	-57.2	-9.97174000807428	-8.52	-183.51	2.59
17772	-57.2	-12.7977392006459	-10.7	-183.51	2.59
17787	-57.2	-15.9467097295115	-13.61	-201.86	2.59
17800	-57.2	-18.3689947517158	-16.59	-168.2	2.59
17815	-57.2	-21.2757367783609	-18.41	-183.51	2.66
17830	-57.2	-23.6576503835285	-21.15	-183.51	2.66
17843	79.8	-26.5240209931369	-24.14	-201.86	2.66
17856	79.8	-28.8251917642309	-26.81	-201.86	2.66
17871	79.8	-30.7226483649576	-28.5	-183.51	2.66
17884	79.8	-32.7815906338312	-31.53	-168.2	2.66
17899	79.8	-34.2349616471538	-34.23	-183.51	2.66
17914	79.8	-35.5672184093662	-36.33	-168.2	2.66
17929	79.8	-36.6168752523214	-39.2	-38.82	-0.63
17946	79.8	-37.141703673799	-39.28	96.12	-0.63
17961	79.8	-37.3435607589826	-37.46	100.93	-0.63
17974	79.8	-37.1820750908357	-36.21	24.61	-0.63
17989	79.8	-36.7379895034316	-36.13	-14.21	-0.63
18004	79.8	-35.8901897456601	-36.21	27.29	-0.63
18019	79.8	-34.6790472345579	-35.37	106.23	-0.63
18032	79.8	-33.1853048041986	-33.87	134.58	-4.71
18047	79.8	-31.4493338716189	-31.57	155.28	-4.71
18064	79.8	-29.3096487686718	-29.67	168.2	-4.71
18081	79.8	-26.2817924909164	-26.6	168.2	-4.71
18094	79.8	-23.0117077109407	-23.29	168.2	-4.71
18109	79.8	-20.6701655228099	-21.44	183.51	-4.71
18123	79.8	-17.723052079128	-17.97	183.51	-4.71
18136	79.8	-15.260395639887	-15.95	183.51	-1.59
18153	79.8	-12.7977392006459	-13.04	201.86	-1.59
18166	79.8	-9.64876867178038	-10.42	183.51	-1.59
18181	79.8	-7.14574081550262	-7.63	183.51	-1.59
18194	79.8	-4.40048445700444	-5.41	201.86	-1.59
18207	79.8	-1.97819943480016	-2.1	183.51	-1.59
18220	79.8	0.524828421477594	-0.28	183.51	-1.59
18235	79.8	2.98748486071861	2.79	201.86	-1.51
18250	79.8	5.7327412192168	5.05	183.51	-1.51
18263	79.8	8.51836899475172	8.32	201.86	-1.51
18278	79.8	10.9810254339927	10.25	183.51	-1.51
18291	79.8	13.7666532095277	13.4	183.51	-1.51
18308	79.8	16.5926524020993	16.11	183.51	-1.51
18321	79.8	19.3782801776342	18.53	183.51	-1.51
18336	-57.2	21.8409366168753	20.39	183.51	-1.58
18349	-57.2	24.5861929753734	24.14	201.86	-1.58
18364	-57.2	26.806620912394	26.77	183.51	-1.58
18377	-57.2	28.9463060153411	28.62	134.58	-1.58
18392	-57.2	30.5611626968107	30.48	100.93	-1.58
18407	-57.2	32.0952765442067	31.57	77.64	-1.58
18420	-57.2	33.2660476382721	33.1	65.11	-1.58
18435	-57.2	34.0331045619701	33.71	51.77	-0.09
18448	-57.2	34.3964473153008	34.32	25.87	-0.09
18463	-57.2	34.517561566411	34.64	0	-0.09
18476	-57.2	34.3157044812273	34.52	-26.9	-0.09
18490	-57.2	33.7908760597497	33.99	-36.04	-0.09
18503	-57.2	33.0238191360517	33.59	-67.27	-0.09
18516	-57.2	32.0145337101332	32.74	-100.93	-0.09
18535	-57.2	30.4400484457004	30.8	-134.58	-0.09
18552	-57.2	28.3003633427533	28.58	-144.17	3.33
18567	-57.2	25.6762212353654	26.28	-168.2	3.33
18582	-57.2	22.9309648768672	24.06	-168.2	3.33
18598	-57.2	19.6205086798547	20.39	-183.51	3.33
18611	-57.2	17.1578522406136	18.37	-183.51	3.33
18626	-57.2	14.6548243843359	16.19	-183.51	3.33
18640	-57.2	11.7480823576908	12.43	-183.51	3.33
18653	-57.2	9.28542591844974	10.46	-183.51	2.63
18666	-57.2	6.86314089624546	8.36	-183.51	2.63
18681	-57.2	4.3601130399677	6.26	-168.2	2.63
18697	-57.2	1.49374243035931	2.46	-183.51	2.63
18710	-57.2	-1.41299959628583	0.36	-183.51	2.63
18729	-57.2	-4.23899878885749	-3.11	-183.51	2.63
18743	-57.2	-7.54945498587	-5.57	-183.51	2.63
18756	-57.2	-10.012111425111	-8.03	-183.51	2.64
18769	-57.2	-12.4343964473153	-10.38	-168.2	2.64
18784	-57.2	-14.9374243035931	-13.04	-168.2	2.64
18797	-57.2	-17.6826806620912	-15.38	-183.51	2.64
18810	-57.2	-20.2260799354057	-18.49	-183.51	2.64
18823	-57.2	-22.5676221235365	-20.15	-183.51	2.64
18836	79.8	-25.111021396851	-23.13	-168.2	2.64
18849	79.8	-27.4121921679451	-24.87	-168.2	2.64
18862	79.8	-29.5922486879289	-27.78	-201.86	2.52
18875	79.8	-31.4897052886556	-29.51	-168.2	2.52
18890	79.8	-33.1449333871619	-32.05	-183.51	2.52
18907	79.8	-34.7194186515947	-35.04	-183.51	2.52
18925	79.8	-36.1727896649172	-38.35	-87.75	2.52
18940	79.8	-36.8994751715785	-39.16	65.11	2.52
18955	79.8	-37.2628179249092	-38.27	100.93	2.52
18968	79.8	-37.2224465078724	-36.46	48.06	1.43
18983	79.8	-36.8994751715785	-36.17	0	1.43
18996	79.8	-36.213161081954	-36.29	0	1.43
19011	79.8	-35.3653613241825	-36.01	74.77	1.43
19024	79.8	-33.9523617278966	-34.72	118.72	1.43
19041	79.8	-32.4989907145741	-33.19	144.17	1.43
19054	79.8	-30.1574485264433	-30.36	155.28	1.43
19067	79.8	-27.9773920064594	-27.94	168.2	-1.37
19082	79.8	-25.6358498183286	-26.44	183.51	-1.37
19096	79.8	-22.809850625757	-22.97	201.86	-1.37
19109	79.8	-20.3068227694792	-21.15	183.51	-1.37
19123	79.8	-17.6826806620912	-18.01	183.51	-1.37
19140	79.8	-15.2200242228502	-15.62	183.51	-1.37
19155	79.8	-11.9499394428744	-12.68	183.51	-1.37
19168	79.8	-9.08356883326605	-9.45	183.51	-1.5
19185	79.8	-6.66128381106177	-7.06	183.51	-1.5
19202	79.8	-3.02785627775535	-3.23	201.86	-1.5
19215	79.8	-0.242228502220428	-1.09	183.51	-1.5
19230	79.8	2.62414210738797	1.74	201.86	-1.5
19245	79.8	5.40976988292289	5.37	183.51	-1.5
19260	79.8	7.79168348809043	7.11	183.51	-1.5
19273	79.8	10.5773112636254	9.97	183.51	-1.49
19286	79.8	13.1610819539766	13.12	183.51	-1.49
19299	79.8	15.5026241421074	14.86	183.51	-1.49
19315	79.8	18.0863948324586	18.09	183.51	-1.49
19328	79.8	20.8720226079935	20.23	183.51	-1.49
19342	-57.2	23.4961647153815	23.5	183.51	-1.49
19355	-57.2	25.9991925716593	25.19	168.2	-1.49
19369	-57.2	28.3003633427533	28.34	183.51	-1.49
19382	-57.2	30.19781994348	30.32	134.58	0.96
19395	-57.2	31.7319337908761	31.49	87.75	0.96
19410	-57.2	33.1449333871619	33.02	74.77	0.96
19423	-57.2	34.2349616471538	33.83	67.27	0.96
19438	-57.2	35.0020185708518	34.8	57.68	0.96
19457	-57.2	35.6075898264029	35.65	19.6	0.96
19470	-57.2	35.6883326604764	35.81	0	0.96
19485	-57.2	35.446104158256	35.65	-29.26	1.73
19499	-57.2	34.7597900686314	35	-46.93	1.73
19512	-57.2	33.9119903108599	34.48	-77.64	1.73
19527	-57.2	32.7815906338312	33.23	-126.15	1.73
19540	-57.2	31.1667339523617	31.85	-126.15	1.73
19553	-57.2	29.430763019782	29.43	-134.58	1.73
19566	-57.2	27.4929350020186	28.1	-155.28	1.73
19582	-57.2	25.0302785627776	25.27	-168.2	1.73
19597	-57.2	22.2446507872426	23.01	-168.2	2.93
19610	-57.2	19.418651594671	20.51	-183.51	2.93
19623	-57.2	16.9963665724667	17.88	-168.2	2.93
19636	-57.2	14.5337101332257	15.22	-183.51	2.93
19649	-57.2	12.1114251110214	13.48	-183.51	2.93
19662	-57.2	9.60839725474364	10.82	-168.2	2.93
19677	-57.2	7.2264836495761	8.2	-183.51	2.93
19690	-57.2	4.31974162293097	6.1	-183.51	2.67
19703	-57.2	1.93782801776342	3.39	-183.51	2.67
19718	-57.2	-0.928542591844974	0.73	-168.2	2.67
19731	-57.2	-3.35082761404925	-1.37	-183.51	2.67
19746	-57.2	-6.3786838918046	-4.44	-183.51	2.67
19759	-57.2	-8.67985466289867	-6.54	-168.2	2.67
19774	-57.2	-11.1021396851029	-9.2	-183.51	2.67
19791	-57.2	-14.3722244650787	-12.19	-183.51	2.67
19804	-57.2	-17.0771094065402	-15.3	-183.51	2.73
19817	-57.2	-19.4993944287444	-16.96	-168.2	2.73
19830	79.8	-21.9216794509487	-19.58	-168.2	2.73
19843	79.8	-24.343964473153	-22.16	-183.51	2.73
19856	79.8	-26.6047638272103	-24.42	-183.51	2.73
19873	79.8	-28.663706096084	-27.13	-168.2	2.73
19888	79.8	-30.6822769479209	-29.51	-183.51	2.73
19904	79.8	-32.4586192975373	-33.35	-183.51	2.73
19919	79.8	-33.4679047234558	-35	-134.58	2.73
19932	79.8	-34.2349616471538	-36.78	25.87	2.73
19947	79.8	-34.5983044004845	-36.01	112.14	2.73
19960	79.8	-34.6790472345579	-34.23	87.75	2.73
19973	79.8	-34.4771901493742	-33.55	19.22	2.73
19988	79.8	-33.8716188938232	-33.51	-16.02	2.73
20005	79.8	-32.9430763019782	-33.51	54.55	2.73
20020	79.8	-31.6511909568026	-32.3	126.15	-4.8
20033	79.8	-29.9555914412596	-30.8	155.28	-4.8
20046	79.8	-28.1792490916431	-28.14	168.2	-4.8
20061	79.8	-26.1606782398062	-26.56	168.2	-4.8
20077	79.8	-23.3346790472346	-23.78	168.2	-4.8
20094	79.8	-20.5490512716996	-21.32	183.51	-4.8
20111	79.8	-17.4000807428341	-18.41	201.86	-4.8
20124	79.8	-14.0896245458216	-14.74	201.86	-1.54
20139	79.8	-11.7884537747275	-12.47	183.51	-1.54
20156	79.8	-8.47799757771498	-9.73	183.51	-1.54
20174	79.8	-5.65199838514332	-6.14	168.2	-1.54
20191	79.8	-1.93782801776342	-3.19	183.51	-1.54
20208	79.8	0.80742834073476	-0.28	183.51	-1.54
20225	79.8	4.44085587404118	2.66	183.51	-1.43
20238	79.8	7.26685506661284	6.74	201.86	-1.43
20255	79.8	9.60839725474364	8.92	183.51	-1.43
20272	79.8	12.8381106176827	12.07	183.51	-1.43
20287	79.8	16.4311667339524	15.91	201.86	-1.43
20305	79.8	18.9745660072669	18.09	183.51	-1.43
20322	79.8	22.2042793702059	21.52	201.86	-1.43
20339	79.8	25.7973354864756	24.67	183.51	-1.63
20354	-57.2	28.502220427937	27.74	183.51	-1.63
20373	-57.2	31.7723052079128	31.61	183.51	-1.63
20388	-57.2	34.4771901493742	34.07	155.28	-1.63
20406	-57.2	36.6976180863948	36.98	106.23	-1.63
20423	-57.2	38.5950746871215	38.51	67.27	-1.63
20438	-57.2	40.209931368591	39.81	65.11	-0.89
20455	-57.2	40.8962454582156	40.53	56.07	-0.89
20469	-57.2	41.5018167137667	41.5	29.26	-0.89
20484	-57.2	41.5825595478401	41.78	0	-0.89
20501	-57.2	41.299959628583	41.42	-38.08	-0.89
20516	-57.2	40.6540169559952	40.98	-44.86	-0.89
20532	-57.2	39.4025030278563	39.69	-84.1	-0.89
20545	-57.2	38.1913605167541	38.72	-112.14	4.41
20564	-57.2	36.4150181671377	36.46	-144.17	4.41
20577	-57.2	34.0331045619701	34.11	-155.28	4.41
20594	-57.2	31.8126766249495	32.54	-168.2	4.41
20611	-57.2	28.6233346790472	29.19	-168.2	4.41
20626	-57.2	25.4743641501817	26.4	-183.51	4.41
20645	-57.2	21.9620508679855	22.57	-183.51	2.55
20658	-57.2	19.0956802583771	19.94	-168.2	2.55
20675	-57.2	16.5926524020993	17.84	-168.2	2.55
20688	-57.2	13.4436818732338	14.49	-201.86	2.55
20701	-57.2	11.0617682680662	12.52	-201.86	2.55
20716	-57.2	8.59911182882519	9.57	-183.51	2.55
20733	-57.2	5.7327412192168	7.39	-183.51	2.55
20752	-57.2	1.73597093257973	3.31	-168.2	2.75
20765	-57.2	-0.928542591844974	0.93	-168.2	2.75
20779	-57.2	-3.55268469923294	-2.1	-183.51	2.75
20792	-57.2	-5.97496972143722	-3.84	-183.51	2.75
20805	-57.2	-8.55874041178845	-6.98	-168.2	2.75
20823	-57.2	-11.0617682680662	-9.16	-183.51	2.75
20840	79.8	-14.7355672184094	-12.52	-168.2	2.75
20853	79.8	-17.4000807428341	-15.18	-183.51	2.7
20870	79.8	-19.5801372628179	-17.88	-183.51	2.7
20885	79.8	-22.0427937020589	-20.35	-183.51	2.7
20900	79.8	-23.8191360516754	-23.46	-183.51	2.7
20915	79.8	-25.2321356479612	-26	-183.51	2.7
20930	79.8	-26.2817924909164	-28.66	-87.75	2.7
20947	79.8	-27.0084779975777	-28.99	84.1	2.7
20962	79.8	-27.3718207509084	-27.41	80.74	-3.12
20977	79.8	-27.2910779168349	-26.52	32.56	-3.12
20992	79.8	-26.8469923294308	-26.36	-12.31	-3.12
21009	79.8	-26.039563988696	-26.44	41.21	-3.12
21024	79.8	-24.6669358094469	-25.39	106.23	-3.12
21039	79.8	-23.0924505450141	-24.1	144.17	-3.12
21052	79.8	-21.1546225272507	-22.12	183.51	-3.12
21065	79.8	-19.2167945094873	-19.1	155.28	-1.52
21078	79.8	-16.95599515543	-17.48	155.28	-1.52
21091	79.8	-14.5337101332257	-14.9	183.51	-1.52
21104	79.8	-12.0710536939847	-12.96	183.51	-1.52
21117	79.8	-9.60839725474364	-10.13	183.51	-1.52
21130	79.8	-7.2264836495761	-7.39	201.86	-1.52
21143	79.8	-4.80419862737182	-5.61	183.51	-1.52
21158	79.8	-2.30117077109407	-2.79	183.51	-1.52
21171	79.8	0.444085587404118	-0.32	183.51	-1.49
21186	79.8	2.94711344368187	2.5	183.51	-1.49
21203	79.8	5.77311263625353	5.65	201.86	-1.49
21216	79.8	8.9220831651191	8.24	201.86	-1.49
21232	79.8	11.5058538554703	11.06	201.86	-1.49
21245	79.8	14.331853048042	14.21	183.51	-1.49
21258	79.8	16.8348809043197	16.03	183.51	-1.49
21273	79.8	19.2167945094873	18.97	201.86	-1.57
21288	79.8	22.0831651190957	21.28	183.51	-1.57
21303	79.8	24.8687928946306	24.42	183.51	-1.57
21316	79.8	27.6947920872023	27.53	201.86	-1.57
21329	-57.2	30.1170771094065	29.31	183.51	-1.57
21342	-57.2	32.4989907145741	31.69	183.51	-1.57
21357	-57.2	34.9212757367784	34.48	183.51	-1.57
21372	-57.2	37.3839321760194	37.34	144.17	0.75
21385	-57.2	38.9180460234154	38.8	87.75	0.75
21400	-57.2	40.5329027048849	40.25	69.6	0.75
21415	-57.2	41.5421881308034	41.06	72.09	0.75
21428	-57.2	42.3899878885749	42.03	56.07	0.75
21445	-57.2	42.9148163100525	42.75	30.13	0.75
21460	-57.2	43.0359305611627	43.2	0	0.75
21475	-57.2	42.834073475979	43.12	-32.04	1.96
21490	-57.2	42.2688736374647	42.63	-46.93	1.96
21503	-57.2	41.2595882115462	41.54	-74.77	1.96
21518	-57.2	40.209931368591	40.78	-118.72	1.96
21531	-57.2	38.5547032700848	39.12	-126.15	1.96
21546	-57.2	36.818732337505	37.59	-144.17	1.96
21559	-57.2	34.517561566411	35.53	-155.28	1.96
21576	-57.2	32.2971336293904	33.51	-168.2	1.96
21593	-57.2	29.1077916834881	30	-168.2	2.77
21608	-57.2	25.4743641501817	26.24	-183.51	2.77
21622	-57.2	22.8905934598304	24.14	-201.86	2.77
21639	-57.2	20.4683084376262	22.04	-183.51	2.77
21652	-57.2	17.1578522406136	18.29	-168.2	2.77
21666	-57.2	14.6951958013726	16.23	-183.51	2.77
21681	-57.2	12.0710536939847	13.12	-168.2	2.77
21694	-57.2	9.28542591844974	10.42	-168.2	2.59
21707	-57.2	6.94388373031894	8.6	-183.51	2.59
21720	-57.2	4.56197012515139	6.34	-183.51	2.59
21735	-57.2	2.0185708518369	3.39	-183.51	2.59
21750	-57.2	-0.767056923698022	1.21	-183.51	2.59
21764	-57.2	-3.67379895034316	-1.86	-183.51	2.59
21777	-57.2	-6.17682680662091	-3.96	-183.51	2.59
21790	-57.2	-8.59911182882519	-6.1	-168.2	2.59
21803	-57.2	-11.0617682680662	-8.56	-183.51	2.75
21819	-57.2	-14.0088817117481	-11.75	-168.2	2.75
21832	79.8	-16.4715381509891	-14.29	-183.51	2.75
21847	79.8	-19.0553088413403	-16.47	-201.86	2.75
21861	79.8	-21.6794509487283	-19.82	-183.51	2.75
21874	79.8	-23.6576503835285	-21.92	-183.51	2.75
21889	79.8	-25.3532498990715	-23.94	-183.51	2.75
21902	79.8	-26.9277351635042	-26.12	-168.2	2.73
21917	79.8	-28.0177634234962	-29.23	-183.51	2.73
21932	79.8	-29.0270488494146	-31.73	0	2.73
21947	79.8	-29.4711344368187	-31.49	106.23	2.73
21963	79.8	-29.6729915220024	-29.55	84.1	2.73
21976	79.8	-29.4711344368187	-28.58	21.93	2.73
21989	79.8	-29.0270488494146	-28.5	0	2.73
22002	79.8	-28.3003633427533	-28.58	13.11	-2.24
22015	79.8	-27.3314493338716	-28.02	84.1	-2.24
22032	79.8	-26.0799354057327	-26.81	144.17	-2.24
22045	79.8	-23.9402503027856	-24.02	168.2	-2.24
22058	79.8	-22.0427937020589	-22.12	183.51	-2.24
22071	79.8	-19.9031085991118	-19.78	183.51	-2.24
22084	79.8	-17.4000807428341	-18.21	183.51	-2.24
22097	79.8	-14.9374243035931	-15.42	183.51	-2.24
22110	79.8	-12.5555106984255	-13.12	183.51	-1.59
22127	79.8	-9.76988292289059	-9.93	183.51	-1.59
22140	79.8	-6.98425514735567	-7.83	183.51	-1.59
22153	79.8	-4.52159870811466	-4.97	201.86	-1.59
22166	79.8	-2.09931368591038	-2.26	183.51	-1.59
22179	79.8	0.40371417036738	-0.44	201.86	-1.59
22194	79.8	2.8663706096084	2.42	201.86	-1.59
22207	79.8	5.7327412192168	5.53	183.51	-1.53
22220	79.8	8.11465482438434	7.39	183.51	-1.53
22233	79.8	10.5369398465886	10.13	183.51	-1.53
22246	79.8	12.8784820347194	12.84	183.51	-1.53
22261	79.8	15.3815098909972	14.61	183.51	-1.53
22276	79.8	18.1671376665321	17.76	183.51	-1.53
22291	79.8	21.4372224465079	20.75	183.51	-1.53
22306	79.8	23.7787646346387	22.97	183.51	-1.53
22323	79.8	26.968106580541	26.32	183.51	-1.73
22338	-57.2	29.7537343560759	28.95	201.86	-1.73
22353	-57.2	32.3778764634639	32.1	168.2	-1.73
22368	-57.2	34.5579329834477	34.8	144.17	-1.73
22383	-57.2	36.4553895841744	36.25	87.75	-1.73
22400	-57.2	38.1106176826807	37.71	69.6	-1.73
22414	-57.2	39.2410173597093	38.92	59.36	-0.86
22427	-57.2	39.8465886152604	39.77	50.45	-0.86
22442	-57.2	40.2503027856278	40.21	25.87	-0.86
22457	-57.2	40.3310456197013	40.49	-8.17	-0.86
22470	-57.2	40.0484457004441	40.33	-31.07	-0.86
22485	-57.2	39.4832458619298	39.77	-46.93	-0.86
22500	-57.2	38.3528461849011	38.64	-84.1	-0.86
22517	-57.2	36.9398465886153	37.14	-118.72	4.08
22532	-57.2	35.2442470730723	35.73	-134.58	4.08
22549	-57.2	32.7412192167945	33.1	-144.17	4.08
22563	-57.2	30.19781994348	30.96	-168.2	4.08
22578	-57.2	27.6947920872023	28.06	-168.2	4.08
22593	-57.2	24.9091643116673	26	-183.51	4.08
22610	-57.2	21.5987081146548	22.97	-183.51	4.08
22625	-57.2	18.8938231731934	20.27	-183.51	2.63
22641	-57.2	15.5429955591441	16.79	-183.51	2.63
22656	-57.2	13.1207105369398	14.61	-183.51	2.63
22671	-57.2	10.173597093258	11.51	-183.51	2.63
22688	-57.2	7.42834073475979	8.52	-201.86	2.63
22703	-57.2	4.27937020589423	6.06	-183.51	2.63
22716	-57.2	1.49374243035931	3.43	-168.2	2.63
22729	-57.2	-0.968914008881712	0.4	-183.51	2.68
22746	-57.2	-3.95639886960032	-1.33	-183.51	2.68
22761	-57.2	-6.70165522809851	-5.13	-201.86	2.68
22774	-57.2	-9.40654016955995	-7.23	-201.86	2.68
22787	-57.2	-11.9499394428744	-9.45	-183.51	2.68
22800	-57.2	-14.2914816310053	-11.63	-183.51	2.68
22813	-57.2	-16.794509487283	-13.89	-201.86	2.68
22828	-57.2	-19.1764230924505	-16.39	-183.51	2.7
22843	79.8	-22.0427937020589	-19.38	-183.51	2.7
22859	79.8	-25.3128784820347	-23.13	-183.51	2.7
22872	79.8	-27.5333064190553	-24.79	-183.51	2.7
22886	79.8	-29.5115058538555	-27.94	-183.51	2.7
22899	79.8	-31.2071053693985	-29.67	-168.2	2.7
22912	79.8	-32.6201049656843	-32.78	-183.51	2.7
22927	79.8	-33.6293903916027	-34.52	-183.51	2.7
22942	79.8	-34.517561566411	-37.02	-26.9	-3.18
22958	79.8	-35.1231328219621	-36.74	100.93	-3.18
22971	79.8	-35.2038756560355	-35.37	106.23	-3.18
22986	79.8	-35.0020185708518	-34.11	35.4	-3.18
22999	79.8	-34.5579329834477	-33.87	0	-3.18
23012	79.8	-33.8312474767864	-33.99	0	-3.18
23029	79.8	-32.7815906338312	-33.63	112.14	-3.18
23042	79.8	-31.126362535325	-31.65	155.28	-4.92
23057	79.8	-29.3903916027453	-29.75	168.2	-4.92
23070	79.8	-27.2103350827614	-27.01	168.2	-4.92
23083	79.8	-24.9899071457408	-25.11	168.2	-4.92
23096	79.8	-22.5272507064998	-22.69	168.2	-4.92
23109	79.8	-20.1049656842955	-20.95	201.86	-4.92
23126	79.8	-17.6423092450545	-17.8	183.51	-4.92
23139	79.8	-14.4933387161889	-15.22	183.51	-4.92
23152	79.8	-12.1114251110214	-12.27	183.51	-1.53
23165	79.8	-9.64876867178038	-10.5	183.51	-1.53
23180	79.8	-7.18611223253936	-7.23	168.2	-1.53
23193	79.8	-4.40048445700444	-5.13	201.86	-1.53
23206	79.8	-1.97819943480016	-2.42	183.51	-1.53
23219	79.8	0.40371417036738	0.32	201.86	-1.53
23232	79.8	2.90674202664514	2.1	183.51	-1.53
23245	79.8	5.36939846588615	4.88	183.51	-1.53
23258	79.8	7.79168348809043	7.39	183.51	-1.46
23271	79.8	10.2543399273314	9.16	201.86	-1.46
23289	79.8	12.7977392006459	12.6	183.51	-1.46
23304	79.8	16.027452563585	15.22	183.51	-1.46
23320	79.8	19.0149374243036	18.89	183.51	-1.46
23335	-57.2	21.8005651998385	20.95	183.51	-1.46
23353	-57.2	25.1917642309245	24.55	183.51	-1.46
23366	-57.2	27.6544206701655	27.33	183.51	-0.77
23379	-57.2	29.5922486879289	29.35	134.58	-0.77
23392	-57.2	31.1667339523617	31.05	91.76	-0.77
23407	-57.2	32.7008477997578	32.62	77.64	-0.77
23420	-57.2	33.7101332256762	33.31	69.6	-0.77
23434	-57.2	34.4771901493742	34.44	51.77	-0.77
23447	-57.2	34.8809043197416	34.88	32.04	-0.77
23461	-57.2	35.0827614049253	35.2	0	-0.77
23476	-57.2	34.8809043197416	34.96	-26.55	1.78
23489	-57.2	34.4771901493742	34.72	-33.1	1.78
