0	0	0	0	0	0.13
13	0	0	0	0	0.13
29	0	0	0	0	0.13
44	0	0	0	0	0.13
57	0	0	0	0	0.13
72	0	0	0	0	0.13
85	0	0	0	0	0.13
100	0	0	0	0	0.13
113	0	0	0	0	0.13
126	0	0	0	0	0.13
139	0	0	0	0	0.13
152	0	0	0	0	0.13
169	0	0	0	0	0.13
182	0	0	0	0	0.13
195	0	0	0	0	0.13
208	0	0	0	0	0.13
223	0	0	0	0	0.13
238	0	0	0	0	0.13
251	0	0	0	0	0.13
267	0	0	0	0	0.13
280	0	0	0	0	0.13
293	0	0	0	0	0.13
306	0	0	0	0	0.13
323	0	0	0	0	0.13
338	0	0	0	0	0.13
351	0	0	0	0	0.13
364	0	0	0	0	0.13
378	0	0	0	0	0.13
391	0	0	0	0	0.13
406	0	0	0	0	0.13
423	0	0	0	0	0.13
438	0	0	0	0	0.13
451	0	0	0	0	0.13
464	0	0	0	0	0.13
479	0	0	0	0	0.13
492	0	0	0	0	0.13
505	0	0	0	0	0.13
518	0	0	0	0	0.13
535	0	0	0	0	0.13
550	0	0	0	0	0.13
565	0	0	0	0	0.13
578	0	0	0	0	0.13
593	0	0	0	0	0.13
606	0	0	0	0	0.13
619	0	0	0	0	0.13
634	0	0	0	0	0.13
647	0	0	0	0	0.13
664	0	0	0	0	0.13
679	0	0	0	0	0.13
694	0	0	0	0	0.13
707	0	0	0	0	0.13
720	0	0	0	0	0.13
733	0	0	0	0	0.13
748	0	0	0	0	0.13
765	0	0	0	0	0.13
778	0	0	0	0	0.13
793	0	0	0	0	0.13
807	0	0	0	0	0.13
820	0	0	0	0	0.13
833	0	0	0	0	0.13
846	0	0	0	0	0.13
862	0	0	0	0	0.13
875	0	0	0	0	0.13
888	0	0	0	0	0.13
901	0	0	0	0	0.13
916	0	0	0	0	0.13
931	0	0	0	0	0.13
946	0	0	0	0	0.13
961	0	0	0	0	0.13
976	0	0	0	0	0.13
991	0	0	0	0	0.13
1010	0	0	0	0	0.13
1025	0	0	0	0	0.13
1040	0	0	0	0	0.13
1053	0	0	0	0	0.13
1066	0	0	0	0	0.13
1081	0	0	0	0	0.13
1098	0	0	0	0	0.13
1111	0	0	0	0	0.13
1124	0	0	0	0	0.13
1137	0	0	0	0	0.13
1152	0	0	0	0	0.13
1165	0	0	0	0	0.13
1178	0	0	0	0	0.13
1193	0	0	0	0	0.13
1206	0	0	0	0	0.13
1219	0	0	0	0	0.13
1232	0	0	0	0	0.13
1247	0	0	0	0	0.13
1262	0	0	0	0	0.13
1277	0	0	0	0	0.13
1290	0	0	0	0	0.13
1303	0	0	0	0	0.13
1316	0	0	0	0	0.13
1329	0	0	0	0	0.13
1342	0	0	0	0	0.13
1355	0	0	0	0	0.13
1370	0	0	0	0	0.13
1383	0	0	0	0	0.13
1396	0	0	0	0	0.13
1409	0	0	0	0	0.13
1422	0	0	0	0	0.13
1437	0	0	0	0	0.13
1450	0	0	0	0	0.13
1463	0	0	0	0	0.13
1476	0	0	0	0	0.13
1491	0	0	0	0	0.13
1506	0	0	0	0	0.13
1519	0	0	0	0	0.13
1536	0	0	0	0	0.13
1553	0	0	0	0	0.13
1566	0	0	0	0	0.13
1581	0	0	0	0	0.13
1594	0	0	0	0	0.13
1607	0	0	0	0	0.13
1620	0	0	0	0	0.13
1633	0	0	-0.04	0	0.13
1648	0	0	0	0	-0.12
1663	0	0	0	0	-0.12
1676	0	0	0	0	-0.12
1691	0	0	-0.04	0	-0.12
1704	0	0	-0.04	0	-0.12
1719	0	0	0	0	-0.12
1732	0	0	0	0	-0.12
1747	0	0	0	0	-0.43
1764	0	0	0	0	-0.43
1777	0	0	0	0	-0.43
1790	0	0	0	0	-0.43
1805	0	0	0	0	-0.43
1818	0	0	0	0	-0.43
1833	0	0	0	0	-0.43
1850	0	0	0	0	-0.44
1865	0	0	0	0	-0.44
1878	0	0	0	0	-0.44
1891	0	0	0	0	-0.44
1904	0	0	0	0	-0.44
1917	0	0	0	0	-0.44
1930	0	0	0	0	-0.44
1945	0	0	0	0	-0.44
1960	0	0	0	0	-0.43
1975	0	0	0	0	-0.43
1988	0	0	0	0	-0.43
2003	0	0	0	0	-0.43
2018	0	0	0	0	-0.43
2033	0	0	0	0	-0.43
2048	0	0	0	0	-0.43
2063	0	0	0	0	-0.44
2078	0	0	0	0	-0.44
2093	0	0	0	0	-0.44
2106	0	0	0	0	-0.44
2123	0	0	0	0	-0.44
2138	0	0	0	0	-0.44
2151	0	0	0	0	-0.44
2164	0	0	0	0	-0.43
2179	0	0	0	0	-0.43
2192	0	0	0	0	-0.43
2207	0	0	0	0	-0.43
2224	0	0	0	0	-0.43
2238	0	0	0	0	-0.43
2255	0	0	0	0	-0.43
2270	0	0	0	0	-0.43
2285	0	0	0	0	-0.43
2300	0	0	0	0	-0.43
2316	0	0	0	0	-0.43
2333	0	0	0	0	-0.43
2348	0	0	0	0	-0.43
2362	0	0	0	0	-0.43
2374	0	0	0	0	-0.43
2391	0	0	0	0	-0.43
2406	0	0	0	0	-0.43
2421	0	0	0	0	-0.43
2436	0	0	0	0	-0.43
2451	0	0	-0.04	0	-0.43
2468	0	0	0	0	-0.43
2483	0	0	-0.04	0	-0.67
2500	0	0	0	0	-0.67
2513	0	0	0	0	-0.67
2526	0	0	0	0	-0.67
2541	0	0	0	0	-0.67
2554	0	0	0	0	-0.67
2567	0	0	0	0	-0.67
2582	0	0	-0.04	0	-0.99
2597	0	0	0	-0.29	-0.99
2612	0	0	0	0	-0.99
2627	0	0	0	0	-0.99
2640	0	0	0	0	-0.99
2653	0	0	0	0	-0.99
2668	0	0	0	0	-0.99
2681	0	0	0	0	-0.94
2696	0	0	0	0	-0.94
2709	0	0	0	0	-0.94
2722	0	0	0	0	-0.94
2735	0	0	0	0	-0.94
2748	0	0	0	0	-0.94
2761	0	0	-0.04	0	-0.94
2778	0	0	0	0	-0.94
2791	0	0	0	0	-1.05
2806	0	0	0	0	-1.05
2819	0	0	0	0	-1.05
2832	0	0	0	0	-1.05
2845	0	0	-0.04	0	-1.05
2858	0	0	0	0	-1.05
2873	0	0	0	0	-1.05
2886	0	0	0	0	-1.15
2899	0	0	0	0	-1.15
2912	0	0	0	-0.29	-1.15
2925	0	0	0	0	-1.15
2938	0	0	0	0	-1.15
2951	0	0	0	0	-1.15
2964	0	0	0	0	-1.15
2977	0	0	0	0	-1.15
2990	0	0	0	0	-1.25
3003	0	0	0	0	-1.25
3016	0	0	0	0	-1.25
3029	0	0	0	0	-1.25
3042	0	0	0	0	-1.25
3055	0	0	-0.04	0	-1.25
3068	0	0	0	0	-1.25
3081	0	0	0	0	-1.25
3095	0	0	0	0	-1.59
3108	0	0	0	0	-1.59
3121	0	0	-0.04	0	-1.59
3134	0	0	-0.04	0	-1.59
3147	0	0	-0.04	0	-1.59
3160	0	0	0	0	-1.59
3173	0	0	0	0	-1.59
3186	0	0	0	0	-1.59
3199	0	0	0	0	-2.11
3214	0	0	0	0	-2.11
3227	0	0	0	0	-2.11
3240	0	0	0.04	0.48	-2.11
3255	0	0	0.04	1.68	-2.11
3270	0	0	0.08	1.68	-2.11
3285	0	0	0.08	1.36	-2.11
3300	0	0	0.08	0.9	-0.15
3315	0	0	0.08	0	-0.15
3328	0	0	0.04	0	-0.15
3347	0	0	0	-2.39	-0.15
3362	0	0	-0.04	0	-0.15
3379	0	0	0	0	-0.15
3392	0	0	-0.04	0.29	-0.15
3411	0	0	0	0	-0.24
3426	0	0	-0.04	0	-0.24
3441	0	0	-0.04	0	-0.24
3456	0	0	-0.04	0	-0.24
3473	0	0	-0.04	0	-0.24
3490	0	0	0	0	-0.24
3506	0	0	0	0	-0.64
3521	0	0	0	0	-0.64
3536	0	0	0	0	-0.64
3549	0	0	0	0	-0.64
3562	0	0	0	0	-0.64
3577	0	0	0	0	-0.64
3590	0	0	0	0	-0.64
3603	0	0	0	0	-0.64
3618	0	0	0	0	-0.64
3633	0	0	0	0	-0.64
3649	0	0	0	0	-0.64
3662	0	0	0	0	-0.64
3675	0	0	0	0	-0.64
3688	0	0	0	0	-0.64
3703	0	0	0	0	-0.64
3716	0	0	0	0	-0.64
3733	0	0	0	0	-0.64
3747	0	0	0	0	-0.64
3760	0	0	0	0	-0.64
3775	0	0	0	0	-0.64
3790	0	0	0	0	-0.64
3805	0	0	0	0	-0.64
3818	0	0	0	0	-0.64
3831	0	0	0	0	-0.64
3848	0	0	0	0	-0.64
3861	0	0	0	0	-0.64
3874	0	0	0	0	-0.64
3891	0	0	0	0	-0.64
3906	0	0	0	0	-0.64
3919	0	0	0	0	-0.63
3932	0	0	0	0	-0.63
3945	0	0	0	0	-0.63
3958	0	0	0	0	-0.63
3971	0	0	0	0	-0.63
3984	0	0	0	0	-0.63
3997	0	0	0	0	-0.63
4010	0	0	0	0	-0.63
4026	0	0	0	0	-0.64
4039	0	0	0	0	-0.64
4052	0	0	0	0	-0.64
4069	0	0	0	0	-0.64
4082	0	0	0	0	-0.64
4095	0	0	0	0	-0.64
4108	0	0	0	0	-0.64
4121	0	0	0	0	-0.64
4134	0	0	0	0	-0.64
4149	0	0	0	0	-0.64
4162	0	0	0	0	-0.64
4177	0	0	0	0	-0.64
4192	0	0	0	0	-0.64
4205	0	0	0	0	-0.64
4219	0	0	0	0	-0.64
4232	0	0	0	0	-0.64
4245	0	0	0	0	-0.64
4258	0	0	0	0	-0.64
4271	0	0	0	0	-0.64
4284	0	0	0	0	-0.64
4297	0	0	0	0	-0.64
4310	0	0	0	0	-0.64
4323	0	0	0	0	-0.64
4336	0	0	0	0	-0.64
4349	0	0	0	0	-0.64
4362	0	0	0	0	-0.64
4375	0	0	0	0	-0.64
4388	0	0	0	0	-0.64
4403	0	0	0	0	-0.64
4416	0	0	0	0	-0.64
4431	0	0	0.04	0	-0.38
4444	0	0	0	0	-0.38
4457	0	0	0	0	-0.38
4473	0	0	0	0	-0.38
4488	0	0	0	0	-0.38
4501	0	0	0	0	-0.38
4516	0	0	0	0	-0.38
4529	0	0	0	0	-0.33
4544	0	0	0	0	-0.33
4557	0	0	0	0	-0.33
4570	0	0	0	0	-0.33
4583	0	0	0.04	0	-0.33
4596	0	0	0	0	-0.33
4609	0	0	0	0	-0.33
4624	0	0	0	0	-0.33
4637	0	0	0	0	-0.2
4652	0	0	0	0	-0.2
4666	0	0	0	0	-0.2
4681	0	0	0	0	-0.2
4696	0	0	0	0	-0.2
4712	0	0	0	0	-0.2
4725	0	0	0	0	-0.2
4738	0	0	0	0	-0.2
4753	0	0	0	0	-0.2
4768	0	0	0	0	-0.2
4784	0	0	0	0	-0.2
4801	0	0	0	0	-0.2
4816	0	0	0	0	-0.2
4829	0	0	0	0	-0.2
4842	0	0	0	0	-0.2
4859	0	0	0	0	-0.2
4872	0	0	0	0	-0.2
4889	0	0	0	0	-0.2
4902	0	0	0	0	-0.2
4915	0	0	0	0	-0.2
4928	0	0	0	0	-0.2
4941	0	0	0	0	-0.2
4956	0	0	0	0	-0.2
4973	0	0	0	0	-0.2
4986	0	0	0	0	-0.2
4999	0	0	0	0	-0.2
5012	0	0	0	0	-0.2
5025	0	0	0	0	-0.2
5038	0	0	0	0	-0.2
5051	0	0	0	0	-0.2
5064	0	0	0	0	-0.2
5077	0	0	0	0	-0.2
5090	0	0	0	0	-0.2
5103	0	0	0	0	-0.2
5116	0	0	0	0	-0.2
5129	0	0	0	0	-0.2
5142	0	0	0	0	-0.2
5155	0	0	0	0	-0.07
5168	0	0	0	0	-0.07
5181	0	0	0	0	-0.07
5194	0	0	0	0	-0.07
5207	0	0	0	0	-0.07
5220	0	0	0	0	-0.07
5233	0	0	0	0	-0.07
5246	0	0	0	0	-0.07
5259	0	0	0	0	-0.15
5272	0	0	0	0	-0.15
5285	0	0	0	0	-0.15
5298	0	0	0	0	-0.15
5311	0	0	0.04	0	-0.15
5324	0	0	0	0	-0.15
5339	0	0	0	0	-0.15
5352	0	0	0	0	-0.15
5365	0	0	0	0	0.01
5378	0	0	0	0	0.01
5391	0	0	0	0	0.01
5404	0	0	0	0	0.01
5417	0	0	0.04	0	0.01
5430	0	0	0.04	0	0.01
5443	0	0	0	0	0.01
5456	0	0	0.04	0	0.01
5469	0	0	0.04	0	0.4
5482	0	0	0	0	0.4
5495	0	0	0	0	0.4
5508	0	0	0	0	0.4
5521	0	0	0	0	0.4
5536	0	0	0	0	0.4
5549	0	0	0	0	0.4
5564	0	0	0	0	0.4
5579	0	0	0	0	0.46
5594	0	0	0	0	0.46
5609	0	0	0	0	0.46
5622	0	0	0	0	0.46
5635	0	0	0	0	0.46
5648	0	0	0	0	0.46
5663	0	0	0	0	0.46
5676	0	0	0	0	0.46
5693	0	0	0	0	0.46
5712	0	0	0	0	0.46
5727	0	0	0	0	0.46
5742	0	0	0.04	0	0.46
5755	0	0	0	0	0.46
5768	0	0	0	0	0.46
5783	0	0	0	0	0.53
5796	0	0	0	0	0.53
5811	0	0	0	0	0.53
5824	0	0	0	0	0.53
5839	0	0	0	0	0.53
5852	0	0	0	0	0.53
5867	0	0	0	0	0.53
5880	0	0	0	0	0.53
5896	0	0	0	0	0.53
5909	0	0	0	0	0.53
5922	0	0	0	0	0.53
5935	0	0	0	0	0.53
5950	0	0	0	0	0.53
5963	0	0	0	0	0.53
5976	0	0	0	0	0.53
5989	0	0	0	0	0.53
6006	0	0	0	0	0.53
6019	-57.2	0	0	0	0.53
6034	-57.2	-0.040371417036738	0	0	0.53
6049	-57.2	-0.282599919257166	-0.04	-7.36	0.53
6062	-57.2	-0.888171174808236	-0.32	-51.77	0.53
6075	-57.2	-1.73597093257973	-1.33	-87.75	0.53
6090	-57.2	-2.98748486071861	-2.91	-118.72	4.06
6107	-57.2	-4.44085587404118	-4	-126.15	4.06
6120	-57.2	-6.70165522809851	-6.66	-144.17	4.06
6133	-57.2	-8.72022607993541	-8.44	-155.28	4.06
6146	-57.2	-11.0213968510295	-10.13	-168.2	4.06
6159	-57.2	-13.564796124344	-13.08	-168.2	4.06
6174	-57.2	-15.9063383124748	-14.78	-183.51	4.06
6192	-57.2	-19.257165926524	-18.61	-168.2	4.06
6205	-57.2	-22.1235365361324	-20.83	-183.51	2.58
6218	-57.2	-24.5054501413	-23.58	-183.51	2.58
6233	-57.2	-26.968106580541	-25.76	-201.86	2.58
6248	-57.2	-29.8344771901494	-28.22	-183.51	2.58
6261	-57.2	-32.7008477997578	-31.57	-183.51	2.58
6275	-57.2	-35.1635042389988	-33.31	-183.51	2.58
6288	-57.2	-37.74727492935	-35.97	-168.2	2.58
6304	-57.2	-40.2906742026645	-38.07	-183.51	2.53
6320	-57.2	-43.2781590633831	-41.34	-183.51	2.53
6333	-57.2	-46.0637868389181	-43.76	-183.51	2.53
6346	-57.2	-48.4860718611223	-46.47	-183.51	2.53
6360	-57.2	-50.6257569640694	-48.65	-168.2	2.53
6375	-57.2	-52.3617278966492	-51.59	-201.86	2.53
6388	-57.2	-54.0169559951554	-53.77	-201.86	2.53
6402	-57.2	-55.2280985062576	-56.48	-168.2	2.53
6417	-57.2	-56.1566410981026	-58.78	-69.6	-0.87
6430	-57.2	-56.8429551877271	-58.74	80.74	-0.87
6447	-57.2	-57.2062979410577	-57.41	84.1	-0.87
6462	-57.2	-57.2062979410577	-56.36	0	-0.87
6477	-57.2	-57.2062979410577	-56.44	-50.45	-0.87
6490	-57.2	-57.2062979410577	-57.04	-38.08	-0.87
6505	-57.2	-57.2062979410577	-57.45	-8.17	-0.87
6518	-57.2	-57.2062979410577	-57.41	0	-0.23
6533	-57.2	-57.2062979410577	-57.33	4.88	-0.23
6548	-57.2	-57.2062979410577	-57.29	5.07	-0.23
6562	-57.2	-57.2062979410577	-57.21	3.58	-0.23
6575	-57.2	-57.2062979410577	-57.17	2.91	-0.23
6591	-57.2	-57.2062979410577	-57.21	0	-0.23
6604	-57.2	-57.2062979410577	-57.17	0	-0.23
6617	-57.2	-57.2062979410577	-57.21	0	0.19
6630	-57.2	-57.2062979410577	-57.21	0.29	0.19
6643	-57.2	-57.2062979410577	-57.21	0	0.19
6658	-57.2	-57.2062979410577	-57.21	0	0.19
6672	-57.2	-57.2062979410577	-57.21	0	0.19
6685	79.8	-57.2062979410577	-57.21	0	0.19
6701	79.8	-56.9236980218006	-57.13	4.33	0.19
6718	79.8	-56.4392410173597	-56.8	51.77	0.19
6733	79.8	-55.3492127573678	-55.95	96.12	-3.16
6746	79.8	-53.9765845781187	-54.1	112.14	-3.16
6759	79.8	-52.5635849818329	-52.93	134.58	-3.16
6774	79.8	-50.7872426322164	-51.07	155.28	-3.16
6787	79.8	-48.5668146951958	-49.01	155.28	-3.16
6802	79.8	-45.9426725878078	-46.1	183.51	-3.16
6819	79.8	-43.3589018974566	-44.41	183.51	-3.16
6836	79.8	-40.2503027856278	-40.49	183.51	-1.7
6853	79.8	-36.6572466693581	-37.95	183.51	-1.7
6866	79.8	-33.8312474767864	-34.03	183.51	-1.7
6884	79.8	-31.2878482034719	-32.22	183.51	-1.7
6899	79.8	-28.0581348405329	-28.62	183.51	-1.7
6912	79.8	-25.2321356479612	-25.35	183.51	-1.7
6927	79.8	-22.4465078724263	-23.58	183.51	-1.7
6946	79.8	-19.2975373435608	-19.78	183.51	-1.63
6961	79.8	-16.5119095680258	-17.32	183.51	-1.63
6974	79.8	-13.6455389584174	-14.13	201.86	-1.63
6991	79.8	-11.1828825191764	-12.27	201.86	-1.63
7006	79.8	-7.63019781994348	-8.44	201.86	-1.63
7023	79.8	-5.28865563181268	-6.26	183.51	-1.63
7040	79.8	-2.05894226887364	-3.23	183.51	-1.47
7056	79.8	1.21114251110214	1.17	201.86	-1.47
7071	79.8	4.07751312071054	3.31	201.86	-1.47
7086	79.8	7.34759790068631	6.5	168.2	-1.47
7103	79.8	10.1332256762212	9.57	201.86	-1.47
7116	79.8	12.8381106176827	12.11	183.51	-1.47
7131	79.8	15.3007670569237	14.86	201.86	-1.47
7146	79.8	18.6112232539362	17.68	183.51	-1.56
7163	79.8	21.3968510294711	20.75	201.86	-1.56
7178	79.8	24.0613645538958	23.25	183.51	-1.56
7193	79.8	26.9277351635042	26.4	201.86	-1.56
7210	79.8	30.1170771094065	29.51	183.51	-1.56
7225	79.8	32.9027048849415	32.05	183.51	-1.56
7238	79.8	35.6883326604764	35.12	183.51	-1.56
7253	79.8	38.0702462656439	37.14	201.86	-1.74
7266	79.8	40.9366168752523	40.37	201.86	-1.74
7283	79.8	43.8433589018975	43.12	183.51	-1.74
7296	79.8	46.5482438433589	45.66	201.86	-1.74
7309	79.8	49.0916431166734	48.81	183.51	-1.74
7323	79.8	51.5946709729512	50.59	183.51	-1.74
7338	79.8	54.0573274121922	53.45	183.51	-1.74
7353	79.8	57.3677836092047	56.56	183.51	-1.95
7367	79.8	59.8304400484457	58.82	183.51	-1.95
7382	79.8	62.3334679047235	61.04	201.86	-1.95
7398	79.8	65.3209527654421	64.51	201.86	-1.95
7411	79.8	68.106580540977	67.06	183.51	-1.95
7424	79.8	70.569236980218	69.2	201.86	-1.95
7438	79.8	72.7896649172386	72.75	168.2	-1.95
7451	79.8	74.5660072668551	75.05	183.51	-2
7464	79.8	76.1001211142511	76.95	144.17	-2
7477	79.8	77.4323778764635	78.72	29.26	-2
7492	79.8	78.4012918853452	78.93	-17.54	-2
7507	79.8	79.1683488090432	78.68	13.47	-2
7524	79.8	79.6931772305208	79.13	38.08	-2
7539	79.8	79.7739200645943	79.61	22.19	-2
7552	79.8	79.7739200645943	79.85	5.91	0.45
7566	79.8	79.7739200645943	79.85	0	0.45
7579	79.8	79.7739200645943	79.81	-2.94	0.45
7594	79.8	79.7739200645943	79.81	-1.74	0.45
7608	79.8	79.7739200645943	79.81	0	0.45
7621	79.8	79.7739200645943	79.77	-5.97	0.45
7634	79.8	79.7739200645943	79.73	-4.33	0.45
7650	79.8	79.7739200645943	79.73	0	0.45
7664	79.8	79.7739200645943	79.73	0	-0.43
7681	-57.2	79.7739200645943	79.73	0.97	-0.43
7698	-57.2	79.7739200645943	79.77	0	-0.43
7711	-57.2	79.4509487283004	79.73	-14.73	-0.43
7724	-57.2	78.885748889786	79.25	-57.68	-0.43
7738	-57.2	78.0379491320145	78.68	-77.64	-0.43
7751	-57.2	76.9075494549859	77.63	-106.23	-0.43
7766	-57.2	75.4945498587	76.22	-126.15	3.1
7780	-57.2	73.4759790068631	73.76	-134.58	3.1
7793	-57.2	71.497779572063	72.1	-168.2	3.1
7809	-57.2	69.1562373839322	69.64	-168.2	3.1
7824	-57.2	66.2091239402503	67.3	-168.2	3.1
7840	-57.2	63.2216390795317	63.71	-183.51	3.1
7853	-57.2	60.3552684699233	61.04	-168.2	3.1
7868	-57.2	57.8926120306823	59.06	-201.86	1.9
7884	-57.2	55.0262414210739	55.59	-183.51	1.9
7897	-57.2	52.1598708114655	52.97	-183.51	1.9
7910	-57.2	49.5761001211143	50.79	-201.86	1.9
7924	-57.2	46.992329430763	48.12	-183.51	1.9
7937	-57.2	44.6104158255955	45.94	-168.2	1.9
7950	-57.2	42.1073879693177	43.16	-183.51	1.9
7963	-57.2	39.6447315300767	41.22	-183.51	1.88
7977	-57.2	37.1013322567622	37.91	-201.86	1.88
7992	-57.2	34.6386758175212	36.21	-168.2	1.88
8005	-57.2	31.893419459023	33.1	-183.51	1.88
8020	-57.2	29.3903916027453	30.88	-201.86	1.88
8033	-57.2	26.6047638272103	28.3	-183.51	1.88
8048	-57.2	24.0613645538958	25.15	-183.51	1.88
8067	-57.2	20.5894226887364	22.57	-168.2	2.12
8080	-57.2	17.7634234961647	19.06	-201.86	2.12
8093	-57.2	15.3411384739604	17.28	-183.51	2.12
8108	-57.2	12.474767864352	13.77	-168.2	2.12
8121	-57.2	10.0928542591845	12.07	-183.51	2.12
8136	-57.2	7.54945498587	9.04	-201.86	2.12
8149	-57.2	4.84457004440856	6.82	-183.51	2.12
8162	-57.2	2.3415421881308	4.16	-168.2	2.12
8177	-57.2	-0.040371417036738	2.18	-183.51	1.98
8190	-57.2	-2.90674202664514	-1.01	-183.51	1.98
8207	-57.2	-5.65199838514332	-4.08	-183.51	1.98
8220	-57.2	-8.3972547436415	-6.14	-183.51	1.98
8236	-57.2	-10.9810254339927	-8.96	-183.51	1.98
8253	-57.2	-14.2914816310053	-11.47	-183.51	1.98
8266	-57.2	-17.0771094065402	-14.98	-183.51	1.98
8281	-57.2	-19.8223657650384	-17	-201.86	2.05
8294	-57.2	-22.3253936213161	-20.15	-183.51	2.05
8311	-57.2	-25.0706499798143	-22.37	-183.51	2.05
8326	-57.2	-27.8562777553492	-25.88	-183.51	2.05
8343	-57.2	-31.0859911182883	-28.02	-183.51	2.05
8358	-57.2	-33.8716188938232	-31.53	-183.51	2.05
8375	-57.2	-37.0609608397255	-33.87	-168.2	2.05
8388	-57.2	-39.8062171982237	-37.59	-183.51	2.3
8403	-57.2	-42.3092450545014	-39.4	-183.51	2.3
8416	-57.2	-45.0948728300363	-42.39	-183.51	2.3
8429	-57.2	-47.5171578522406	-45.09	-183.51	2.3
8444	-57.2	-49.6568429551877	-46.83	-183.51	2.3
8458	-57.2	-51.8772708922083	-50.26	-168.2	2.3
8475	-57.2	-53.4517561566411	-52	-183.51	2.3
8492	-57.2	-55.1069842551474	-55.59	-183.51	2.49
8507	-57.2	-56.2777553492128	-58.22	-118.72	2.49
8520	-57.2	-56.8833266047638	-59.43	56.07	2.49
8535	-57.2	-57.165926524021	-58.18	126.15	2.49
8550	-57.2	-57.2062979410577	-56.76	63.08	2.49
8563	-57.2	-57.2062979410577	-56.04	-32.04	2.49
8576	-57.2	-57.2062979410577	-56.72	-57.68	2.49
8589	-57.2	-57.2062979410577	-57.25	-34.2	1.06
8604	-57.2	-57.2062979410577	-57.61	0	1.06
8617	-57.2	-57.2062979410577	-57.49	12.24	1.06
8632	-57.2	-57.2062979410577	-57.33	13.18	1.06
8647	-57.2	-57.2062979410577	-57.17	6.72	1.06
8660	-57.2	-57.2062979410577	-57.17	0	1.06
8675	79.8	-57.2062979410577	-57.17	0	1.06
8688	79.8	-57.2062979410577	-57.17	0	0.35
8705	79.8	-57.0044408558741	-57.13	6.88	0.35
8722	79.8	-56.3181267662495	-56.68	65.11	0.35
8735	79.8	-55.1877270892208	-55.75	91.76	0.35
8750	79.8	-53.7343560758983	-54.3	112.14	0.35
8763	79.8	-52.2809850625757	-52.97	134.58	0.35
8776	79.8	-50.545014129996	-51.35	144.17	0.35
8789	79.8	-48.4860718611223	-48.69	155.28	-2.68
8802	79.8	-46.225272507065	-47.07	168.2	-2.68
8817	79.8	-43.6415018167138	-44.29	183.51	-2.68
8830	79.8	-40.9769882922891	-41.74	183.51	-2.68
8847	79.8	-38.0298748486072	-38.68	183.51	-2.68
8860	79.8	-35.3653613241825	-36.09	183.51	-2.68
8874	79.8	-32.7412192167945	-33.39	201.86	-2.68
8888	79.8	-30.1574485264433	-31.21	201.86	-1.5
8901	79.8	-27.6140492531288	-28.78	183.51	-1.5
8919	79.8	-24.6669358094469	-25.23	201.86	-1.5
8934	79.8	-21.8005651998385	-22.65	183.51	-1.5
8947	79.8	-19.0149374243036	-19.18	183.51	-1.5
8960	79.8	-16.5119095680258	-17.36	183.51	-1.5
8973	79.8	-14.0896245458216	-15.18	201.86	-1.5
8988	79.8	-11.5462252725071	-11.71	183.51	-1.5
9001	79.8	-8.84134033104562	-9.29	201.86	-1.53
9016	79.8	-6.3786838918046	-7.47	183.51	-1.53
9029	79.8	-3.59305611626968	-4	183.51	-1.53
9044	79.8	-0.726685506661284	-1.17	183.51	-1.53
9057	79.8	1.65522809850626	0.93	201.86	-1.53
9072	79.8	4.23899878885749	4.08	183.51	-1.53
9087	79.8	6.94388373031894	6.34	201.86	-1.53
9100	79.8	9.72951150585386	9.57	201.86	-1.44
9113	79.8	12.1921679450949	11.47	183.51	-1.44
9126	79.8	14.6548243843359	14.21	183.51	-1.44
9143	79.8	17.1578522406136	16.51	183.51	-1.44
9157	79.8	20.4683084376262	20.35	183.51	-1.44
9170	79.8	22.8502220427937	22.04	183.51	-1.44
9183	79.8	25.3532498990715	24.87	201.86	-1.44
9200	79.8	28.1388776746064	28.02	183.51	-1.44
9213	79.8	30.964876867178	30.68	183.51	-1.62
9226	79.8	33.4679047234558	32.94	183.51	-1.62
9241	79.8	35.8901897456601	35.53	201.86	-1.62
9254	79.8	38.675817521195	37.71	183.51	-1.62
9267	79.8	41.138473960436	40.53	183.51	-1.62
9282	79.8	43.601130399677	42.79	183.51	-1.62
9295	79.8	46.386758175212	45.78	183.51	-1.62
9308	79.8	48.849414614453	48.04	183.51	-1.62
9323	79.8	51.2313282196205	50.87	201.86	-1.81
9336	79.8	54.0169559951554	53.05	183.51	-1.81
9351	79.8	56.5199838514332	56.24	183.51	-1.81
9366	79.8	59.2652402099314	58.34	183.51	-1.81
9379	79.8	62.091239402503	61.85	183.51	-1.81
9392	79.8	64.5135244247073	63.58	183.51	-1.81
9407	79.8	67.3798950343157	66.29	201.86	-1.81
9420	79.8	69.6810658054098	68.67	201.86	-2.07
9435	79.8	71.9418651594671	71.66	201.86	-2.07
9450	79.8	74.0815502624142	73.96	168.2	-2.07
9463	79.8	75.9790068631409	77.23	126.15	-2.07
9476	79.8	77.2305207912798	78.2	30.13	-2.07
9491	79.8	78.2398062171982	78.48	0	-2.07
9508	79.8	79.0876059749697	78.48	27.29	-2.07
9521	79.8	79.6528058134841	79.13	45.86	-2.86
9538	79.8	79.7739200645943	79.61	29.26	-2.86
9551	79.8	79.7739200645943	79.98	0	-2.86
9564	79.8	79.7739200645943	79.9	-11.89	-2.86
9582	79.8	79.7739200645943	79.73	-8.11	-2.86
9595	79.8	79.7739200645943	79.73	0	-2.86
9608	79.8	79.7739200645943	79.73	0	-2.86
9626	79.8	79.7739200645943	79.77	0	-0.14
9639	79.8	79.7739200645943	79.73	0	-0.14
9656	79.8	79.7739200645943	79.73	0	-0.14
9671	79.8	79.7739200645943	79.77	0	-0.14
9684	-57.2	79.7739200645943	79.77	0	-0.14
9697	-57.2	79.7335486475575	79.77	0	-0.14
9714	-57.2	79.4509487283004	79.69	-19.99	-0.14
9727	-57.2	78.7646346386758	79.25	-57.68	2.71
9740	-57.2	77.9168348809043	78.52	-84.1	2.71
9753	-57.2	76.7460637868389	77.19	-112.14	2.71
9770	-57.2	75.1312071053694	75.17	-134.58	2.71
9787	-57.2	73.1126362535325	73.64	-155.28	2.71
9803	-57.2	70.2058942268874	70.41	-155.28	2.71
9820	-57.2	67.5010092854259	68.39	-201.86	2.71
9835	-57.2	64.2712959224869	65.12	-183.51	2.03
9849	-57.2	61.3645538958417	61.69	-183.51	2.03
9862	-57.2	58.861526039564	59.91	-183.51	2.03
9876	-57.2	56.237383932176	56.8	-183.51	2.03
9891	-57.2	53.7343560758983	55.03	-183.51	2.03
9908	-57.2	50.8679854662899	51.47	-168.2	2.03
9923	-57.2	47.7190149374243	49.05	-183.51	2.03
9938	-57.2	44.8526443278159	46.14	-183.51	1.89
9951	-57.2	41.9862737182075	43.12	-183.51	1.89
9966	-57.2	39.6447315300767	40.37	-168.2	1.89
9981	-57.2	36.9398465886153	38.31	-201.86	1.89
9994	-57.2	34.0331045619701	34.84	-183.51	1.89
10009	-57.2	31.6108195397658	33.1	-183.51	1.89
10026	-57.2	28.3003633427533	30.08	-201.86	1.89
10041	-57.2	25.7165926524021	26.97	-183.51	2.07
10060	-57.2	22.0024222850222	23.86	-183.51	2.07
10073	-57.2	19.3379087605975	20.99	-201.86	2.07
10088	-57.2	16.3504238998789	18.21	-183.51	2.07
10105	-57.2	13.5244247073072	15.18	-168.2	2.07
10122	-57.2	10.3754541784417	12.6	-183.51	2.07
10137	-57.2	7.58982640290674	9.25	-183.51	2.07
10150	-57.2	4.84457004440856	6.34	-183.51	2.06
10163	-57.2	2.46265643924102	4.52	-183.51	2.06
10179	-57.2	-0.524828421477594	0.85	-183.51	2.06
10192	-57.2	-3.02785627775535	-0.85	-183.51	2.06
10205	-57.2	-5.57125555106984	-4	-201.86	2.06
10218	-57.2	-7.91279773920065	-5.69	-183.51	2.06
10233	-57.2	-10.4965684295519	-8.4	-183.51	2.06
10250	-57.2	-14.0088817117481	-12.27	-201.86	2.23
10264	-57.2	-16.4715381509891	-13.97	-183.51	2.23
10277	-57.2	-19.0956802583771	-16.75	-201.86	2.23
10291	-57.2	-21.5583366976181	-19.38	-168.2	2.23
10304	-57.2	-24.0613645538958	-22.04	-183.51	2.23
10317	-57.2	-26.4432781590634	-23.82	-168.2	2.23
10336	-57.2	-29.3096487686718	-27.25	-168.2	2.23
10350	-57.2	-32.5797335486476	-29.67	-183.51	2.15
10363	-57.2	-35.0827614049253	-31.89	-183.51	2.15
10376	-57.2	-37.4646750100929	-34.96	-183.51	2.15
10389	-57.2	-39.9273314493339	-37.3	-183.51	2.15
10404	-57.2	-42.7129592248688	-40.37	-201.86	2.15
10419	-57.2	-45.1756156641098	-42.03	-183.51	2.15
10436	-57.2	-48.3649576100121	-45.46	-183.51	2.15
10449	-57.2	-50.6661283811062	-47.96	-168.2	2.15
10462	-57.2	-52.4020993136859	-50.87	-183.51	2.42
10475	-57.2	-53.8958417440452	-52.6	-168.2	2.42
10491	-57.2	-55.3492127573678	-55.71	-183.51	2.42
10506	-57.2	-56.1970125151393	-57.81	-134.58	2.42
10523	-57.2	-57.0044408558741	-59.55	84.1	2.42
10536	-57.2	-57.2062979410577	-58.42	126.15	2.42
10549	-57.2	-57.2062979410577	-57.21	80.74	2.42
10562	-57.2	-57.2062979410577	-56.08	0	5.86
10577	-57.2	-57.2062979410577	-56.52	-63.08	5.86
10590	-57.2	-57.2062979410577	-57.21	-40.37	5.86
10605	-57.2	-57.2062979410577	-57.61	0	5.86
10618	-57.2	-57.2062979410577	-57.57	18.02	5.86
10635	-57.2	-57.2062979410577	-57.25	11.4	5.86
10648	-57.2	-57.2062979410577	-57.13	4.81	5.86
10661	-57.2	-57.2062979410577	-57.17	-5.14	5.86
10674	-57.2	-57.2062979410577	-57.21	-2.62	-0.23
10691	79.8	-57.2062979410577	-57.17	0	-0.23
10704	79.8	-57.2062979410577	-57.21	0	-0.23
10717	79.8	-57.0448122729108	-57.21	0	-0.23
10732	79.8	-56.6007266855067	-56.92	42.96	-0.23
10745	79.8	-55.7932983447719	-56.32	72.09	-0.23
10760	79.8	-54.7436415018167	-55.35	106.23	-0.23
10775	79.8	-53.2498990714574	-54.06	118.72	-2.61
10790	79.8	-51.312071053694	-51.31	134.58	-2.61
10803	79.8	-49.0512716996367	-49.37	168.2	-2.61
10818	79.8	-46.7501009285426	-47.92	168.2	-2.61
10832	79.8	-43.8433589018975	-44.13	183.51	-2.61
10845	79.8	-41.4210738796932	-42.43	201.86	-2.61
10860	79.8	-38.514331853048	-38.8	183.51	-2.61
10878	79.8	-35.1635042389988	-36.62	183.51	-1.52
10897	79.8	-31.9741622930965	-32.66	183.51	-1.52
10910	79.8	-29.1077916834881	-29.63	183.51	-1.52
10925	79.8	-26.3221639079532	-26.52	183.51	-1.52
10942	79.8	-23.8998788857489	-24.79	183.51	-1.52
10962	79.8	-20.2664513524425	-20.39	201.86	-1.52
10981	79.8	-16.3100524828422	-17.4	183.51	-1.5
10996	79.8	-12.9592248687929	-13.77	201.86	-1.5
11013	79.8	-10.173597093258	-11.18	183.51	-1.5
11029	79.8	-7.30722648364958	-7.71	183.51	-1.5
11044	79.8	-4.44085587404118	-4.97	201.86	-1.5
11059	79.8	-1.65522809850626	-1.94	201.86	-1.5
11074	79.8	1.25151392813888	0.77	201.86	-1.5
11089	79.8	3.95639886960032	3.63	183.51	-1.48
11102	79.8	6.9035123132822	6.42	201.86	-1.48
11117	79.8	9.32579733548648	9.04	168.2	-1.48
11132	79.8	12.1517965280581	11.67	183.51	-1.48
11145	79.8	14.9374243035931	14.57	183.51	-1.48
11162	79.8	17.3193379087606	16.83	168.2	-1.48
11179	79.8	20.9931368591038	19.78	168.2	-1.48
11196	79.8	24.1421073879693	22.89	183.51	-1.68
11211	79.8	26.8469923294308	25.96	168.2	-1.68
11226	79.8	30.1170771094065	29.39	183.51	-1.68
11241	79.8	32.4586192975373	31.65	201.86	-1.68
11259	79.8	35.3653613241825	35.16	183.51	-1.68
11276	79.8	38.675817521195	37.67	201.86	-1.68
11291	79.8	41.9459023011708	41.7	183.51	-1.68
11306	79.8	45.1756156641098	44.13	201.86	-1.79
11319	79.8	47.4767864352039	47.19	168.2	-1.79
11336	79.8	49.8990714574082	49.01	201.86	-1.79
11351	79.8	53.1287848203472	52.52	183.51	-1.79
11368	79.8	55.8740411788454	55.59	201.86	-1.79
11381	79.8	59.1037545417844	58.13	183.51	-1.79
11398	79.8	61.5260395639887	60.92	183.51	-1.79
11411	79.8	64.7557529269277	64.11	201.86	-1.94
11428	79.8	67.1376665320953	66.81	201.86	-1.94
11441	79.8	70.2866370609608	69.36	183.51	-1.94
11454	79.8	72.3859507468712	72.14	201.86	-1.94
11467	79.8	74.2834073475979	74.81	183.51	-1.94
11482	79.8	75.8578926120307	76.62	144.17	-1.94
11495	79.8	77.3920064594267	78.52	34.2	-1.94
11510	79.8	78.5627775534921	78.68	-8.69	1.82
11523	79.8	79.2490916431167	78.64	14.63	1.82
11536	79.8	79.6528058134841	79.05	46.93	1.82
11551	79.8	79.7739200645943	79.65	34.82	1.82
11566	79.8	79.7739200645943	79.94	0	1.82
11579	79.8	79.7739200645943	79.9	-6.65	1.82
11594	79.8	79.7739200645943	79.77	-5.56	1.82
11607	79.8	79.7739200645943	79.77	0	1.82
11620	79.8	79.7739200645943	79.77	0	0.04
11633	79.8	79.7739200645943	79.77	0	0.04
11650	79.8	79.7739200645943	79.77	0	0.04
11665	79.8	79.7739200645943	79.77	0	0.04
11678	-57.2	79.7739200645943	79.77	-0.48	0.04
11691	-57.2	79.7739200645943	79.77	0	0.04
11706	-57.2	79.6124343964473	79.73	-3.84	0.04
11721	-57.2	79.0876059749697	79.53	-46.93	2.56
11735	-57.2	78.118691966088	78.6	-80.74	2.56
11748	-57.2	77.0286637060961	77.67	-106.23	2.56
11761	-57.2	75.656035526847	75.82	-118.72	2.56
11776	-57.2	74.0008074283407	74.61	-144.17	2.56
11790	-57.2	71.6996366572467	71.74	-155.28	2.56
11803	-57.2	69.3984658861526	70.17	-183.51	2.56
11818	-57.2	66.6128381106177	68.43	-183.51	2.22
11834	-57.2	64.0290674202665	64.76	-168.2	2.22
11847	-57.2	61.1626968106581	62.21	-183.51	2.22
11862	-57.2	58.2559547840129	59.1	-183.51	2.22
11875	-57.2	55.9144125958821	56.96	-183.51	2.22
11888	-57.2	53.4921275736778	54.66	-168.2	2.22
11905	-57.2	50.9083568833266	52.44	-168.2	2.22
11926	-57.2	46.7501009285426	47.72	-183.51	1.96
11941	-57.2	43.8837303189342	45.22	-201.86	1.96
11961	-57.2	40.6136455389584	41.66	-183.51	1.96
11974	-57.2	37.3839321760194	38.8	-201.86	1.96
11989	-57.2	34.8809043197416	35.69	-183.51	1.96
12002	-57.2	32.05490512717	33.55	-201.86	1.96
12017	-57.2	29.5115058538555	30.48	-183.51	1.96
12032	-57.2	26.3625353249899	27.74	-183.51	2.07
12045	-57.2	23.9402503027856	25.6	-201.86	2.07
12058	-57.2	21.5179652805813	23.33	-168.2	2.07
12074	-57.2	19.0149374243036	20.55	-183.51	2.07
12087	-57.2	16.0678239806217	18.05	-183.51	2.07
12100	-57.2	13.5244247073072	14.9	-201.86	2.07
12114	-57.2	11.0617682680662	13.12	-183.51	2.07
12130	-57.2	8.51836899475172	10.25	-183.51	2.07
12145	-57.2	5.2079127977392	6.62	-183.51	2.02
12162	-57.2	2.78562777553492	4.97	-201.86	2.02
12175	-57.2	-0.444085587404118	1.21	-183.51	2.02
12188	-57.2	-2.8663706096084	-0.57	-168.2	2.02
12201	-57.2	-5.32902704884942	-3.55	-183.51	2.02
12216	-57.2	-7.75131207105369	-5.33	-183.51	2.02
12229	-57.2	-10.6176826806621	-8.48	-183.51	2.02
12242	-57.2	-12.9995962858296	-10.25	-183.51	2.21
12257	-57.2	-15.4622527250707	-13.61	-183.51	2.21
12274	-57.2	-18.2075090835688	-15.66	-183.51	2.21
12287	-57.2	-21.4372224465079	-19.14	-183.51	2.21
12304	-57.2	-24.1824788050061	-22.2	-201.86	2.21
12319	-57.2	-27.0084779975777	-24.34	-201.86	2.21
12335	-57.2	-29.9555914412596	-27.69	-183.51	2.21
12350	-57.2	-32.7815906338312	-30.12	-201.86	2.24
12363	-57.2	-35.5672184093662	-32.74	-183.51	2.24
12376	-57.2	-38.1106176826807	-35.69	-201.86	2.24
12389	-57.2	-40.5329027048849	-37.87	-183.51	2.24
12406	-57.2	-43.3185304804199	-40.86	-183.51	2.24
12421	-57.2	-46.1041582559548	-42.87	-168.2	2.24
12436	-57.2	-48.7283003633428	-46.02	-201.86	2.24
12451	-57.2	-51.0294711344368	-48.85	-168.2	2.4
12466	-57.2	-52.8865563181268	-51.03	-183.51	2.4
12479	-57.2	-54.5014129995963	-54.18	-183.51	2.4
12492	-57.2	-55.5914412595882	-56.84	-201.86	2.4
12507	-57.2	-56.398869600323	-58.46	-77.64	2.4
12522	-57.2	-56.9640694388373	-59.43	84.1	2.4
12537	-57.2	-57.2062979410577	-57.81	112.14	2.4
12550	-57.2	-57.2062979410577	-56.44	57.68	1.65
12563	-57.2	-57.2062979410577	-56.12	-34.82	1.65
12576	-57.2	-57.2062979410577	-56.56	-57.68	1.65
12591	-57.2	-57.2062979410577	-57.33	-24.93	1.65
12604	-57.2	-57.2062979410577	-57.57	0	1.65
12617	-57.2	-57.2062979410577	-57.49	14.02	1.65
12632	-57.2	-57.2062979410577	-57.29	12.31	1.65
12647	-57.2	-57.2062979410577	-57.17	0	1.65
12660	-57.2	-57.2062979410577	-57.17	0	0.11
12675	79.8	-57.2062979410577	-57.17	0	0.11
12688	79.8	-57.2062979410577	-57.17	0	0.11
12703	79.8	-57.0448122729108	-57.17	0.65	0.11
12716	79.8	-56.5199838514332	-56.84	43.89	0.11
12729	79.8	-55.7529269277352	-56.32	72.09	0.11
12744	79.8	-54.6628986677432	-55.07	106.23	0.11
12758	79.8	-53.0480419862737	-53.17	126.15	-2.56
12771	79.8	-51.3928138877675	-51.88	144.17	-2.56
12786	79.8	-49.4953572870408	-49.82	144.17	-2.56
12799	79.8	-46.8308437626161	-47.03	183.51	-2.56
12813	79.8	-44.3681873233751	-45.3	201.86	-2.56
12826	79.8	-41.905530884134	-42.43	201.86	-2.56
12843	79.8	-39.0795316915624	-39.69	183.51	-2.56
12856	79.8	-36.213161081954	-37.18	201.86	-1.5
12870	79.8	-33.589018974566	-33.79	183.51	-1.5
12883	79.8	-31.2474767864352	-31.97	201.86	-1.5
12896	79.8	-28.7444489301574	-29.27	201.86	-1.5
12913	79.8	-26.2817924909164	-26.44	168.2	-1.5
12928	79.8	-23.0520791279774	-23.9	201.86	-1.5
12943	79.8	-20.2664513524425	-20.39	201.86	-1.5
12958	79.8	-17.4808235769075	-18.13	183.51	-1.5
12971	79.8	-14.6951958013726	-15.7	183.51	-1.49
12984	79.8	-12.2729107791684	-13.52	201.86	-1.49
13000	79.8	-9.60839725474364	-10.13	183.51	-1.49
13015	79.8	-6.82276947920872	-7.51	201.86	-1.49
13028	79.8	-4.0371417036738	-4.36	201.86	-1.49
13045	79.8	-1.45337101332257	-1.57	183.51	-1.49
13060	79.8	1.61485668146952	0.93	183.51	-1.49
13075	79.8	4.48122729107792	3.39	183.51	-1.48
13088	79.8	7.26685506661284	6.86	201.86	-1.48
13101	79.8	9.72951150585386	8.64	201.86	-1.48
13114	79.8	12.1921679450949	11.79	183.51	-1.48
13129	79.8	14.6548243843359	13.61	183.51	-1.48
13142	79.8	17.3597093257973	16.19	183.51	-1.48
13159	79.8	20.3471941865159	20.19	183.51	-1.48
13175	79.8	23.2135647961243	22.81	201.86	-1.61
13194	79.8	26.5240209931369	25.84	201.86	-1.61
13210	79.8	29.7537343560759	28.74	183.51	-1.61
13223	79.8	32.660476382721	31.97	201.86	-1.61
13236	79.8	35.0020185708518	34.6	183.51	-1.61
13249	79.8	37.4243035930561	36.46	201.86	-1.61
13269	79.8	40.4117884537747	39.77	201.86	-1.61
13282	79.8	43.6415018167138	42.91	183.51	-1.71
13297	79.8	46.4675010092854	45.74	183.51	-1.71
13310	79.8	48.8897860314897	48.45	183.51	-1.71
13325	79.8	51.312071053694	50.3	183.51	-1.71
13340	79.8	54.541784416633	54.3	183.51	-1.71
13353	79.8	56.9236980218006	56	168.2	-1.71
13368	79.8	59.4670972951151	59.14	168.2	-1.71
13381	79.8	62.1719822365765	61.4	183.51	-1.98
13396	79.8	64.6346386758175	63.34	183.51	-1.98
13411	79.8	67.4606378683892	66.81	168.2	-1.98
13427	79.8	70.3270084779976	69.36	183.51	-1.98
13440	79.8	72.8704077513121	72.99	224.27	-1.98
13453	79.8	74.6063786838918	75.13	183.51	-1.98
13466	79.8	76.0597496972144	77.43	126.15	-1.98
13482	79.8	77.6342349616472	78.28	15.28	4.57
13497	79.8	78.5627775534921	78.44	0	4.57
13512	79.8	79.3298344771902	78.64	37.37	4.57
13531	79.8	79.7335486475575	79.33	45.86	4.57
13544	79.8	79.7739200645943	79.94	11.89	4.57
13557	79.8	79.7739200645943	79.98	-7.88	4.57
13570	79.8	79.7739200645943	79.85	-8.82	4.57
13584	79.8	79.7739200645943	79.73	-4.97	-0.34
13601	79.8	79.7739200645943	79.77	0	-0.34
13616	79.8	79.7739200645943	79.77	0	-0.34
13629	79.8	79.7739200645943	79.77	0	-0.34
13643	79.8	79.7739200645943	79.77	-0.29	-0.34
13656	79.8	79.7739200645943	79.73	0	-0.34
13672	79.8	79.7739200645943	79.77	0	-0.34
13685	-57.2	79.7739200645943	79.77	0	-0.36
13703	-57.2	79.6124343964473	79.73	-4.52	-0.36
13720	-57.2	78.9261203068228	79.45	-57.68	-0.36
13737	-57.2	77.6342349616472	78.28	-96.12	-0.36
13754	-57.2	75.9790068631409	76.1	-126.15	-0.36
13769	-57.2	74.2026645135244	74.69	-126.15	-0.36
13785	-57.2	71.9014937424304	72.26	-168.2	-0.36
13802	-57.2	68.8332660476383	69.56	-183.51	3.29
13815	-57.2	66.1283811061768	67.06	-183.51	3.29
13828	-57.2	63.5446104158256	64.35	-183.51	3.29
13843	-57.2	60.8397254743642	61.16	-183.51	3.29
13860	-57.2	58.4174404521599	59.51	-201.86	3.29
13878	-57.2	54.6225272507065	55.67	-183.51	3.29
13895	-57.2	51.3928138877675	52.04	-183.51	2.01
13911	-57.2	48.5668146951958	49.82	-168.2	2.01
13928	-57.2	45.2563584981833	46.67	-183.51	2.01
13945	-57.2	42.067016552281	43.28	-183.51	2.01
13962	-57.2	39.3621316108195	40.69	-183.51	2.01
13978	-57.2	36.0920468308438	36.94	-183.51	2.01
13993	-57.2	33.2660476382721	34.8	-183.51	2.01
14006	-57.2	30.4804198627372	31.37	-168.2	2.13
14021	-57.2	28.0177634234962	29.15	-201.86	2.13
14038	-57.2	25.1917642309245	26.16	-183.51	2.13
14053	-57.2	22.0427937020589	23.66	-201.86	2.13
14067	-57.2	19.0956802583771	20.15	-168.2	2.13
14080	-57.2	16.6330238191361	18.01	-183.51	2.13
14095	-57.2	13.6455389584174	16.27	-183.51	2.13
14112	-57.2	11.3039967702866	12.6	-201.86	2.22
14127	-57.2	8.15502624142107	9.65	-183.51	2.22
14140	-57.2	5.40976988292289	7.47	-183.51	2.22
14155	-57.2	2.90674202664514	4.68	-183.51	2.22
14172	-57.2	-0.726685506661284	1.57	-183.51	2.22
14185	-57.2	-3.06822769479209	-0.97	-183.51	2.22
14198	-57.2	-5.49051271699637	-3.19	-201.86	2.22
14211	-57.2	-7.87242632216391	-6.18	-183.51	2.1
14224	-57.2	-10.3350827614049	-7.99	-183.51	2.1
14238	-57.2	-12.8784820347194	-10.74	-168.2	2.1
14251	-57.2	-15.3411384739604	-12.84	-224.27	2.1
14264	-57.2	-17.8037949132015	-15.62	-183.51	2.1
14277	-57.2	-20.2664513524425	-18.33	-183.51	2.1
14290	-57.2	-22.6887363746467	-20.02	-201.86	2.1
14304	-57.2	-25.2321356479612	-22.81	-183.51	2.1
14317	-57.2	-27.6947920872023	-25.23	-183.51	2.27
14332	-57.2	-30.1170771094065	-28.02	-183.51	2.27
14345	-57.2	-32.9027048849415	-30.12	-201.86	2.27
14358	-57.2	-35.3653613241825	-32.82	-168.2	2.27
14371	-57.2	-37.8280177634235	-35.53	-201.86	2.27
14384	-57.2	-40.209931368591	-37.26	-183.51	2.27
14397	-57.2	-42.6322163907953	-39.89	-168.2	2.27
14414	-57.2	-45.0948728300363	-42.59	-183.51	2.27
14431	-57.2	-48.2034719418652	-45.34	-183.51	2.49
14444	-57.2	-50.8276140492531	-48.16	-168.2	2.49
14457	-57.2	-52.6039563988696	-50.79	-183.51	2.49
14472	-57.2	-54.0573274121922	-53.05	-201.86	2.49
14485	-57.2	-55.3895841744045	-55.95	-168.2	2.49
14502	-57.2	-56.398869600323	-58.5	-106.23	2.49
14519	-57.2	-56.9236980218006	-59.51	80.74	2.49
14534	-57.2	-57.2062979410577	-58.22	118.72	-5.61
14547	-57.2	-57.2062979410577	-56.2	49.22	-5.61
14560	-57.2	-57.2062979410577	-56	-35.4	-5.61
14573	-57.2	-57.2062979410577	-56.64	-63.08	-5.61
14586	-57.2	-57.2062979410577	-57.21	-34.82	-5.61
14601	-57.2	-57.2062979410577	-57.65	0	-5.61
14618	-57.2	-57.2062979410577	-57.45	17.12	-5.61
14631	-57.2	-57.2062979410577	-57.25	10.72	0.1
14644	-57.2	-57.2062979410577	-57.13	5.01	0.1
14657	-57.2	-57.2062979410577	-57.17	0	0.1
14674	-57.2	-57.2062979410577	-57.17	0	0.1
14687	79.8	-57.2062979410577	-57.17	0	0.1
14700	79.8	-57.2062979410577	-57.17	0	0.1
14715	79.8	-57.0851836899475	-57.17	0	0.1
14731	79.8	-56.5199838514332	-56.96	42.96	0.1
14746	79.8	-55.5106984255147	-56.04	87.75	-3.28
14761	79.8	-54.3802987484861	-54.99	118.72	-3.28
14778	79.8	-52.4828421477594	-52.73	134.58	-3.28
14793	79.8	-50.5046427129592	-50.95	144.17	-3.28
14806	79.8	-48.1631005248284	-48.81	183.51	-3.28
14819	79.8	-45.7408155026242	-46.87	201.86	-3.28
14835	79.8	-43.1166733952362	-43.88	183.51	-3.28
14850	79.8	-39.9273314493339	-40.65	183.51	-1.67
14863	79.8	-37.4646750100929	-38.39	183.51	-1.67
14876	79.8	-34.9616471538151	-36.25	183.51	-1.67
14891	79.8	-32.5393621316108	-34.07	201.86	-1.67
14910	79.8	-29.269277351635	-29.87	183.51	-1.67
14926	79.8	-26.039563988696	-26.93	183.51	-1.67
14941	79.8	-23.1731933790876	-24.34	201.86	-1.67
14956	79.8	-20.4279370205894	-21.07	201.86	-1.5
14969	79.8	-17.561566410981	-18.37	201.86	-1.5
14982	79.8	-15.0585385547033	-16.15	201.86	-1.5
14997	79.8	-12.7169963665725	-13.89	183.51	-1.5
15012	79.8	-9.48728300363343	-9.85	183.51	-1.5
15027	79.8	-7.10536939846589	-7.71	201.86	-1.5
15043	79.8	-4.11788453774728	-4.16	183.51	-1.5
15060	79.8	-1.33225676221235	-1.29	201.86	-1.47
15073	79.8	1.97819943480016	1.78	183.51	-1.47
15090	79.8	4.31974162293097	3.51	183.51	-1.47
15107	79.8	8.03391199031086	7.63	183.51	-1.47
15124	79.8	10.7387969317723	10.58	183.51	-1.47
15139	79.8	13.9685102947113	13.24	183.51	-1.47
15157	79.8	17.4000807428341	17.28	183.51	-1.72
15172	79.8	20.0645942672588	19.82	183.51	-1.72
15185	79.8	22.9309648768672	22.04	201.86	-1.72
15200	79.8	25.4339927331449	24.83	183.51	-1.72
15215	79.8	28.7040775131207	27.49	183.51	-1.72
15228	79.8	30.964876867178	30.56	183.51	-1.72
15243	79.8	33.4275333064191	32.5	183.51	-1.72
15260	79.8	36.5765038352846	36.42	183.51	-1.68
15275	79.8	39.442874444893	38.55	183.51	-1.68
15288	79.8	42.3092450545014	42.11	201.86	-1.68
15303	79.8	44.691158659669	43.8	183.51	-1.68
15318	79.8	47.5575292692774	47.32	183.51	-1.68
15333	79.8	50.3027856277755	49.41	183.51	-1.68
15346	79.8	53.0480419862737	52.12	201.86	-1.68
15360	79.8	55.7932983447719	55.55	201.86	-1.95
15373	79.8	58.094469115866	57.81	201.86	-1.95
15386	79.8	60.557125555107	59.59	183.51	-1.95
15399	79.8	62.9794105773113	62.01	183.51	-1.95
15416	79.8	65.8861526039564	65.12	183.51	-1.95
15429	79.8	68.5506661283811	67.66	183.51	-1.95
15442	79.8	70.9325797335486	70.37	183.51	-1.95
15458	79.8	73.4759790068631	73.31	183.51	-2.07
15471	79.8	75.1312071053694	75.45	155.28	-2.07
15484	79.8	76.6653209527654	77.63	84.1	-2.07
15497	79.8	77.8360920468308	78.48	18.34	-2.07
15512	79.8	78.7242632216391	78.56	5.43	-2.07
15527	79.8	79.4509487283004	78.81	43.89	-2.07
15544	79.8	79.7739200645943	79.53	38.82	-2.07
15557	79.8	79.814291481631	79.98	13.18	1.32
15570	79.8	79.7739200645943	79.94	-12.24	1.32
15583	79.8	79.7739200645943	79.77	-9.2	1.32
15596	79.8	79.7739200645943	79.73	-3.91	1.32
15609	79.8	79.7739200645943	79.77	0	1.32
15626	79.8	79.7739200645943	79.77	0	1.32
15639	79.8	79.7739200645943	79.77	0	1.32
15652	79.8	79.7739200645943	79.77	0	1.32
15667	79.8	79.7739200645943	79.77	0	-0.06
15680	-57.2	79.7739200645943	79.77	0	-0.06
15693	-57.2	79.7335486475575	79.77	0	-0.06
15706	-57.2	79.4509487283004	79.69	-14.4	-0.06
15719	-57.2	78.9261203068228	79.45	-59.36	-0.06
15732	-57.2	78.0783205490513	78.52	-74.77	-0.06
15745	-57.2	77.0286637060961	77.23	-106.23	-0.06
15758	-57.2	75.656035526847	76.14	-118.72	-0.06
15771	-57.2	74.0411788453775	74.08	-134.58	2.87
15784	-57.2	72.1033508276141	72.71	-155.28	2.87
15797	-57.2	69.9636657246669	70.45	-183.51	2.87
15810	-57.2	67.5413807024627	67.82	-183.51	2.87
15825	-57.2	65.0787242632216	65.97	-183.51	2.87
15838	-57.2	62.2123536536132	62.9	-201.86	2.87
15853	-57.2	59.7496972143722	60.23	-183.51	2.87
15869	-57.2	56.8833266047638	58.09	-168.2	1.98
15882	-57.2	54.0573274121922	54.86	-183.51	1.98
15897	-57.2	51.5542995559144	52.16	-183.51	1.98
15910	-57.2	48.7686717803795	50.02	-183.51	1.98
15923	-57.2	46.3060153411385	47.36	-168.2	1.98
15940	-57.2	43.4396447315301	44.61	-183.51	1.98
15955	-57.2	40.7347597900686	42.03	-168.2	1.98
15968	-57.2	37.908760597497	39.89	-183.51	2.02
15981	-57.2	35.4864755752927	36.5	-183.51	2.02
15996	-57.2	33.0238191360517	34.6	-168.2	2.02
16009	-57.2	30.1170771094065	31.53	-183.51	2.02
16023	-57.2	27.6140492531288	29.31	-183.51	2.02
16036	-57.2	25.0706499798143	26.16	-183.51	2.02
16051	-57.2	22.7694792087202	24.38	-183.51	2.02
16064	-57.2	19.9031085991118	21.76	-183.51	2.02
16082	-57.2	17.3597093257973	18.97	-201.86	2.15
16099	-57.2	14.1299959628583	16.11	-183.51	2.15
16114	-57.2	10.9002825999193	13.16	-183.51	2.15
16130	-57.2	7.99354057327412	9.41	-183.51	2.15
16147	-57.2	5.12716996366572	7.31	-201.86	2.15
16164	-57.2	1.49374243035931	3.43	-183.51	2.15
16180	-57.2	-1.81671376665321	1.01	-183.51	2.13
16195	-57.2	-4.23899878885749	-1.74	-168.2	2.13
16212	-57.2	-7.46871215179653	-5.33	-183.51	2.13
16229	-57.2	-10.2139685102947	-7.75	-183.51	2.13
16244	-57.2	-13.8070246265644	-11.63	-183.51	2.13
16261	-57.2	-16.2293096487687	-13.69	-201.86	2.13
16276	-57.2	-19.8223657650384	-17.48	-183.51	2.13
16289	-57.2	-22.2042793702059	-19.74	-183.51	2.22
16302	-57.2	-24.6669358094469	-21.88	-168.2	2.22
16316	-57.2	-27.2507064997981	-24.95	-183.51	2.22
16333	-57.2	-29.6729915220024	-26.77	-168.2	2.22
16348	-57.2	-32.9027048849415	-30.24	-183.51	2.22
16365	-57.2	-35.7287040775131	-33.23	-183.51	2.22
16382	-57.2	-38.8776746063787	-36.13	-183.51	2.22
16399	-57.2	-42.5918449737586	-39.2	-168.2	2.36
16412	-57.2	-45.3371013322568	-42.55	-168.2	2.36
16425	-57.2	-47.6382721033508	-44.29	-183.51	2.36
16438	-57.2	-49.8587000403714	-47.07	-168.2	2.36
16453	-57.2	-51.9983851433185	-50.1	-168.2	2.36
16468	-57.2	-53.5324989907146	-51.8	-183.51	2.36
16483	-57.2	-55.0262414210739	-54.82	-168.2	2.36
16500	-57.2	-56.0758982640291	-57.04	-168.2	2.49
16516	-57.2	-56.8833266047638	-59.71	0	2.49
16533	-57.2	-57.2466693580945	-58.58	118.72	2.49
16550	-57.2	-57.2062979410577	-56.6	74.77	2.49
16567	-57.2	-57.2062979410577	-55.95	-56.07	2.49
16584	-57.2	-57.2062979410577	-56.96	-51.77	2.49
16597	-57.2	-57.2062979410577	-57.61	-10.79	-0.67
16610	-57.2	-57.2062979410577	-57.57	12.63	-0.67
16623	-57.2	-57.2062979410577	-57.41	17.54	-0.67
16640	-57.2	-57.2062979410577	-57.13	7.62	-0.67
16657	-57.2	-57.2062979410577	-57.09	0	-0.67
16671	-57.2	-57.2062979410577	-57.13	0	-0.67
16684	79.8	-57.2062979410577	-57.13	0	-0.67
16701	79.8	-57.0851836899475	-57.13	0	0.84
16714	79.8	-56.4796124343965	-56.96	41.21	0.84
16727	79.8	-55.6721840936617	-56.24	77.64	0.84
16742	79.8	-54.6225272507065	-54.91	112.14	0.84
16755	79.8	-53.0884134033105	-53.57	126.15	0.84
16770	79.8	-51.4331853048042	-51.59	155.28	0.84
16785	79.8	-49.1723859507469	-49.21	155.28	0.84
16800	79.8	-46.5886152603956	-47.23	183.51	-3.05
16813	79.8	-43.762616067824	-44.13	183.51	-3.05
16826	79.8	-41.4210738796932	-42.23	201.86	-3.05
16839	79.8	-38.9180460234154	-39.52	183.51	-3.05
16852	79.8	-36.4957610012111	-36.82	183.51	-3.05
16865	79.8	-34.0734759790069	-35	183.51	-3.05
16880	79.8	-31.5300767056924	-32.1	183.51	-3.05
16893	79.8	-28.7040775131207	-28.91	183.51	-3.05
16906	79.8	-26.3625353249899	-26.89	201.86	-1.5
16919	79.8	-23.8595074687122	-24.06	183.51	-1.5
16932	79.8	-21.4372224465079	-22.24	201.86	-1.5
16946	79.8	-18.8534517561566	-18.97	201.86	-1.5
16959	79.8	-16.3100524828422	-16.71	183.51	-1.5
16976	79.8	-13.8473960436011	-14.05	183.51	-1.5
16989	79.8	-10.779168348809	-11.38	201.86	-1.5
17003	79.8	-8.23576907549455	-8.68	183.51	-1.48
17016	79.8	-5.65199838514332	-5.77	183.51	-1.48
17029	79.8	-3.22971336293904	-3.96	201.86	-1.48
17042	79.8	-0.767056923698022	-1.09	201.86	-1.48
17055	79.8	1.73597093257973	1.74	201.86	-1.48
17070	79.8	4.15825595478401	4	183.51	-1.48
17083	79.8	6.94388373031894	6.7	183.51	-1.48
17096	79.8	9.32579733548648	9.33	201.86	-1.48
17109	79.8	11.8288251917642	11.59	183.51	-1.45
17122	79.8	14.2107387969318	13.61	201.86	-1.45
17135	79.8	16.7137666532095	16.35	183.51	-1.45
17148	79.8	19.1360516754138	18.97	183.51	-1.45
17161	79.8	21.5987081146548	20.79	183.51	-1.45
17174	79.8	24.0209931368591	23.46	183.51	-1.45
17187	79.8	26.4836495761001	25.31	183.51	-1.45
17200	79.8	28.9059345983044	28.38	201.86	-1.45
17215	79.8	31.3685910375454	30.4	183.51	-1.64
17230	79.8	34.2753330641906	33.71	183.51	-1.64
17245	79.8	37.3839321760194	36.78	183.51	-1.64
17258	79.8	39.8869600322971	38.88	183.51	-1.64
17273	79.8	42.6322163907953	42.03	201.86	-1.64
17286	79.8	45.0141299959629	44.13	183.51	-1.64
17299	79.8	47.5171578522406	46.79	183.51	-1.64
17312	79.8	49.8990714574082	48.85	168.2	-1.84
17325	79.8	52.4020993136859	51.68	201.86	-1.84
17340	79.8	54.7840129188535	53.57	201.86	-1.84
17353	79.8	57.6503835284619	57	183.51	-1.84
17368	79.8	60.1130399677029	58.82	183.51	-1.84
17382	79.8	63.0601534113847	62.33	168.2	-1.84
17395	79.8	65.5228098506258	64.51	183.51	-1.84
17410	79.8	68.3891804602342	66.69	183.51	-2.06
17426	79.8	70.9325797335486	70.21	183.51	-2.06
17441	79.8	73.2337505046427	72.83	168.2	-2.06
17456	79.8	75.2119499394429	76.22	168.2	-2.06
17469	79.8	76.8268066209124	78.24	74.77	-2.06
17484	79.8	78.118691966088	78.81	-0.29	-2.06
17497	79.8	78.9261203068228	78.68	-8.04	-2.06
17510	79.8	79.4913201453371	78.85	30.59	-2.06
17523	79.8	79.7335486475575	79.29	42.05	-2.75
17540	79.8	79.7739200645943	79.85	17.25	-2.75
17553	79.8	79.7739200645943	79.94	0	-2.75
17569	79.8	79.7739200645943	79.85	-7.07	-2.75
17584	79.8	79.7739200645943	79.77	-4.49	-2.75
17599	79.8	79.7739200645943	79.77	0	-2.75
17614	79.8	79.7739200645943	79.77	0	-2.75
17627	79.8	79.7739200645943	79.77	0	0.16
17640	79.8	79.7739200645943	79.77	0	0.16
17655	79.8	79.7739200645943	79.77	0	0.16
17670	79.8	79.7739200645943	79.73	0	0.16
17684	-57.2	79.7739200645943	79.77	0	0.16
17697	-57.2	79.7335486475575	79.77	0	0.16
17714	-57.2	79.3702058942269	79.65	-25.55	0.16
17729	-57.2	78.6838918046023	79.01	-61.17	2.86
17742	-57.2	77.5938635446104	78	-87.75	2.86
17761	-57.2	76.1404925312879	76.26	-118.72	2.86
17774	-57.2	74.0815502624142	74.61	-144.17	2.86
17789	-57.2	72.1840936616875	72.55	-168.2	2.86
17806	-57.2	69.2369802180057	69.76	-168.2	2.86
17820	-57.2	66.3302381913605	67.26	-183.51	2.86
17833	-57.2	63.9079531691562	64.84	-201.86	1.98
17849	-57.2	61.2838110617683	61.77	-183.51	1.98
17862	-57.2	58.4174404521599	59.55	-201.86	1.98
17877	-57.2	55.8740411788454	56.48	-183.51	1.98
17890	-57.2	53.1691562373839	54.26	-201.86	1.98
17903	-57.2	50.7064997981429	51.96	-183.51	1.98
17918	-57.2	48.2034719418652	49.74	-183.51	1.98
17931	-57.2	45.5389584174405	47.32	-201.86	1.96
17946	-57.2	42.9551877270892	44.65	-183.51	1.96
17960	-57.2	40.0484457004441	40.9	-201.86	1.96
17975	-57.2	37.5857892612031	38.6	-201.86	1.96
17992	-57.2	34.2753330641906	36.09	-201.86	1.96
18005	-57.2	31.6915623738393	33.19	-183.51	1.96
18018	-57.2	29.1885345175616	30.44	-183.51	1.96
18034	-57.2	26.2817924909164	28.66	-183.51	2.09
18053	-57.2	23.2539362131611	24.34	-183.51	2.09
18067	-57.2	20.024222850222	21.92	-201.86	2.09
18082	-57.2	17.6019378280178	19.5	-183.51	2.09
18098	-57.2	14.2914816310053	15.46	-201.86	2.09
18111	-57.2	11.7884537747275	13.77	-168.2	2.09
18126	-57.2	9.32579733548648	10.62	-183.51	2.09
18139	-57.2	6.58054097698829	7.91	-183.51	2.14
18152	-57.2	4.19862737182075	6.22	-183.51	2.14
18170	-57.2	1.1707710940654	2.7	-168.2	2.14
18183	-57.2	-1.65522809850626	0.16	-168.2	2.14
18196	-57.2	-4.0371417036738	-2.06	-183.51	2.14
18215	-57.2	-6.82276947920872	-5.21	-201.86	2.14
18228	-57.2	-10.0524828421478	-8.07	-183.51	2.14
18241	-57.2	-12.5151392813888	-10.34	-183.51	2.22
18254	-57.2	-14.9374243035931	-12.56	-168.2	2.22
18267	-57.2	-17.561566410981	-15.54	-183.51	2.22
18281	-57.2	-20.0645942672588	-17.32	-183.51	2.22
18296	-57.2	-22.5272507064998	-20.55	-183.51	2.22
18309	-57.2	-25.3128784820347	-23.09	-168.2	2.22
18322	-57.2	-27.735163504239	-24.87	-183.51	2.22
18342	-57.2	-31.0859911182883	-28.46	-183.51	2.22
18355	-57.2	-33.9119903108599	-31.57	-183.51	2.3
18368	-57.2	-36.4150181671377	-33.75	-183.51	2.3
18383	-57.2	-38.7969317723052	-36.33	-183.51	2.3
18396	-57.2	-41.5825595478401	-38.88	-168.2	2.3
18411	-57.2	-44.1663302381914	-41.18	-201.86	2.3
18428	-57.2	-46.9115865966896	-44.17	-183.51	2.3
18441	-57.2	-49.7779572062979	-46.67	-183.51	2.3
18455	-57.2	-51.7561566410981	-49.86	-201.86	2.49
18468	-57.2	-53.2902704884941	-51.59	-201.86	2.49
18481	-57.2	-54.6225272507065	-54.22	-168.2	2.49
18494	-57.2	-55.6721840936617	-56.88	-183.51	2.49
18509	-57.2	-56.4392410173597	-58.94	-91.76	2.49
18526	-57.2	-57.0044408558741	-59.63	87.75	2.49
18541	-57.2	-57.2466693580945	-58.13	126.15	2.49
18554	-57.2	-57.2062979410577	-56.16	43.89	3.33
18569	-57.2	-57.2062979410577	-56.08	-56.07	3.33
18584	-57.2	-57.2062979410577	-56.76	-59.36	3.33
18601	-57.2	-57.2062979410577	-57.57	-13.53	3.33
18614	-57.2	-57.2062979410577	-57.57	15.28	3.33
18627	-57.2	-57.2062979410577	-57.37	18.34	3.33
18640	-57.2	-57.2062979410577	-57.13	11.47	3.33
18653	-57.2	-57.2062979410577	-57.13	0	0.35
18670	-57.2	-57.2062979410577	-57.17	0	0.35
18683	79.8	-57.2062979410577	-57.21	0	0.35
18696	79.8	-57.165926524021	-57.17	0	0.35
18709	79.8	-56.9236980218006	-57.13	11.95	0.35
18724	79.8	-56.4392410173597	-56.88	48.06	0.35
18739	79.8	-55.5106984255147	-56.08	87.75	0.35
18753	79.8	-54.1784416633024	-54.5	112.14	-2.81
18770	79.8	-52.4828421477594	-52.85	126.15	-2.81
18785	79.8	-50.4238998788857	-51.03	155.28	-2.81
18800	79.8	-48.0419862737182	-48.45	168.2	-2.81
18817	79.8	-44.9333871618894	-45.5	201.86	-2.81
18830	79.8	-42.1477593863545	-42.96	183.51	-2.81
18843	79.8	-39.60436011304	-39.81	201.86	-2.81
18856	79.8	-37.1820750908357	-37.71	183.51	-1.53
18876	79.8	-34.2753330641906	-34.92	183.51	-1.53
18892	79.8	-30.4400484457004	-31.05	183.51	-1.53
18907	79.8	-28.1388776746064	-28.87	183.51	-1.53
18920	79.8	-25.1513928138878	-25.64	183.51	-1.53
18938	79.8	-22.64836495761	-23.5	201.86	-1.53
18953	79.8	-19.418651594671	-20.47	183.51	-1.53
18970	79.8	-16.6330238191361	-17.24	183.51	-1.43
18985	79.8	-13.3225676221235	-14.17	183.51	-1.43
18998	79.8	-10.6176826806621	-11.55	183.51	-1.43
19017	79.8	-7.75131207105369	-8.32	201.86	-1.43
19034	79.8	-4.15825595478401	-5.33	183.51	-1.43
19051	79.8	-0.928542591844974	-2.38	183.51	-1.43
19068	79.8	2.66451352442471	2.1	183.51	-1.42
19082	79.8	5.16754138070246	4.28	201.86	-1.42
19101	79.8	8.03391199031086	7.39	201.86	-1.42
19116	79.8	11.2636253532499	10.42	183.51	-1.42
19131	79.8	14.4125958821155	13.85	201.86	-1.42
19145	79.8	16.95599515543	16.07	201.86	-1.42
19162	79.8	19.7012515139281	19.18	183.51	-1.42
19179	79.8	22.5272507064998	21.92	183.51	-1.6
19192	79.8	25.6762212353654	24.91	183.51	-1.6
19211	79.8	28.502220427937	28.06	183.51	-1.6
19224	79.8	31.6511909568026	30.96	201.86	-1.6
19237	79.8	34.1138473960436	33.31	201.86	-1.6
19250	79.8	36.5361324182479	35.45	183.51	-1.6
19264	79.8	39.0795316915624	38.51	201.86	-1.6
19279	79.8	41.9459023011708	41.34	183.51	-1.71
19292	79.8	44.4085587404118	43.48	183.51	-1.71
19307	79.8	47.2345579329835	46.71	183.51	-1.71
19320	79.8	49.6568429551877	48.81	201.86	-1.71
19337	79.8	52.1598708114655	51.8	183.51	-1.71
19350	79.8	55.3088413403311	54.42	201.86	-1.71
19367	79.8	57.8118691966088	56.48	183.51	-1.71
19382	79.8	60.9608397254744	60.48	183.51	-1.95
19395	79.8	63.7464675010093	62.7	183.51	-1.95
19408	79.8	66.2898667743238	65.85	201.86	-1.95
19421	79.8	68.6314089624546	67.62	183.51	-1.95
19436	79.8	71.1344368187323	70.85	183.51	-1.95
19452	79.8	73.4759790068631	72.95	201.86	-1.95
19469	79.8	75.4541784416633	76.54	144.17	-1.95
19484	79.8	77.190149374243	78.24	43.89	4.79
19499	79.8	78.4012918853452	78.6	0	4.79
19515	79.8	79.2490916431167	78.68	27.29	4.79
19528	79.8	79.6931772305208	79.05	41.21	4.79
19541	79.8	79.7739200645943	79.69	30.59	4.79
19556	79.8	79.7739200645943	79.94	0	4.79
19569	79.8	79.7739200645943	79.9	-7.17	4.79
19582	79.8	79.7739200645943	79.81	-6.69	0.15
19595	79.8	79.7739200645943	79.73	0	0.15
19610	79.8	79.7739200645943	79.77	0	0.15
19627	79.8	79.7739200645943	79.77	0	0.15
19646	79.8	79.7739200645943	79.73	0	0.15
19661	79.8	79.7739200645943	79.73	0	0.15
19678	79.8	79.7739200645943	79.77	0	0.15
19691	-57.2	79.7739200645943	79.77	0	-0.3
19704	-57.2	79.6528058134841	79.73	0	-0.3
19717	-57.2	79.2490916431167	79.65	-34.2	-0.3
19734	-57.2	78.5224061364554	78.89	-80.74	-0.3
19747	-57.2	77.2708922083165	77.84	-106.23	-0.3
19764	-57.2	75.9386354461042	76.06	-134.58	-0.3
19777	-57.2	73.8796931772305	74.28	-144.17	-0.3
19794	-57.2	71.9014937424304	71.98	-168.2	2.75
19811	-57.2	68.6717803794913	68.95	-201.86	2.75
19826	-57.2	65.8054097698829	66.86	-168.2	2.75
19839	-57.2	62.9794105773113	63.67	-183.51	2.75
19852	-57.2	60.5974969721437	61.04	-183.51	2.75
19865	-57.2	58.1752119499395	59.27	-183.51	2.75
