0	0	0	0.04	0	-354
10	5	5	0.06	19.63	10753
20	5	5	0.55	81.77	8520
30	5	5	1.37	89.22	2594
40	5	5	2.26	89.22	23
50	5	5	3.08	75.49	-2517
60	5	5	3.71	49.07	-2987
70	5	5	4.14	35.05	-2155
80	5	5	4.44	23.36	-1520
90	5	5	4.63	16.63	-910
100	5	5	4.77	10.55	-530
110	5	5	4.85	6.37	-327
120	5	5	4.91	4.98	-202
130	5	5	4.95	3.23	-177
140	5	5	4.97	2.64	-76
150	5	5	4.97	1.37	266
160	5	5	4.99	1.05	-130
170	5	5	4.99	1.05	192
180	5	5	5	-0.14	55
190	5	5	5	0	124
200	5	5	4.99	0	160
210	5	5	4.99	0	187
220	5	5	4.99	0	212
230	5	5	4.99	0	210
240	5	5	4.99	0	212
250	5	5	4.99	0	293
260	5	5	4.99	0	285
270	5	5	4.99	0	237
280	5	5	4.99	0	210
290	5	5	4.99	0	238
300	5	5	4.99	0	215
310	5	5	4.99	0	145
320	5	5	5	0	-30
330	5	5	5	0	-26
340	5	5	5	0	35
350	5	5	4.99	0	135
360	5	5	4.99	0	264
370	5	5	4.99	0	300
380	5	5	4.99	0	305
390	5	5	4.99	0	309
400	5	5	4.99	0	314
410	5	5	4.99	0	302
420	5	5	4.99	0	274
430	5	5	4.99	0	226
440	5	5	4.99	0	149
450	5	5	5	-0.14	32
460	5	5	5	0	-40
470	5	5	5	0	1
480	5	5	5	0	77
490	5	5	4.99	0.14	198
500	-4.99	-4.99	4.97	-18.17	-10843
510	-4.99	-4.99	4.47	-70.09	-9705
520	-4.99	-4.99	3.63	-81.77	-3250
530	-4.99	-4.99	2.73	-89.22	-1704
540	-4.99	-4.99	1.83	-98.14	-1420
550	-4.99	-4.99	0.9	-98.14	-1286
560	-4.99	-4.99	-0.02	-89.22	-1268
570	-4.99	-4.99	-0.94	-89.22	-1205
580	-4.99	-4.99	-1.84	-89.22	-797
590	-4.99	-4.99	-2.71	-75.49	1514
600	-4.99	-4.99	-3.43	-61.33	2955
610	-4.99	-4.99	-3.95	-44.61	2631
620	-4.99	-4.99	-4.32	-28.86	1970
630	-4.99	-4.99	-4.55	-20.44	1209
640	-4.99	-4.99	-4.71	-12.58	663
650	-4.99	-4.99	-4.81	-6.86	258
660	-4.99	-4.99	-4.87	-5.54	136
670	-4.99	-4.99	-4.91	-3.97	38
680	-4.99	-4.99	-4.93	-2.95	-238
690	-4.99	-4.99	-4.95	-1.71	-12
700	-4.99	-4.99	-4.95	-1.29	-387
710	-4.99	-4.99	-4.97	-1.26	-131
720	-4.99	-4.99	-4.97	-1	-259
730	-4.99	-4.99	-4.97	-0.66	-300
740	-4.99	-4.99	-4.97	0	-302
750	-4.99	-4.99	-4.97	0	-301
760	-4.99	-4.99	-4.97	0	-285
770	-4.99	-4.99	-4.97	0	-276
780	-4.99	-4.99	-4.97	0	-273
790	-4.99	-4.99	-4.99	-0.24	3
800	-4.99	-4.99	-4.99	-0.24	-136
810	-4.99	-4.99	-4.99	-0.24	-169
820	-4.99	-4.99	-4.99	-0.24	-171
830	-4.99	-4.99	-4.99	-0.24	-171
840	-4.99	-4.99	-4.99	-0.24	-171
850	-4.99	-4.99	-4.99	-0.24	-170
860	-4.99	-4.99	-4.99	-0.24	-171
870	-4.99	-4.99	-4.99	-0.24	-171
880	-4.99	-4.99	-4.99	-0.2	-171
890	-4.99	-4.99	-4.99	-0.19	-171
900	-4.99	-4.99	-4.99	-0.17	-173
910	-4.99	-4.99	-4.99	-0.16	-172
920	-4.99	-4.99	-4.99	-0.14	-171
930	-4.99	-4.99	-4.99	-0.14	-171
940	-4.99	-4.99	-4.99	-0.13	-171
950	-4.99	-4.99	-4.99	-0.13	-171
960	-4.99	-4.99	-4.99	0	-171
970	-4.99	-4.99	-4.99	0	-171
980	-4.99	-4.99	-4.99	0	-172
990	-4.99	-4.99	-4.99	0	-171
1000	5	5	-4.95	22.3	10675
1010	5	5	-4.44	75.49	8491
1020	5	5	-3.59	89.22	2565
1030	5	5	-2.69	98.14	1211
1040	5	5	-1.79	98.14	1037
1050	5	5	-0.86	81.77	982
1060	5	5	0.06	89.22	951
1070	5	5	0.98	98.14	927
1080	5	5	1.88	89.22	417
1090	5	5	2.75	75.49	-1861
1100	5	5	3.47	57.72	-2915
1110	5	5	3.98	49.07	-2549
1120	5	5	4.36	28.86	-1858
1130	5	5	4.57	18.87	-1145
1140	5	5	4.73	12.12	-841
1150	5	5	4.83	8.6	-373
1160	5	5	4.91	5.67	-352
1170	5	5	4.95	3.77	-187
1180	5	5	4.97	3.3	33
1190	5	5	4.99	1.6	-186
1200	5	5	4.99	1.48	249
1210	5	5	5	1.43	184
1220	5	5	5	1	139
1230	5	5	5	0	57
1240	5	5	5	0	150
1250	5	5	5	0	169
1260	5	5	5	0	171
1270	5	5	5	0	169
1280	5	5	5	0	170
1290	5	5	5	0	170
1300	5	5	5	0	170
1310	5	5	5	0	171
1320	5	5	5	0	170
1330	5	5	5	0	170
1340	5	5	5	0	170
1350	5	5	5	0	171
1360	5	5	5	0	170
1370	5	5	5	0	170
1380	5	5	5	0	170
1390	5	5	5	0	170
1400	5	5	5	0	170
1410	5	5	5	0	170
1420	5	5	5	0	170
1430	5	5	5	0	170
1440	5	5	5	0	169
1450	5	5	5	0	171
1460	5	5	5	0	170
1470	5	5	5	0	170
1480	5	5	5	0	170
1490	5	5	5	0	170
1500	-4.99	-4.99	4.97	-18.87	-10572
1510	-4.99	-4.99	4.47	-70.09	-9679
1520	-4.99	-4.99	3.63	-89.22	-3214
1530	-4.99	-4.99	2.73	-89.22	-1670
1540	-4.99	-4.99	1.83	-98.14	-1389
1550	-4.99	-4.99	0.9	-81.77	-1278
1560	-4.99	-4.99	-0.02	-98.14	-1272
1570	-4.99	-4.99	-0.94	-89.22	-1221
1580	-4.99	-4.99	-1.84	-81.77	-826
1590	-4.99	-4.99	-2.71	-81.77	1561
1600	-4.99	-4.99	-3.43	-57.72	3031
1610	-4.99	-4.99	-3.96	-44.61	2758
1620	-4.99	-4.99	-4.32	-28.86	1901
1630	-4.99	-4.99	-4.55	-20.44	1321
1640	-4.99	-4.99	-4.71	-13.44	686
1650	-4.99	-4.99	-4.81	-8.68	354
1660	-4.99	-4.99	-4.87	-5.48	129
1670	-4.99	-4.99	-4.91	-3.97	33
1680	-4.99	-4.99	-4.93	-2.75	-242
1690	-4.99	-4.99	-4.95	-1.77	-56
1700	-4.99	-4.99	-4.95	-1.24	-367
1710	-4.99	-4.99	-4.97	-1.24	-134
1720	-4.99	-4.99	-4.97	-0.97	-264
1730	-4.99	-4.99	-4.97	-0.64	-299
1740	-4.99	-4.99	-4.97	0	-301
1750	-4.99	-4.99	-4.97	0	-286
1760	-4.99	-4.99	-4.97	0	-291
1770	-4.99	-4.99	-4.97	0	-276
1780	-4.99	-4.99	-4.99	-0.25	121
1790	-4.99	-4.99	-4.99	-0.25	-68
1800	-4.99	-4.99	-4.99	-0.25	-163
1810	-4.99	-4.99	-4.99	-0.25	-171
1820	-4.99	-4.99	-4.99	-0.25	-171
1830	-4.99	-4.99	-4.99	-0.25	-171
1840	-4.99	-4.99	-4.99	-0.25	-171
1850	-4.99	-4.99	-4.99	-0.25	-172
1860	-4.99	-4.99	-4.99	-0.24	-171
1870	-4.99	-4.99	-4.99	-0.2	-171
1880	-4.99	-4.99	-4.99	-0.19	-171
1890	-4.99	-4.99	-4.99	-0.17	-172
1900	-4.99	-4.99	-4.99	-0.16	-171
1910	-4.99	-4.99	-4.99	-0.14	-171
1920	-4.99	-4.99	-4.99	-0.14	-173
1930	-4.99	-4.99	-4.99	-0.13	-171
1940	-4.99	-4.99	-4.99	0	-171
1950	-4.99	-4.99	-4.99	0	-171
1960	-4.99	-4.99	-4.99	0	-172
1970	-4.99	-4.99	-4.99	0	-171
1980	-4.99	-4.99	-4.99	0	-171
1990	-4.99	-4.99	-4.99	0	-171
2000	5	5	-4.95	22.3	10543
2010	5	5	-4.44	75.49	8856
2020	5	5	-3.59	89.22	2636
2030	5	5	-2.69	89.22	1235
2040	5	5	-1.79	98.14	1018
2050	5	5	-0.86	81.77	950
2060	5	5	0.02	98.14	944
2070	5	5	0.94	89.22	925
2080	5	5	1.88	89.22	519
2090	5	5	2.73	89.22	-1784
2100	5	5	3.45	70.09	-3045
2110	5	5	3.98	42.66	-2545
2120	5	5	4.34	30.67	-1885
2130	5	5	4.57	18.87	-1232
2140	5	5	4.73	12.26	-701
2150	5	5	4.83	8.6	-455
2160	5	5	4.91	5.64	-325
2170	5	5	4.95	3.77	-155
2180	5	5	4.97	3.28	-21
2190	5	5	4.99	1.63	-197
2200	5	5	4.99	1.51	243
2210	5	5	5	1.44	183
2220	5	5	5	1	137
2230	5	5	5	0	67
2240	5	5	5	0	143
2250	5	5	5	0	169
2260	5	5	5	0	170
2270	5	5	5	0	170
2280	5	5	5	0	170
2290	5	5	5	0	170
2300	5	5	5	0	171
2310	5	5	5	0	170
2320	5	5	5	0	171
2330	5	5	5	0	171
2340	5	5	5	0	170
2350	5	5	5	0	170
2360	5	5	5	0	170
2370	5	5	5	0	170
2380	5	5	5	0	170
2390	5	5	5	0	170
2400	5	5	5	0	170
2410	5	5	5	0	170
2420	5	5	5	0	170
2430	5	5	5	0	170
2440	5	5	5	0	170
2450	5	5	5	0	170
2460	5	5	5	0	170
2470	5	5	5	0	170
2480	5	5	5	0	170
2490	5	5	5	0	170
2500	-4.99	-4.99	4.97	-18.51	-10584
2510	-4.99	-4.99	4.47	-75.49	-9757
2520	-4.99	-4.99	3.63	-89.22	-3255
2530	-4.99	-4.99	2.73	-89.22	-1668
2540	-4.99	-4.99	1.83	-98.14	-1402
2550	-4.99	-4.99	0.9	-81.77	-1303
2560	-4.99	-4.99	-0.02	-89.22	-1241
2570	-4.99	-4.99	-0.94	-89.22	-1221
2580	-4.99	-4.99	-1.84	-89.22	-797
2590	-4.99	-4.99	-2.71	-81.77	1558
2600	-4.99	-4.99	-3.43	-57.72	2955
2610	-4.99	-4.99	-3.95	-44.61	2588
2620	-4.99	-4.99	-4.32	-28.86	1890
2630	-4.99	-4.99	-4.55	-20.04	1214
2640	-4.99	-4.99	-4.71	-12.58	703
2650	-4.99	-4.99	-4.81	-8.76	417
2660	-4.99	-4.99	-4.87	-5.45	152
2670	-4.99	-4.99	-4.91	-3.97	63
2680	-4.99	-4.99	-4.93	-2.72	-275
2690	-4.99	-4.99	-4.95	-1.7	-7
2700	-4.99	-4.99	-4.95	-1.29	-397
2710	-4.99	-4.99	-4.97	-1.24	-141
2720	-4.99	-4.99	-4.97	-1.04	-256
2730	-4.99	-4.99	-4.97	-0.68	-300
2740	-4.99	-4.99	-4.97	0	-302
2750	-4.99	-4.99	-4.97	0	-303
2760	-4.99	-4.99	-4.97	0	-302
2770	-4.99	-4.99	-4.97	0	-302
2780	-4.99	-4.99	-4.97	0	-303
2790	-4.99	-4.99	-4.97	0	-302
2800	-4.99	-4.99	-4.97	0	-302
2810	-4.99	-4.99	-4.97	0	-303
2820	-4.99	-4.99	-4.97	0	-304
2830	-4.99	-4.99	-4.97	0	-303
2840	-4.99	-4.99	-4.97	0	-303
2850	-4.99	-4.99	-4.97	0	-303
2860	-4.99	-4.99	-4.97	0	-304
2870	-4.99	-4.99	-4.97	0	-303
2880	-4.99	-4.99	-4.97	0	-303
2890	-4.99	-4.99	-4.97	0	-304
2900	-4.99	-4.99	-4.97	0	-304
2910	-4.99	-4.99	-4.97	0	-304
2920	-4.99	-4.99	-4.97	0	-304
2930	-4.99	-4.99	-4.97	0	-304
2940	-4.99	-4.99	-4.97	0	-304
2950	-4.99	-4.99	-4.97	0	-296
2960	-4.99	-4.99	-4.97	0	-284
2970	-4.99	-4.99	-4.97	0	-272
2980	-4.99	-4.99	-4.99	-0.08	246
2990	-4.99	-4.99	-4.99	-0.08	-66
3000	5	5	-4.95	21.81	10716
3010	5	5	-4.44	70.09	8459
3020	5	5	-3.59	89.22	2560
3030	5	5	-2.69	98.14	1213
3040	5	5	-1.79	98.14	1027
3050	5	5	-0.86	89.22	981
3060	5	5	0.06	98.14	982
3070	5	5	0.98	98.14	896
3080	5	5	1.88	89.22	428
3090	5	5	2.77	75.49	-1909
3100	5	5	3.47	61.33	-3012
3110	5	5	3.98	46.73	-2530
3120	5	5	4.34	29.74	-1812
3130	5	5	4.57	18.87	-1235
3140	5	5	4.73	12.12	-737
3150	5	5	4.83	8.53	-379
3160	5	5	4.91	5.57	-293
3170	5	5	4.95	3.72	-156
3180	5	5	4.97	3.2	-3
3190	5	5	4.99	1.6	-198
3200	5	5	4.99	1.52	244
3210	5	5	5	1.41	182
3220	5	5	5	1.04	140
3230	5	5	5	0	64
3240	5	5	5	0	94
3250	5	5	5	0	128
3260	5	5	5	0	168
3270	5	5	5	0	170
3280	5	5	5	0	171
3290	5	5	5	0	170
3300	5	5	5	0	170
3310	5	5	5	0	170
3320	5	5	5	0	171
3330	5	5	5	0	170
3340	5	5	5	0	170
3350	5	5	5	0	172
3360	5	5	5	0	170
3370	5	5	5	0	170
3380	5	5	5	0	171
3390	5	5	5	0	170
3400	5	5	5	0	170
3410	5	5	5	0	170
3420	5	5	5	0	170
3430	5	5	5	0	170
3440	5	5	5	0	170
3450	5	5	5	0	170
3460	5	5	5	0	171
3470	5	5	5	0	170
3480	5	5	5	0	170
3490	5	5	5	0	170
3500	-4.99	-4.99	4.97	-18.51	-10988
3510	-4.99	-4.99	4.47	-75.49	-9267
3520	-4.99	-4.99	3.63	-89.22	-3088
3530	-4.99	-4.99	2.73	-89.22	-1640
3540	-4.99	-4.99	1.83	-98.14	-1381
3550	-4.99	-4.99	0.9	-81.77	-1287
3560	-4.99	-4.99	-0.02	-98.14	-1235
3570	-4.99	-4.99	-0.94	-89.22	-1222
3580	-4.99	-4.99	-1.84	-89.22	-691
3590	-4.99	-4.99	-2.71	-81.77	1666
3600	-4.99	-4.99	-3.43	-61.33	2959
3610	-4.99	-4.99	-3.96	-44.61	2606
3620	-4.99	-4.99	-4.32	-28.86	1975
3630	-4.99	-4.99	-4.55	-20.44	1198
3640	-4.99	-4.99	-4.71	-12.75	642
3650	-4.99	-4.99	-4.81	-8.6	304
3660	-4.99	-4.99	-4.87	-5.48	93
3670	-4.99	-4.99	-4.91	-4	21
3680	-4.99	-4.99	-4.93	-2.79	-264
3690	-4.99	-4.99	-4.95	-1.76	-90
3700	-4.99	-4.99	-4.95	-1.27	-149
3710	-4.99	-4.99	-4.97	-1.27	-146
3720	-4.99	-4.99	-4.97	-0.96	-268
3730	-4.99	-4.99	-4.97	-0.64	-300
3740	-4.99	-4.99	-4.97	0	-301
3750	-4.99	-4.99	-4.97	0	-302
3760	-4.99	-4.99	-4.97	0	-301
3770	-4.99	-4.99	-4.97	0	-302
3780	-4.99	-4.99	-4.97	0	-302
3790	-4.99	-4.99	-4.97	0	-302
3800	-4.99	-4.99	-4.97	0	-302
3810	-4.99	-4.99	-4.97	0	-302
3820	-4.99	-4.99	-4.97	0	-303
3830	-4.99	-4.99	-4.97	0	-303
3840	-4.99	-4.99	-4.97	0	-303
3850	-4.99	-4.99	-4.97	0	-304
3860	-4.99	-4.99	-4.97	0	-287
3870	-4.99	-4.99	-4.97	0	-286
3880	-4.99	-4.99	-4.97	0	-271
3890	-4.99	-4.99	-4.99	-0.11	227
3900	-4.99	-4.99	-4.99	-0.11	-81
3910	-4.99	-4.99	-4.99	-0.11	-167
3920	-4.99	-4.99	-4.99	-0.11	-173
3930	-4.99	-4.99	-4.99	-0.11	-173
3940	-4.99	-4.99	-4.99	-0.11	-174
3950	-4.99	-4.99	-4.99	-0.11	-173
3960	-4.99	-4.99	-4.99	-0.11	-173
3970	-4.99	-4.99	-4.99	-0.11	-173
3980	-4.99	-4.99	-4.99	-0.11	-173
3990	-4.99	-4.99	-4.99	-0.11	-173
4000	5	5	-4.95	22.81	10630
4010	5	5	-4.44	70.09	8390
4020	5	5	-3.59	89.22	2533
4030	5	5	-2.69	81.77	1186
4040	5	5	-1.77	98.14	1008
4050	5	5	-0.86	89.22	977
4060	5	5	0.06	98.14	942
4070	5	5	0.98	89.22	906
4080	5	5	1.9	89.22	415
4090	5	5	2.77	75.49	-1874
4100	5	5	3.47	57.72	-3027
4110	5	5	4	44.61	-2619
4120	5	5	4.36	29.74	-1802
4130	5	5	4.57	18.87	-1134
4140	5	5	4.73	12.12	-707
4150	5	5	4.83	8.53	-402
4160	5	5	4.91	5.48	-288
4170	5	5	4.95	3.72	-149
4180	5	5	4.97	3.22	-42
4190	5	5	4.99	1.55	-173
4200	5	5	4.99	1.55	211
4210	5	5	5	1.4	155
4220	5	5	5	1.07	136
4230	5	5	5	0	78
4240	5	5	5	0	115
4250	5	5	5	0	166
4260	5	5	5	0	168
4270	5	5	5	0	169
4280	5	5	5	0	168
4290	5	5	5	0	168
4300	5	5	5	0	168
4310	5	5	5	0	169
4320	5	5	5	0	169
4330	5	5	5	0	169
4340	5	5	5	0	168
4350	5	5	5	0	168
4360	5	5	5	0	169
4370	5	5	5	0	168
4380	5	5	5	0	168
4390	5	5	5	0	168
4400	5	5	5	0	168
4410	5	5	5	0	168
4420	5	5	5	0	170
4430	5	5	5	0	168
4440	5	5	5	0	169
4450	5	5	5	0	168
4460	5	5	5	0	168
4470	5	5	5	0	168
4480	5	5	5	0	168
4490	5	5	5	0	168
4500	-4.99	-4.99	4.97	-18.51	-10963
4510	-4.99	-4.99	4.44	-75.49	-9315
4520	-4.99	-4.99	3.63	-98.14	-3120
4530	-4.99	-4.99	2.73	-89.22	-1644
4540	-4.99	-4.99	1.83	-109.03	-1373
4550	-4.99	-4.99	0.9	-81.77	-1322
4560	-4.99	-4.99	-0.02	-98.14	-1227
4570	-4.99	-4.99	-0.94	-89.22	-1189
4580	-4.99	-4.99	-1.84	-89.22	-689
4590	-4.99	-4.99	-2.71	-89.22	1642
4600	-4.99	-4.99	-3.43	-61.33	2927
4610	-4.99	-4.99	-3.95	-44.61	2573
4620	-4.99	-4.99	-4.32	-28.86	1976
4630	-4.99	-4.99	-4.55	-20.44	1295
4640	-4.99	-4.99	-4.71	-12.75	616
4650	-4.99	-4.99	-4.81	-8.76	278
4660	-4.99	-4.99	-4.87	-5.61	47
4670	-4.99	-4.99	-4.91	-3.97	-35
4680	-4.99	-4.99	-4.93	-2.59	-291
4690	-4.99	-4.99	-4.95	-1.79	-115
4700	-4.99	-4.99	-4.97	-1.27	115
4710	-4.99	-4.99	-4.97	-1.27	-162
4720	-4.99	-4.99	-4.97	-0.93	-279
4730	-4.99	-4.99	-4.97	0	-303
4740	-4.99	-4.99	-4.97	0	-303
4750	-4.99	-4.99	-4.97	0	-304
4760	-4.99	-4.99	-4.97	0	-303
4770	-4.99	-4.99	-4.97	0	-304
4780	-4.99	-4.99	-4.97	0	-304
4790	-4.99	-4.99	-4.97	0	-304
4800	-4.99	-4.99	-4.97	0	-304
4810	-4.99	-4.99	-4.97	0	-304
4820	-4.99	-4.99	-4.97	0	-287
4830	-4.99	-4.99	-4.97	0	-288
4840	-4.99	-4.99	-4.97	0	-279
4850	-4.99	-4.99	-4.99	-0.14	20
4860	-4.99	-4.99	-4.99	-0.14	-119
4870	-4.99	-4.99	-4.99	-0.14	-172
4880	-4.99	-4.99	-4.99	-0.14	-173
4890	-4.99	-4.99	-4.99	-0.14	-174
4900	-4.99	-4.99	-4.99	-0.14	-174
4910	-4.99	-4.99	-4.99	-0.14	-175
4920	-4.99	-4.99	-4.99	-0.14	-175
4930	-4.99	-4.99	-4.99	-0.14	-174
4940	-4.99	-4.99	-4.99	-0.14	-174
4950	-4.99	-4.99	-4.99	-0.14	-173
4960	-4.99	-4.99	-4.99	-0.14	-174
4970	-4.99	-4.99	-4.99	-0.14	-173
4980	-4.99	-4.99	-4.99	-0.14	-174
4990	-4.99	-4.99	-4.99	-0.14	-175
5000	5	5	-4.95	22.3	10647
5010	5	5	-4.44	75.49	8395
5020	5	5	-3.59	89.22	2512
5030	5	5	-2.69	89.22	1208
5040	5	5	-1.77	98.14	1018
5050	5	5	-0.86	89.22	957
5060	5	5	0.06	98.14	949
5070	5	5	0.98	89.22	899
5080	5	5	1.88	89.22	447
5090	5	5	2.77	75.49	-1893
5100	5	5	3.47	57.72	-2935
5110	5	5	4	46.73	-2556
5120	5	5	4.34	28.86	-1754
5130	5	5	4.57	18.87	-1149
5140	5	5	4.73	12.26	-719
5150	5	5	4.83	8.53	-406
5160	5	5	4.91	5.57	-300
5170	5	5	4.95	3.69	-148
5180	5	5	4.97	3.17	-14
5190	5	5	4.99	1.52	-171
5200	5	5	4.99	1.52	210
5210	5	5	5	1.4	156
5220	5	5	5	1.13	135
5230	5	5	5	0.71	66
5240	5	5	5	0	124
5250	5	5	5	0	126
5260	5	5	5	0	130
5270	5	5	5	0	166
5280	5	5	5	0	168
5290	5	5	5	0	168
5300	5	5	5	0	168
5310	5	5	5	0	169
5320	5	5	5	0	168
5330	5	5	5	0	167
5340	5	5	5	0	168
5350	5	5	5	0	168
5360	5	5	5	0	168
5370	5	5	5	0	168
5380	5	5	5	0	168
5390	5	5	5	0	169
5400	5	5	5	0	169
5410	5	5	5	0	168
5420	5	5	5	0	168
5430	5	5	5	0	168
5440	5	5	5	0	169
5450	5	5	5	0	169
5460	5	5	5	0	168
5470	5	5	5	0	169
5480	5	5	5	0	168
5490	5	5	5	0	169
5500	5	5	5	0	168
5510	-4.99	-4.99	4.97	-18.51	-10952
5520	-4.99	-4.99	4.47	-75.49	-9285
5530	-4.99	-4.99	3.63	-89.22	-3119
5540	-4.99	-4.99	2.73	-89.22	-1641
5550	-4.99	-4.99	1.83	-109.03	-1339
5560	-4.99	-4.99	0.9	-89.22	-1303
5570	-4.99	-4.99	-0.02	-98.14	-1229
5580	-4.99	-4.99	-0.94	-98.14	-1201
5590	-4.99	-4.99	-1.84	-89.22	-685
5600	-4.99	-4.99	-2.71	-81.77	1670
5610	-4.99	-4.99	-3.43	-61.33	2977
5620	-4.99	-4.99	-3.96	-44.61	2615
5630	-4.99	-4.99	-4.32	-28.86	1867
5640	-4.99	-4.99	-4.55	-20.44	1204
5650	-4.99	-4.99	-4.71	-12.75	634
5660	-4.99	-4.99	-4.81	-8.76	307
5670	-4.99	-4.99	-4.87	-5.48	93
5680	-4.99	-4.99	-4.91	-3.99	19
5690	-4.99	-4.99	-4.93	-2.83	-272
5700	-4.99	-4.99	-4.95	-1.68	-34
5710	-4.99	-4.99	-4.95	-1.29	-401
5720	-4.99	-4.99	-4.97	-1.19	-143
5730	-4.99	-4.99	-4.97	-1.04	-243
5740	-4.99	-4.99	-4.97	-0.68	-299
5750	-4.99	-4.99	-4.97	0	-302
5760	-4.99	-4.99	-4.97	0	-302
5770	-4.99	-4.99	-4.97	0	-302
5780	-4.99	-4.99	-4.97	0	-302
5790	-4.99	-4.99	-4.97	0	-302
5800	-4.99	-4.99	-4.97	0	-302
5810	-4.99	-4.99	-4.97	0	-302
5820	-4.99	-4.99	-4.97	0	-303
5830	-4.99	-4.99	-4.97	0	-303
5840	-4.99	-4.99	-4.97	0	-303
5850	-4.99	-4.99	-4.97	0	-303
5860	-4.99	-4.99	-4.97	0	-303
5870	-4.99	-4.99	-4.97	0	-303
5880	-4.99	-4.99	-4.97	0	-303
5890	-4.99	-4.99	-4.97	0	-303
5900	-4.99	-4.99	-4.97	0	-304
5910	-4.99	-4.99	-4.97	0	-304
5920	-4.99	-4.99	-4.97	0	-304
5930	-4.99	-4.99	-4.97	0	-304
5940	-4.99	-4.99	-4.97	0	-303
5950	-4.99	-4.99	-4.97	0	-304
5960	-4.99	-4.99	-4.97	0	-304
5970	-4.99	-4.99	-4.97	0	-305
5980	-4.99	-4.99	-4.97	0	-305
5990	-4.99	-4.99	-4.97	0	-305
6000	5	5	-4.93	20.04	10864
6010	5	5	-4.42	75.49	8496
6020	5	5	-3.57	89.22	2535
6030	5	5	-2.67	89.22	1182
6040	5	5	-1.75	89.22	1002
6050	5	5	-0.84	98.14	1004
6060	5	5	0.08	89.22	927
6070	5	5	1	98.14	900
6080	5	5	1.92	89.22	382
6090	5	5	2.79	89.22	-1933
6100	5	5	3.49	65.43	-3049
6110	5	5	4	36.35	-2545
6120	5	5	4.36	28.86	-1717
6130	5	5	4.59	18.87	-1092
6140	5	5	4.73	12.26	-840
6150	5	5	4.83	8.46	-470
6160	5	5	4.91	5.48	-266
6170	5	5	4.95	3.66	-187
6180	5	5	4.97	3.08	-9
6190	5	5	4.99	1.51	-170
6200	5	5	4.99	1.51	203
6210	5	5	5	1.33	129
6220	5	5	5	1.15	135
6230	5	5	5	-0.14	236
6240	5	5	5	0	157
6250	5	5	5	0	79
6260	5	5	5	0	153
6270	5	5	5	0	165
6280	5	5	5	0	165
6290	5	5	5	0	165
6300	5	5	5	0	166
6310	5	5	5	0	166
6320	5	5	5	0	164
6330	5	5	5	0	165
6340	5	5	5	0	165
6350	5	5	5	0	165
6360	5	5	5	0	166
6370	5	5	5	0	165
6380	5	5	5	0	164
6390	5	5	5	0	165
6400	5	5	5	0	164
6410	5	5	5	0	166
6420	5	5	5	0	165
6430	5	5	5	0	165
6440	5	5	5	0	164
6450	5	5	5	0	164
6460	5	5	5	0	165
6470	5	5	5	0	165
6480	5	5	5	0	165
6490	5	5	5	0	165
6500	-4.99	-4.99	4.97	-18.17	-10936
6510	-4.99	-4.99	4.47	-70.09	-9336
6520	-4.99	-4.99	3.63	-89.22	-3174
6530	-4.99	-4.99	2.73	-89.22	-1649
6540	-4.99	-4.99	1.83	-98.14	-1426
6550	-4.99	-4.99	0.9	-81.77	-1292
6560	-4.99	-4.99	-0.02	-98.14	-1196
6570	-4.99	-4.99	-0.94	-98.14	-1205
6580	-4.99	-4.99	-1.84	-89.22	-875
6590	-4.99	-4.99	-2.71	-75.49	1582
6600	-4.99	-4.99	-3.43	-61.33	2994
6610	-4.99	-4.99	-3.96	-44.61	2784
6620	-4.99	-4.99	-4.32	-28.86	1949
6630	-4.99	-4.99	-4.55	-20.04	1267
6640	-4.99	-4.99	-4.71	-12.58	625
6650	-4.99	-4.99	-4.81	-8.76	360
6660	-4.99	-4.99	-4.87	-5.51	125
6670	-4.99	-4.99	-4.91	-4	22
6680	-4.99	-4.99	-4.93	-2.81	-274
6690	-4.99	-4.99	-4.95	-1.71	-36
6700	-4.99	-4.99	-4.95	-1.27	-406
6710	-4.99	-4.99	-4.97	-1.19	-136
6720	-4.99	-4.99	-4.97	-1.04	-252
6730	-4.99	-4.99	-4.97	-0.68	-299
6740	-4.99	-4.99	-4.97	0	-301
6750	-4.99	-4.99	-4.97	0	-302
6760	-4.99	-4.99	-4.97	0	-302
6770	-4.99	-4.99	-4.97	0	-302
6780	-4.99	-4.99	-4.97	0	-302
6790	-4.99	-4.99	-4.97	0	-302
6800	-4.99	-4.99	-4.97	0	-302
6810	-4.99	-4.99	-4.97	0	-302
6820	-4.99	-4.99	-4.97	0	-302
6830	-4.99	-4.99	-4.97	0	-302
6840	-4.99	-4.99	-4.97	0	-303
6850	-4.99	-4.99	-4.97	0	-303
6860	-4.99	-4.99	-4.97	0	-302
6870	-4.99	-4.99	-4.97	0	-303
6880	-4.99	-4.99	-4.97	0	-302
6890	-4.99	-4.99	-4.97	0	-303
6900	-4.99	-4.99	-4.97	0	-304
6910	-4.99	-4.99	-4.97	0	-303
6920	-4.99	-4.99	-4.97	0	-304
6930	-4.99	-4.99	-4.97	0	-303
6940	-4.99	-4.99	-4.97	0	-304
6950	-4.99	-4.99	-4.97	0	-305
6960	-4.99	-4.99	-4.97	0	-304
6970	-4.99	-4.99	-4.97	0	-304
6980	-4.99	-4.99	-4.97	0	-304
6990	-4.99	-4.99	-4.97	0	-305
7000	5	5	-4.93	20.44	10840
7010	5	5	-4.42	75.49	8445
7020	5	5	-3.57	89.22	2550
7030	5	5	-2.67	89.22	1202
7040	5	5	-1.75	89.22	1007
7050	5	5	-0.82	98.14	976
7060	5	5	0.08	89.22	941
7070	5	5	1	98.14	925
7080	5	5	1.92	89.22	367
7090	5	5	2.79	89.22	-1947
7100	5	5	3.49	65.43	-3044
7110	5	5	4	36.35	-2547
7120	5	5	4.36	28.86	-1718
7130	5	5	4.59	18.87	-1097
7140	5	5	4.73	12.26	-844
7150	5	5	4.83	8.38	-451
7160	5	5	4.91	5.48	-261
7170	5	5	4.95	3.64	-133
7180	5	5	4.97	3.16	-18
7190	5	5	4.99	1.52	-193
7200	5	5	4.99	1.52	215
7210	5	5	5	1.35	154
7220	5	5	5	0	243
7230	5	5	4.99	0	406
7240	5	5	4.99	0	400
7250	5	5	4.99	0	390
7260	5	5	4.99	0.14	346
7270	5	5	5	0	112
7280	5	5	5	0	112
7290	5	5	5	0	175
7300	5	5	5	0	141
7310	5	5	5	0	113
7320	5	5	5	0	104
7330	5	5	5	0	102
7340	5	5	5	0	104
7350	5	5	5	0	125
7360	5	5	5	0	115
7370	5	5	5	0	122
7380	5	5	5	0	131
7390	5	5	5	0	134
7400	5	5	5	0	140
7410	5	5	5	0	137
7420	5	5	5	0	129
7430	5	5	5	0	126
7440	5	5	5	0	129
7450	5	5	5	0	128
7460	5	5	5	0	125
7470	5	5	5	0	127
7480	5	5	5	0	126
7490	5	5	5	0	125
7500	5	5	5	0	125
7510	-4.99	-4.99	4.97	-18.51	-10986
7520	-4.99	-4.99	4.47	-70.09	-9329
7530	-4.99	-4.99	3.63	-98.14	-3150
7540	-4.99	-4.99	2.73	-89.22	-1649
7550	-4.99	-4.99	1.83	-98.14	-1391
7560	-4.99	-4.99	0.9	-81.77	-1331
7570	-4.99	-4.99	-0.02	-98.14	-1225
7580	-4.99	-4.99	-0.94	-89.22	-1209
7590	-4.99	-4.99	-1.84	-81.77	-727
7600	-4.99	-4.99	-2.71	-81.77	1659
7610	-4.99	-4.99	-3.43	-57.72	3009
7620	-4.99	-4.99	-3.96	-44.61	2683
7630	-4.99	-4.99	-4.32	-28.86	1937
7640	-4.99	-4.99	-4.55	-20.44	1293
7650	-4.99	-4.99	-4.71	-12.58	615
7660	-4.99	-4.99	-4.81	-8.68	295
7670	-4.99	-4.99	-4.87	-5.54	81
7680	-4.99	-4.99	-4.91	-4	-6
7690	-4.99	-4.99	-4.93	-2.73	-282
7700	-4.99	-4.99	-4.95	-1.71	-62
7710	-4.99	-4.99	-4.95	-1.26	-367
7720	-4.99	-4.99	-4.97	-1.22	-141
7730	-4.99	-4.99	-4.97	-0.99	-257
7740	-4.99	-4.99	-4.97	-0.66	-301
7750	-4.99	-4.99	-4.97	0	-303
7760	-4.99	-4.99	-4.97	0	-303
7770	-4.99	-4.99	-4.97	0	-303
7780	-4.99	-4.99	-4.97	0	-304
7790	-4.99	-4.99	-4.97	0	-304
7800	-4.99	-4.99	-4.97	0	-304
7810	-4.99	-4.99	-4.97	0	-305
7820	-4.99	-4.99	-4.97	0	-304
7830	-4.99	-4.99	-4.97	0	-305
7840	-4.99	-4.99	-4.97	0	-286
7850	-4.99	-4.99	-4.97	0	-283
7860	-4.99	-4.99	-4.97	0	-283
7870	-4.99	-4.99	-4.99	-0.13	1
7880	-4.99	-4.99	-4.99	-0.13	-118
7890	-4.99	-4.99	-4.99	-0.13	-172
7900	-4.99	-4.99	-4.99	-0.13	-174
7910	-4.99	-4.99	-4.99	-0.13	-175
7920	-4.99	-4.99	-4.99	-0.13	-175
7930	-4.99	-4.99	-4.99	-0.13	-174
7940	-4.99	-4.99	-4.99	-0.13	-174
7950	-4.99	-4.99	-4.99	-0.13	-174
7960	-4.99	-4.99	-4.99	-0.13	-175
7970	-4.99	-4.99	-4.99	-0.13	-174
7980	-4.99	-4.99	-4.99	-0.13	-173
7990	-4.99	-4.99	-4.99	-0.13	-174
8000	5	5	-4.95	22.3	10672
8010	5	5	-4.44	75.49	8462
8020	5	5	-3.59	89.22	2552
8030	5	5	-2.69	89.22	1239
8040	5	5	-1.77	98.14	1014
8050	5	5	-0.86	89.22	960
8060	5	5	0.06	89.22	925
8070	5	5	0.98	89.22	920
8080	5	5	1.9	98.14	470
8090	5	5	2.77	75.49	-1784
8100	5	5	3.47	57.72	-3013
8110	5	5	4	44.61	-2670
8120	5	5	4.36	28.86	-1836
8130	5	5	4.57	18.87	-1252
8140	5	5	4.73	12.12	-673
8150	5	5	4.83	8.46	-408
8160	5	5	4.89	5.48	-163
8170	5	5	4.95	3.69	-104
8180	5	5	4.97	3.11	-62
8190	5	5	4.99	1.54	-142
8200	5	5	4.99	1.54	197
8210	5	5	5	1.38	142
8220	5	5	5	1.11	129
8230	5	5	5	0	71
8240	5	5	5	0	255
8250	5	5	5	0	186
8260	5	5	5	-0.14	126
8270	5	5	5	0	186
8280	5	5	5	0	87
8290	5	5	5	0	161
8300	5	5	5	0	168
8310	5	5	5	0	168
8320	5	5	5	0	168
8330	5	5	5	0	168
8340	5	5	5	0	168
8350	5	5	5	0	170
8360	5	5	5	0	168
8370	5	5	5	0	169
8380	5	5	5	0	168
8390	5	5	5	0	168
8400	5	5	5	0	167
8410	5	5	5	0	169
8420	5	5	5	0	168
8430	5	5	5	0	168
8440	5	5	5	0	168
8450	5	5	5	0	169
8460	5	5	5	0	168
8470	5	5	5	0	168
8480	5	5	5	0	168
8490	5	5	5	0	168
8500	-4.99	-4.99	4.97	-18.51	-10973
8510	-4.99	-4.99	4.47	-70.09	-9368
8520	-4.99	-4.99	3.65	-89.22	-3223
8530	-4.99	-4.99	2.75	-89.22	-1689
8540	-4.99	-4.99	1.83	-109.03	-1355
8550	-4.99	-4.99	0.9	-89.22	-1299
8560	-4.99	-4.99	-0.02	-98.14	-1255
8570	-4.99	-4.99	-0.92	-89.22	-1196
8580	-4.99	-4.99	-1.84	-89.22	-713
8590	-4.99	-4.99	-2.71	-81.77	1694
8600	-4.99	-4.99	-3.43	-61.33	2951
8610	-4.99	-4.99	-3.95	-44.61	2569
8620	-4.99	-4.99	-4.32	-28.86	1985
8630	-4.99	-4.99	-4.55	-20.44	1298
8640	-4.99	-4.99	-4.71	-12.75	626
8650	-4.99	-4.99	-4.81	-8.76	288
8660	-4.99	-4.99	-4.87	-5.57	85
8670	-4.99	-4.99	-4.91	-3.97	-6
8680	-4.99	-4.99	-4.93	-2.7	-294
8690	-4.99	-4.99	-4.95	-1.71	-63
8700	-4.99	-4.99	-4.95	-1.24	-368
8710	-4.99	-4.99	-4.97	-1.22	-135
8720	-4.99	-4.99	-4.97	-0.99	-261
8730	-4.99	-4.99	-4.97	-0.66	-301
8740	-4.99	-4.99	-4.97	0	-303
8750	-4.99	-4.99	-4.97	0	-303
8760	-4.99	-4.99	-4.97	0	-305
8770	-4.99	-4.99	-4.97	0	-304
8780	-4.99	-4.99	-4.97	0	-304
8790	-4.99	-4.99	-4.97	0	-305
8800	-4.99	-4.99	-4.97	0	-304
8810	-4.99	-4.99	-4.97	0	-305
8820	-4.99	-4.99	-4.97	0	-304
8830	-4.99	-4.99	-4.97	0	-305
8840	-4.99	-4.99	-4.97	0	-305
8850	-4.99	-4.99	-4.97	0	-305
8860	-4.99	-4.99	-4.97	0	-306
8870	-4.99	-4.99	-4.97	0	-305
8880	-4.99	-4.99	-4.97	0	-305
8890	-4.99	-4.99	-4.97	0	-305
8900	-4.99	-4.99	-4.97	0	-306
8910	-4.99	-4.99	-4.97	0	-306
8920	-4.99	-4.99	-4.97	0	-306
8930	-4.99	-4.99	-4.97	0	-306
8940	-4.99	-4.99	-4.97	0	-305
8950	-4.99	-4.99	-4.97	0	-306
8960	-4.99	-4.99	-4.97	0	-304
8970	-4.99	-4.99	-4.97	0	-282
8980	-4.99	-4.99	-4.97	0	-282
8990	-4.99	-4.99	-4.97	-0.06	-155
9000	5	5	-4.95	21.81	10785
9010	5	5	-4.44	70.09	8398
9020	5	5	-3.63	89.22	2656
9030	5	5	-2.73	98.14	1211
9040	5	5	-1.81	89.22	1037
9050	5	5	-0.88	81.77	960
9060	5	5	0.02	98.14	941
9070	5	5	0.94	98.14	908
9080	5	5	1.86	98.14	446
9090	5	5	2.73	81.77	-1844
9100	5	5	3.45	57.72	-2990
9110	5	5	3.98	46.73	-2650
9120	5	5	4.34	29.74	-1753
9130	5	5	4.57	18.51	-1263
9140	5	5	4.73	13.82	-679
9150	5	5	4.83	8.53	-386
9160	5	5	4.89	5.48	-187
9170	5	5	4.93	3.61	-5
9180	5	5	4.97	3.11	-86
9190	5	5	4.99	1.51	-87
9200	5	5	4.99	1.51	179
9210	5	5	5	1.33	115
9220	5	5	5	1.21	131
9230	5	5	5	0	167
9240	5	5	5	0	65
9250	5	5	5	0	164
9260	5	5	5	0	139
9270	5	5	5	0	141
9280	5	5	5	0	96
9290	5	5	5	0	189
9300	5	5	5	0	84
9310	5	5	5	0	94
9320	5	5	5	0	155
9330	5	5	5	0	140
9340	5	5	5	0	167
9350	5	5	5	0	167
9360	5	5	5	0	167
9370	5	5	5	0	167
9380	5	5	5	0	167
9390	5	5	5	0	167
9400	5	5	5	0	167
9410	5	5	5	0	167
9420	5	5	5	0	167
9430	5	5	5	0	167
9440	5	5	5	0	167
9450	5	5	5	0	167
9460	5	5	5	0	167
9470	5	5	5	0	168
9480	5	5	5	0	167
9490	5	5	5	0	167
9500	5	5	5	0	167
9510	-4.99	-4.99	4.97	-18.51	-10964
9520	-4.99	-4.99	4.47	-70.09	-9309
9530	-4.99	-4.99	3.63	-98.14	-3132
9540	-4.99	-4.99	2.73	-89.22	-1637
9550	-4.99	-4.99	1.83	-98.14	-1397
9560	-4.99	-4.99	0.9	-81.77	-1289
9570	-4.99	-4.99	-0.02	-89.22	-1231
9580	-4.99	-4.99	-0.94	-89.22	-1218
9590	-4.99	-4.99	-1.84	-81.77	-727
9600	-4.99	-4.99	-2.71	-81.77	1747
9610	-4.99	-4.99	-3.43	-61.33	2995
9620	-4.99	-4.99	-3.96	-42.66	2667
9630	-4.99	-4.99	-4.32	-28.86	1918
9640	-4.99	-4.99	-4.55	-20.44	1270
9650	-4.99	-4.99	-4.71	-13.44	740
9660	-4.99	-4.99	-4.81	-8.84	279
9670	-4.99	-4.99	-4.87	-5.39	47
9680	-4.99	-4.99	-4.91	-3.97	-11
9690	-4.99	-4.99	-4.93	-2.75	-266
9700	-4.99	-4.99	-4.95	-1.74	-60
9710	-4.99	-4.99	-4.95	-1.24	-374
9720	-4.99	-4.99	-4.97	-1.22	-131
9730	-4.99	-4.99	-4.97	-0.99	-256
9740	-4.99	-4.99	-4.97	-0.66	-299
9750	-4.99	-4.99	-4.97	0	-301
9760	-4.99	-4.99	-4.97	0	-302
9770	-4.99	-4.99	-4.97	0	-302
9780	-4.99	-4.99	-4.97	0	-302
9790	-4.99	-4.99	-4.97	0	-287
9800	-4.99	-4.99	-4.97	0	-284
9810	-4.99	-4.99	-4.97	0	-270
9820	-4.99	-4.99	-4.99	-0.19	135
9830	-4.99	-4.99	-4.99	-0.19	-85
9840	-4.99	-4.99	-4.99	-0.19	-166
9850	-4.99	-4.99	-4.99	-0.19	-171
9860	-4.99	-4.99	-4.99	-0.19	-170
9870	-4.99	-4.99	-4.99	-0.19	-171
9880	-4.99	-4.99	-4.99	-0.19	-171
9890	-4.99	-4.99	-4.99	-0.19	-170
9900	-4.99	-4.99	-4.99	-0.19	-171
9910	-4.99	-4.99	-4.99	-0.19	-172
9920	-4.99	-4.99	-4.99	-0.19	-171
9930	-4.99	-4.99	-4.99	-0.17	-170
9940	-4.99	-4.99	-4.99	-0.16	-171
9950	-4.99	-4.99	-4.99	-0.14	-171
9960	-4.99	-4.99	-4.99	-0.14	-172
9970	-4.99	-4.99	-4.99	-0.13	-171
9980	-4.99	-4.99	-4.99	-0.13	-171
9990	-4.99	-4.99	-4.99	-0.11	-171
10000	5	5	-4.95	22.81	10627
