0	0	0	0	0	0.92
13	0	0	0	0	0.92
29	0	0	0	0	0.92
44	0	0	0	0	0.92
57	0	0	0	0	0.92
72	0	0	0	0	0.92
85	0	0	0	0	0.92
100	0	0	0	0	0.92
113	0	0	0	0	0.92
126	0	0	0	0	0.92
139	0	0	0	0	0.92
152	0	0	0	0	0.92
169	0	0	0	0	0.92
182	0	0	0	0	0.91
195	0	0	0	0	0.91
208	0	0	0	0	0.91
223	0	0	0	0	0.91
238	0	0	0	0	0.91
251	0	0	0	0	0.91
267	0	0	0	0	0.91
280	0	0	0	0	0.91
293	0	0	0	0	0.92
306	0	0	0	0	0.92
323	0	0	0	0	0.92
338	0	0	0	0	0.92
351	0	0	0	0	0.92
364	0	0	0	0	0.92
378	0	0	0	0	0.92
391	0	0	0	0	0.92
406	0	0	0	0	0.92
423	0	0	0	0	0.92
438	0	0	0	0	0.92
451	0	0	0	0	0.92
464	0	0	0	0	0.92
479	0	0	0	0	0.92
492	0	0	0	0	0.92
505	0	0	0	0	0.92
518	0	0	0	0	0.92
535	0	0	0	0	0.92
550	0	0	0	0	0.92
565	0	0	0	0	0.92
578	0	0	0	0	0.92
593	0	0	0	0	0.92
606	0	0	0	0	0.92
619	0	0	0	0	0.92
634	0	0	0	0	0.92
647	0	0	0	0	0.92
664	0	0	0	0	0.92
679	0	0	0	0	0.92
694	0	0	0	0	0.92
707	0	0	0	0	0.92
720	0	0	0	0	0.92
733	0	0	0	0	0.92
748	0	0	0	0	0.92
765	0	0	0	0	0.92
778	0	0	0	0	0.92
793	0	0	0	0	0.92
807	0	0	0	0	0.92
820	0	0	0	0	0.92
833	0	0	0	0	0.92
846	0	0	0	0	0.92
862	0	0	0	0	0.92
875	0	0	0	0	0.92
888	0	0	0	0	0.92
901	0	0	0	0	0.92
916	0	0	0	0	0.92
931	0	0	0	0	0.92
946	0	0	0	0	0.92
961	0	0	0	0	0.92
976	0	0	0	0	0.92
991	0	0	0	0	0.92
1010	0	0	0	0	0.92
1025	0	0	0	0	0.92
1040	0	0	0	0	0.92
1053	0	0	0	0	0.92
1066	0	0	0	0	0.92
1081	0	0	0	0	0.92
1098	0	0	0	0	0.92
1111	0	0	0	0	0.92
1124	0	0	0	0	0.92
1137	0	0	0	0	0.92
1152	0	0	0	0	0.92
1165	0	0	0	0	0.92
1178	0	0	0	0	0.92
1193	0	0	0	0	0.92
1206	0	0	0	0	0.92
1219	0	0	0	0	0.92
1232	0	0	0	0	0.92
1247	0	0	0	0	0.92
1262	0	0	0	0	0.92
1277	0	0	0	0	0.92
1290	0	0	0	0	0.92
1303	0	0	0	0	0.92
1316	0	0	0	0	0.92
1329	0	0	0	0	0.92
1342	0	0	0	0	0.92
1355	0	0	0	0	0.92
1370	0	0	0	0	0.92
1383	0	0	0	0	0.92
1396	0	0	0	0	0.92
1409	0	0	0	0	0.92
1422	0	0	0	0	0.92
1437	0	0	0	0	0.92
1450	0	0	0	0	0.92
1463	0	0	0	0	0.92
1476	0	0	0	0	0.92
1491	0	0	0	0	0.92
1506	0	0	0	0	0.92
1519	0	0	0	0	0.92
1536	0	0	0	0	0.92
1553	0	0	0	0	0.92
1566	0	0	0	0	0.92
1581	0	0	0	0	0.92
1594	0	0	0	0	0.92
1607	0	0	0	0	0.92
1620	0	0	0.01	0	0.92
1633	0	0	0.01	0.46	0.92
1648	0	0	0.01	0.27	1.55
1663	0	0	0.01	0	1.55
1676	0	0	0.01	0	1.55
1691	0	0	0.01	0	1.55
1704	0	0	0.01	0	1.55
1719	0	0	0.01	0	1.55
1732	0	0	0.01	0	1.55
1747	0	0	0.01	0	2.79
1764	0	0	0.01	0	2.79
1777	0	0	0.01	0	2.79
1790	0	0	0.01	0	2.79
1805	0	0	-0.01	-0.84	2.79
1818	0	0	-0.01	0	2.79
1833	0	0	-0.01	0	2.79
1850	0	0	-0.01	0	2.73
1865	0	0	-0.01	0	2.73
1878	0	0	-0.01	0	2.73
1891	0	0	-0.01	0	2.73
1904	0	0	-0.01	0	2.73
1917	0	0	-0.01	0	2.73
1930	0	0	-0.01	0	2.73
1945	0	0	-0.01	0	2.73
1960	0	0	-0.01	0	2.02
1975	0	0	-0.01	0	2.02
1988	0	0	-0.01	0	2.02
2003	0	0	-0.01	0	2.02
2018	0	0	-0.01	0	2.02
2033	0	0	-0.01	0	2.02
2048	0	0	-0.01	0	2.02
2063	0	0	-0.01	0	1.33
2078	0	0	-0.01	0	1.33
2093	0	0	-0.01	0	1.33
2106	0	0	0	0	1.33
2123	0	0	0	0	1.33
2138	0	0	0.01	0.16	1.33
2151	0	0	0.01	0.16	1.33
2164	0	0	0.01	0.16	1.53
2179	0	0	0.01	0.12	1.53
2192	0	0	0.01	0.09	1.53
2207	0	0	0.01	0	1.53
2224	0	0	0.01	0	1.53
2238	0	0	0.01	0	1.53
2255	0	0	0.01	0	1.53
2270	0	0	0.01	0	2.18
2285	0	0	0.01	0	2.18
2300	0	0	0.01	0	2.18
2316	0	0	0.01	0	2.18
2333	0	0	0.01	0	2.18
2348	0	0	0.01	0	2.18
2362	0	0	0.01	0	2.18
2374	0	0	0.01	0	2.89
2391	0	0	0.01	0	2.89
2406	0	0	0.01	0	2.89
2421	0	0	0.01	0	2.89
2436	0	0	0.01	0	2.89
2451	0	0	0.01	0	2.89
2468	0	0	0.01	0	2.89
2483	0	0	0.01	0	3.6
2500	0	0	0.01	0	3.6
2513	0	0	0.01	0	3.6
2526	0	0	0.01	0	3.6
2541	0	0	0	0	3.6
2554	0	0	-0.01	-0.38	3.6
2567	0	0	-0.01	-0.25	3.6
2582	0	0	-0.01	0	3.41
2597	0	0	-0.01	0	3.41
2612	0	0	-0.01	0	3.41
2627	0	0	-0.01	0	3.41
2640	0	0	-0.01	0	3.41
2653	0	0	-0.01	0	3.41
2668	0	0	-0.01	0	3.41
2681	0	0	-0.01	0	2.8
2696	0	0	-0.01	0	2.8
2709	0	0	-0.01	0	2.8
2722	0	0	-0.01	0	2.8
2735	0	0	-0.01	0	2.8
2748	0	0	-0.01	0	2.8
2761	0	0	-0.01	0	2.8
2778	0	0	-0.01	0	2.8
2791	0	0	-0.01	0	2.1
2806	0	0	-0.01	0	2.1
2819	0	0	-0.01	0	2.1
2832	0	0	-0.01	0	2.1
2845	0	0	-0.01	0	2.1
2858	0	0	-0.01	0	2.1
2873	0	0	-0.01	0	2.1
2886	0	0	0	0	1.6
2899	0	0	0.01	0.46	1.6
2912	0	0	0.01	0.45	1.6
2925	0	0	0.01	0	1.6
2938	0	0	0.01	0	1.6
2951	0	0	0.01	0	1.6
2964	0	0	0.01	0	1.6
2977	0	0	0.01	0	1.6
2990	0	0	0.01	0	3.12
3003	0	0	0.01	0	3.12
3016	0	0	0.01	0	3.12
3029	0	0	0.01	0	3.12
3042	0	0	0.01	0	3.12
3055	0	0	0.01	0	3.12
3068	0	0	0.01	-0.04	3.12
3081	0	0	0.01	0	3.12
3095	0	0	0	-0.42	4.05
3108	0	0	0	-0.22	4.05
3121	0	0	0	0	4.05
3134	0	0	0	0	4.05
3147	0	0	0	0	4.05
3160	0	0	0	0	4.05
3173	0	0	0	0	4.05
3186	0	0	0	0	4.05
3199	0	0	0	0	4.04
3214	0	0	0	0	4.04
3227	0	0	0	0	4.04
3240	0	0	-0.01	-0.04	4.04
3255	0	0	-0.01	-0.77	4.04
3270	0	0	-0.02	0	4.04
3285	0	0	-0.02	0	4.04
3300	0	0	-0.02	0	2.52
3315	0	0	-0.02	0	2.52
3328	0	0	-0.02	0	2.52
3347	0	0	-0.02	0	2.52
3362	0	0	-0.02	0	2.52
3379	0	0	-0.01	0.55	2.52
3392	0	0	0	0.63	2.52
3411	0	0	0.01	0.35	1.61
3426	0	0	0.01	0	1.61
3441	0	0	0.01	0	1.61
3456	0	0	0.01	0	1.61
3473	0	0	0.01	0	1.61
3490	0	0	0.01	0	1.61
3506	0	0	0.01	0	2.17
3521	0	0	0.01	0	2.17
3536	0	0	0.01	0	2.17
3549	0	0	0.01	0	2.17
3562	0	0	0.01	0	2.17
3577	0	0	0.01	0	2.17
3590	0	0	0.01	0	2.17
3603	0	0	0.01	0	2.85
3618	0	0	0.01	0	2.85
3633	0	0	0.01	0	2.85
3649	0	0	0.01	0	2.85
3662	0	0	0.01	0	2.85
3675	0	0	0.01	0	2.85
3688	0	0	0.01	0	2.85
3703	0	0	0	0	2.85
3716	0	0	-0.01	-0.89	3.12
3733	0	0	-0.02	-0.47	3.12
3747	0	0	-0.02	0	3.12
3760	0	0	-0.02	0	3.12
3775	0	0	-0.01	0	3.12
3790	0	0	-0.01	0	3.12
3805	0	0	-0.01	0	3.12
3818	0	0	-0.01	0	1.42
3831	0	0	-0.01	0	1.42
3848	0	0	-0.01	0.81	1.42
3861	0	0	0.01	0.54	1.42
3874	0	0	0.01	0	1.42
3891	0	0	0.01	0	1.42
3906	0	0	0.01	0	1.42
3919	0	0	0.01	0	1.85
3932	0	0	0.01	0	1.85
3945	0	0	0.01	0	1.85
3958	0	0	0.01	0	1.85
3971	0	0	0.01	0	1.85
3984	0	0	0.01	0	1.85
3997	0	0	0.01	0	1.85
4010	0	0	0.01	0	1.85
4026	0	0	0.01	0	2.52
4039	0	0	0.01	0	2.52
4052	0	0	0.01	0	2.52
4069	0	0	0.01	0	2.52
4082	0	0	0.01	0	2.52
4095	0	0	0.01	0	2.52
4108	0	0	0.01	0	2.52
4121	0	0	0.01	0	3.2
4134	0	0	0.01	0	3.2
4149	0	0	0.01	0	3.2
4162	0	0	0.01	0	3.2
4177	0	0	-0.01	-1.1	3.2
4192	0	0	-0.02	-0.78	3.2
4205	0	0	-0.02	0	3.2
4219	0	0	-0.02	0	1.9
4232	0	0	-0.02	0	1.9
4245	0	0	-0.02	0	1.9
4258	0	0	-0.02	0	1.9
4271	0	0	-0.02	0	1.9
4284	0	0	-0.01	0.78	1.9
4297	0	0	0	0.67	1.9
4310	0	0	0.01	0.46	1.9
4323	0	0	0.01	0.26	1.41
4336	0	0	0.01	0	1.41
4349	0	0	0.01	0	1.41
4362	0	0	0.01	0	1.41
4375	0	0	0.01	0	1.41
4388	0	0	0.01	0	1.41
4403	0	0	0.01	0	1.41
4416	0	0	0.01	0	1.41
4431	0	0	0.01	0	1.97
4444	0	0	0.01	0	1.97
4457	0	0	0.01	0	1.97
4473	0	0	0.01	0	1.97
4488	0	0	0.01	0	1.97
4501	0	0	0.01	0	1.97
4516	0	0	0.01	0	1.97
4529	0	0	0.01	0	2.64
4544	0	0	0	0	2.64
4557	0	0	-0.01	-0.83	2.64
4570	0	0	-0.01	-0.44	2.64
4583	0	0	-0.01	0	2.64
4596	0	0	-0.01	0	2.64
4609	0	0	-0.01	0	2.64
4624	0	0	-0.01	0	2.64
4637	0	0	-0.01	0	1.32
4652	0	0	-0.01	0	1.32
4666	0	0	-0.01	0	1.32
4681	0	0	-0.01	0	1.32
4696	0	0	-0.01	0.67	1.32
4712	0	0	0.01	0.43	1.32
4725	0	0	0.01	0	1.32
4738	0	0	0.01	0	1.22
4753	0	0	0.01	0	1.22
4768	0	0	0.01	0	1.22
4784	0	0	0.01	0	1.22
4801	0	0	0.01	0	1.22
4816	0	0	0.01	0	1.22
4829	0	0	0.01	0	1.22
4842	0	0	0.01	0	1.88
4859	0	0	0.01	0	1.88
4872	0	0	0.01	0	1.88
4889	0	0	0.01	0	1.88
4902	0	0	0.01	0	1.88
4915	0	0	0.01	0	1.88
4928	0	0	0	0	1.88
4941	0	0	0	-0.26	2.23
4956	0	0	-0.01	-0.26	2.23
4973	0	0	-0.01	-0.16	2.23
4986	0	0	-0.01	0	2.23
4999	0	0	-0.01	0	2.23
5012	0	0	-0.01	0	2.23
5025	0	0	-0.01	0	2.23
5038	0	0	-0.01	0	2.23
5051	0	0	-0.01	0	1.43
5064	0	0	-0.01	0	1.43
5077	0	0	-0.01	0	1.43
5090	0	0	-0.01	0	1.43
5103	0	0	-0.01	0	1.43
5116	0	0	-0.01	0	1.43
5129	0	0	-0.01	0	1.43
5142	0	0	-0.01	0	1.43
5155	0	0	-0.01	0	0.74
5168	0	0	0	0	0.74
5181	0	0	0	0	0.74
5194	0	0	0	0	0.74
5207	0	0	0	0	0.74
5220	0	0	0	0	0.74
5233	0	0	0	0	0.74
5246	0	0	0	0	0.74
5259	0	0	0	0	0.78
5272	0	0	0	0	0.78
5285	0	0	0	0	0.78
5298	0	0	0	0	0.78
5311	0	0	0	0	0.78
5324	0	0	0	0	0.78
5339	0	0	0	0	0.78
5352	0	0	0	0	0.78
5365	0	0	0	0	0.77
5378	0	0	0	0	0.77
5391	0	0	0	0	0.77
5404	0	0	0	0	0.77
5417	0	0	0	0	0.77
5430	0	0	0	0	0.77
5443	0	0	0	0	0.77
5456	0	0	0	0	0.77
5469	0	0	0	0	0.77
5482	0	0	0	0	0.77
5495	0	0	0	0	0.77
5508	0	0	0	0	0.77
5521	0	0	0	0	0.77
5536	0	0	0	0	0.77
5549	0	0	0	0	0.77
5564	0	0	0	0	0.77
5579	0	0	0	0	0.77
5594	0	0	0	0	0.77
5609	0	0	0	0	0.77
5622	0	0	0	0	0.77
5635	0	0	0	0	0.77
5648	0	0	0	0	0.77
5663	0	0	0	0	0.77
5676	0	0	0	0	0.77
5693	0	0	0	0	0.77
5712	0	0	0	0	0.77
5727	0	0	0	0	0.77
5742	0	0	0	0	0.77
5755	0	0	0	0	0.77
5768	0	0	0	0	0.77
5783	0	0	0	0	0.77
5796	0	0	0	0	0.77
5811	0	0	0	0	0.77
5824	0	0	0	0	0.77
5839	0	0	0	0	0.77
5852	0	0	0	0	0.77
5867	0	0	0	0	0.77
5880	0	0	0	0	0.78
5896	0	0	0	0	0.78
5909	0	0	0	0	0.78
5922	0	0	0	0	0.78
5935	0	0	0	0	0.78
5950	0	0	0	0	0.78
5963	0	0	0	0	0.78
5976	0	0	0	0	0.78
5989	0	0	0	0	0.77
6006	0	0	0	0	0.77
6019	-3.78	0	0	0	0.77
6034	-3.78	0	0	0	0.77
6049	-3.78	-0.0228937728937729	0	-0.04	0.77
6062	-3.78	-0.0686813186813187	-0.01	-3.08	0.77
6075	-3.78	-0.131639194139194	-0.09	-7.53	0.77
6090	-3.78	-0.223214285714286	-0.19	-9.87	2.22
6107	-3.78	-0.326236263736264	-0.3	-9.54	2.22
6120	-3.78	-0.492216117216117	-0.5	-9.54	2.22
6133	-3.78	-0.635302197802198	-0.59	-10.6	2.22
6146	-3.78	-0.801282051282051	-0.74	-13.01	2.22
6159	-3.78	-0.978708791208791	-0.97	-15.06	2.22
6174	-3.78	-1.14468864468864	-1.1	-14.31	2.22
6192	-3.78	-1.37934981684982	-1.36	-11.92	2.22
6205	-3.78	-1.57967032967033	-1.55	-11.92	1.44
6218	-3.78	-1.75137362637363	-1.73	-13.01	1.44
6233	-3.78	-1.92307692307692	-1.85	-14.31	1.44
6248	-3.78	-2.12339743589744	-2.04	-14.31	1.44
6261	-3.78	-2.31799450549451	-2.29	-13.01	1.44
6275	-3.78	-2.49542124542125	-2.44	-13.01	1.44
6288	-3.78	-2.67284798534799	-2.64	-12.44	1.44
6304	-3.78	-2.85027472527473	-2.78	-13.63	1.74
6320	-3.78	-3.05631868131868	-3.02	-13.63	1.74
6333	-3.78	-3.23374542124542	-3.19	-12.44	1.74
6346	-3.78	-3.38255494505495	-3.37	-9.54	1.74
6360	-3.78	-3.49702380952381	-3.48	-7.95	1.74
6375	-3.78	-3.59432234432234	-3.6	-5.5	1.74
6388	-3.78	-3.68017399267399	-3.66	-4.4	1.74
6402	-3.78	-3.73740842490842	-3.72	-3.53	1.74
6417	-3.78	-3.77747252747253	-3.77	-2.83	1.16
6430	-3.78	-3.79464285714286	-3.79	-1.09	1.16
6447	-3.78	-3.78319597069597	-3.8	0	1.16
6462	-3.78	-3.78319597069597	-3.79	1.03	1.16
6477	-3.78	-3.78319597069597	-3.78	0	1.16
6490	-3.78	-3.78319597069597	-3.78	0	1.16
6505	-3.78	-3.78319597069597	-3.78	0	1.16
6518	-3.78	-3.78319597069597	-3.78	0	0.63
6533	-3.78	-3.78319597069597	-3.78	0	0.63
6548	-3.78	-3.78319597069597	-3.78	0	0.63
6562	-3.78	-3.78319597069597	-3.78	0	0.63
6575	-3.78	-3.78319597069597	-3.78	0	0.63
6591	-3.78	-3.78319597069597	-3.78	0	0.63
6604	-3.78	-3.78319597069597	-3.78	0	0.63
6617	-3.78	-3.78319597069597	-3.78	0	0.63
6630	-3.78	-3.78319597069597	-3.78	0	0.63
6643	-3.78	-3.78319597069597	-3.78	0	0.63
6658	-3.78	-3.78319597069597	-3.78	0	0.63
6672	-3.78	-3.78319597069597	-3.78	0	0.63
6685	3.38	-3.78319597069597	-3.78	0	0.63
6701	3.38	-3.7603021978022	-3.78	0	0.63
6718	3.38	-3.7202380952381	-3.77	4.03	0.63
6733	3.38	-3.64583333333333	-3.69	7.34	-0.42
6746	3.38	-3.54281135531136	-3.56	8.42	-0.42
6759	3.38	-3.43978937728938	-3.46	8.94	-0.42
6774	3.38	-3.31387362637363	-3.34	10.22	-0.42
6787	3.38	-3.15361721611722	-3.22	11.45	-0.42
6802	3.38	-2.96474358974359	-3.01	14.31	-0.42
6819	3.38	-2.78731684981685	-2.84	14.31	-0.42
6836	3.38	-2.56982600732601	-2.56	13.01	0.37
6853	3.38	-2.34661172161172	-2.39	11.45	0.37
6866	3.38	-2.12339743589744	-2.14	11.92	0.37
6884	3.38	-1.9459706959707	-2.02	14.31	0.37
6899	3.38	-1.72275641025641	-1.76	14.31	0.37
6912	3.38	-1.5224358974359	-1.52	14.31	0.37
6927	3.38	-1.35645604395604	-1.4	13.01	0.37
6946	3.38	-1.1389652014652	-1.18	12.44	0.37
6961	3.38	-0.915750915750916	-0.98	12.44	0.37
6974	3.38	-0.721153846153846	-0.76	13.01	0.37
6991	3.38	-0.555173992673993	-0.6	13.63	0.37
7006	3.38	-0.331959706959707	-0.36	12.44	0.37
7023	3.38	-0.137362637362637	-0.18	13.01	0.37
7040	3.38	0.0801282051282051	0.02	13.01	0.16
7056	3.38	0.314789377289377	0.3	13.63	0.16
7071	3.38	0.51510989010989	0.46	14.31	0.16
7086	3.38	0.70970695970696	0.68	13.01	0.16
7103	3.38	0.904304029304029	0.89	11.92	0.16
7116	3.38	1.12179487179487	1.06	13.01	0.16
7131	3.38	1.29349816849817	1.26	13.01	0.16
7146	3.38	1.49381868131868	1.46	12.44	0.22
7163	3.38	1.68841575091575	1.68	13.01	0.22
7178	3.38	1.90590659340659	1.85	12.44	0.22
7193	3.38	2.10050366300366	2.07	12.44	0.22
7210	3.38	2.32371794871795	2.31	13.01	0.22
7225	3.38	2.51259157509158	2.46	12.44	0.22
7238	3.38	2.71291208791209	2.68	14.31	0.22
7253	3.38	2.86744505494505	2.82	12.44	0.43
7266	3.38	3.02197802197802	3.02	8.94	0.43
7283	3.38	3.13072344322344	3.14	6.22	0.43
7296	3.38	3.24519230769231	3.22	5.11	0.43
7309	3.38	3.31387362637363	3.3	4.15	0.43
7323	3.38	3.35966117216117	3.34	3.37	0.43
7338	3.38	3.38827838827839	3.39	2.03	0.43
7353	3.38	3.39400183150183	3.4	0	1.06
7367	3.38	3.3768315018315	3.4	-0.04	1.06
7382	3.38	3.3768315018315	3.39	-1.15	1.06
7398	3.38	3.3768315018315	3.38	-0.5	1.06
7411	3.38	3.3768315018315	3.38	0	1.06
7424	3.38	3.3768315018315	3.38	0	1.06
7438	3.38	3.3768315018315	3.38	0	1.06
7451	3.38	3.3768315018315	3.38	0	1.46
7464	3.38	3.3768315018315	3.38	0	1.46
7477	3.38	3.3768315018315	3.38	0	1.46
7492	3.38	3.3768315018315	3.38	0	1.46
7507	3.38	3.3768315018315	3.38	0	1.46
7524	3.38	3.3768315018315	3.38	0	1.46
7539	3.38	3.3768315018315	3.38	0	1.46
7552	3.38	3.3768315018315	3.38	0	1.46
7566	3.38	3.3768315018315	3.38	0	1.46
7579	3.38	3.3768315018315	3.37	-0.03	1.46
7594	3.38	3.3768315018315	3.37	-0.44	1.46
7608	3.38	3.3768315018315	3.37	0	1.46
7621	3.38	3.3768315018315	3.37	0	1.46
7634	3.38	3.3768315018315	3.37	0	1.46
7650	3.38	3.3768315018315	3.37	0	1.46
7664	3.38	3.3768315018315	3.37	0	0.69
7681	-3.78	3.3768315018315	3.37	0	0.69
7698	-3.78	3.3768315018315	3.37	0	0.69
7711	-3.78	3.35393772893773	3.37	0	0.69
7724	-3.78	3.30815018315018	3.35	-2.62	0.69
7738	-3.78	3.25091575091575	3.31	-6.65	0.69
7751	-3.78	3.17078754578755	3.23	-8.67	0.69
7766	-3.78	3.07348901098901	3.12	-9.87	1.7
7780	-3.78	2.92467948717949	2.94	-9.54	1.7
7793	-3.78	2.78159340659341	2.82	-11.01	1.7
7809	-3.78	2.61561355311355	2.66	-12.44	1.7
7824	-3.78	2.42101648351648	2.48	-13.63	1.7
7840	-3.78	2.21497252747253	2.2	-13.63	1.7
7853	-3.78	2.00892857142857	2.05	-12.44	1.7
7868	-3.78	1.84294871794872	1.89	-11.92	0.88
7884	-3.78	1.64835164835165	1.67	-13.63	0.88
7897	-3.78	1.44230769230769	1.52	-13.63	0.88
7910	-3.78	1.27632783882784	1.36	-13.01	0.88
7924	-3.78	1.09317765567766	1.13	-12.44	0.88
7937	-3.78	0.927197802197802	0.97	-13.01	0.88
7950	-3.78	0.761217948717949	0.78	-11.92	0.88
7963	-3.78	0.583791208791209	0.65	-13.01	0.97
7977	-3.78	0.400641025641026	0.45	-14.31	0.97
7992	-3.78	0.234661172161172	0.29	-13.63	0.97
8005	-3.78	0.0400641025641026	0.06	-13.01	0.97
8020	-3.78	-0.131639194139194	-0.07	-11.92	0.97
8033	-3.78	-0.331959706959707	-0.23	-12.44	0.97
8048	-3.78	-0.509386446886447	-0.49	-12.44	0.97
8067	-3.78	-0.715430402930403	-0.64	-13.63	0.89
8080	-3.78	-0.938644688644689	-0.93	-12.44	0.89
8093	-3.78	-1.11607142857143	-1.06	-12.44	0.89
8108	-3.78	-1.3106684981685	-1.28	-13.63	0.89
8121	-3.78	-1.4823717948718	-1.43	-12.44	0.89
8136	-3.78	-1.65979853479854	-1.64	-13.63	0.89
8149	-3.78	-1.84867216117216	-1.8	-13.63	0.89
8162	-3.78	-2.02037545787546	-1.99	-12.44	0.89
8177	-3.78	-2.19207875457875	-2.13	-13.01	0.81
8190	-3.78	-2.38667582417582	-2.36	-13.63	0.81
8207	-3.78	-2.58127289377289	-2.55	-13.01	0.81
8220	-3.78	-2.77586996336996	-2.72	-11.92	0.81
8236	-3.78	-2.95902014652015	-2.95	-13.01	0.81
8253	-3.78	-3.14217032967033	-3.1	-11.92	0.81
8266	-3.78	-3.3367673992674	-3.33	-10.22	0.81
8281	-3.78	-3.45695970695971	-3.44	-7.95	0.23
8294	-3.78	-3.57715201465201	-3.57	-6.09	0.23
8311	-3.78	-3.64583333333333	-3.63	-4.4	0.23
8326	-3.78	-3.72596153846154	-3.72	-3.49	0.23
8343	-3.78	-3.76602564102564	-3.75	-1.93	0.23
8358	-3.78	-3.78319597069597	-3.78	-0.91	0.23
8375	-3.78	-3.78319597069597	-3.78	0	0.23
8388	-3.78	-3.78319597069597	-3.78	0	0.39
8403	-3.78	-3.78319597069597	-3.78	0	0.39
8416	-3.78	-3.78319597069597	-3.78	0	0.39
8429	-3.78	-3.78319597069597	-3.78	0	0.39
8444	-3.78	-3.78319597069597	-3.78	0	0.39
8458	-3.78	-3.78319597069597	-3.78	0	0.39
8475	-3.78	-3.78319597069597	-3.78	0	0.39
8492	-3.78	-3.78319597069597	-3.78	0	0.83
8507	-3.78	-3.78319597069597	-3.78	0	0.83
8520	-3.78	-3.78319597069597	-3.78	0	0.83
8535	-3.78	-3.78319597069597	-3.78	0	0.83
8550	-3.78	-3.78319597069597	-3.78	0	0.83
8563	-3.78	-3.78319597069597	-3.78	0	0.83
8576	-3.78	-3.78319597069597	-3.78	0	0.83
8589	-3.78	-3.78319597069597	-3.78	0	0.83
8604	-3.78	-3.78319597069597	-3.78	0	0.83
8617	-3.78	-3.78319597069597	-3.78	0	0.83
8632	-3.78	-3.78319597069597	-3.78	0	0.83
8647	-3.78	-3.78319597069597	-3.78	0	0.83
8660	-3.78	-3.78319597069597	-3.78	0	0.83
8675	3.38	-3.78319597069597	-3.78	0	0.83
8688	3.38	-3.78319597069597	-3.78	0	0.83
8705	3.38	-3.77174908424908	-3.78	0	0.83
8722	3.38	-3.72596153846154	-3.77	4.4	0.83
8735	3.38	-3.65155677655678	-3.7	7.15	0.83
8750	3.38	-3.56570512820513	-3.59	8.67	0.83
8763	3.38	-3.43978937728938	-3.47	9.23	0.83
8776	3.38	-3.31959706959707	-3.37	10.6	0.83
8789	3.38	-3.17651098901099	-3.18	11.45	-0.09
8802	3.38	-3.01053113553114	-3.07	12.44	-0.09
8817	3.38	-2.8331043956044	-2.84	14.31	-0.09
8830	3.38	-2.63850732600733	-2.67	13.63	-0.09
8847	3.38	-2.4095695970696	-2.43	12.44	-0.09
8860	3.38	-2.24358974358974	-2.29	12.44	-0.09
8874	3.38	-2.066163003663	-2.12	13.01	-0.09
8888	3.38	-1.88301282051282	-1.96	13.63	0
8901	3.38	-1.70558608058608	-1.79	13.63	0
8919	3.38	-1.51098901098901	-1.53	13.01	0
8934	3.38	-1.30494505494506	-1.36	12.44	0
8947	3.38	-1.11607142857143	-1.13	13.01	0
8960	3.38	-0.950091575091575	-1.01	12.44	0
8973	3.38	-0.784111721611722	-0.86	13.01	0
8988	3.38	-0.606684981684982	-0.61	13.01	0
9001	3.38	-0.417811355311355	-0.45	13.63	0.33
9016	3.38	-0.251831501831502	-0.33	12.44	0.33
9029	3.38	-0.051510989010989	-0.09	12.44	0.33
9044	3.38	0.143086080586081	0.1	12.44	0.33
9057	3.38	0.320512820512821	0.26	13.01	0.33
9072	3.38	0.486492673992674	0.48	13.63	0.33
9087	3.38	0.681089743589744	0.64	13.01	0.33
9100	3.38	0.875686813186813	0.86	11.92	0.37
9113	3.38	1.04739010989011	0.98	13.63	0.37
9126	3.38	1.21909340659341	1.17	13.63	0.37
9143	3.38	1.38507326007326	1.3	14.31	0.37
9157	3.38	1.61401098901099	1.59	12.44	0.37
9170	3.38	1.79143772893773	1.73	11.92	0.37
9183	3.38	1.96314102564103	1.93	12.44	0.37
9200	3.38	2.1577380952381	2.12	13.01	0.37
9213	3.38	2.35233516483516	2.35	12.44	0.29
9226	3.38	2.5297619047619	2.47	13.01	0.29
9241	3.38	2.69001831501832	2.68	12.44	0.29
9254	3.38	2.86172161172161	2.82	11.45	0.29
9267	3.38	2.99908424908425	2.99	9.23	0.29
9282	3.38	3.10782967032967	3.07	6.5	0.29
9295	3.38	3.21657509157509	3.2	5.5	0.29
9308	3.38	3.27953296703297	3.25	4.54	0.29
9323	3.38	3.33104395604396	3.33	3.49	0.67
9336	3.38	3.35966117216117	3.36	1.67	0.67
9351	3.38	3.37110805860806	3.38	0	0.67
9366	3.38	3.3768315018315	3.38	0	0.67
9379	3.38	3.3768315018315	3.38	0	0.67
9392	3.38	3.3768315018315	3.38	0	0.67
9407	3.38	3.3768315018315	3.38	0	0.67
9420	3.38	3.3768315018315	3.38	0	1
9435	3.38	3.3768315018315	3.38	0	1
9450	3.38	3.3768315018315	3.38	0	1
9463	3.38	3.3768315018315	3.38	0	1
9476	3.38	3.3768315018315	3.38	0	1
9491	3.38	3.3768315018315	3.38	0	1
9508	3.38	3.3768315018315	3.38	0	1
9521	3.38	3.3768315018315	3.38	0	1
9538	3.38	3.3768315018315	3.38	0	1
9551	3.38	3.3768315018315	3.38	0	1
9564	3.38	3.3768315018315	3.38	0	1
9582	3.38	3.3768315018315	3.38	0	1
9595	3.38	3.3768315018315	3.38	0	1
9608	3.38	3.3768315018315	3.38	0	1
9626	3.38	3.3768315018315	3.37	0	1
9639	3.38	3.3768315018315	3.37	0	1
9656	3.38	3.3768315018315	3.37	0	1
9671	3.38	3.3768315018315	3.38	0	1
9684	-3.78	3.3768315018315	3.38	0	1
9697	-3.78	3.3768315018315	3.38	0	1
9714	-3.78	3.35393772893773	3.37	-0.46	1
9727	-3.78	3.30815018315018	3.34	-4.21	1.83
9740	-3.78	3.24519230769231	3.29	-6.81	1.83
9753	-3.78	3.1650641025641	3.19	-7.73	1.83
9770	-3.78	3.04487179487179	3.07	-8.94	1.83
9787	-3.78	2.90178571428571	2.94	-10.22	1.83
9803	-3.78	2.7014652014652	2.71	-11.92	1.83
9820	-3.78	2.50114468864469	2.56	-14.31	1.83
9835	-3.78	2.2779304029304	2.35	-13.63	1.27
9849	-3.78	2.07188644688645	2.09	-13.01	1.27
9862	-3.78	1.90018315018315	1.94	-11.92	1.27
9876	-3.78	1.72847985347985	1.73	-11.92	1.27
9891	-3.78	1.55105311355311	1.59	-12.44	1.27
9908	-3.78	1.3507326007326	1.37	-13.63	1.27
9923	-3.78	1.12751831501832	1.18	-13.63	1.27
9938	-3.78	0.932921245421245	0.98	-13.01	0.6
9951	-3.78	0.738324175824176	0.77	-13.63	0.6
9966	-3.78	0.572344322344322	0.58	-13.01	0.6
9981	-3.78	0.377747252747253	0.43	-12.44	0.6
9994	-3.78	0.17742673992674	0.19	-12.44	0.6
10009	-3.78	0.0114468864468864	0.06	-13.63	0.6
10026	-3.78	-0.188873626373626	-0.16	-13.01	0.6
10041	-3.78	-0.406364468864469	-0.38	-13.01	0.67
10060	-3.78	-0.629578754578755	-0.62	-13.63	0.67
10073	-3.78	-0.847069597069597	-0.8	-13.63	0.67
10088	-3.78	-1.02449633699634	-0.98	-12.44	0.67
10105	-3.78	-1.21336996336996	-1.2	-13.63	0.67
10122	-3.78	-1.43658424908425	-1.39	-13.63	0.67
10137	-3.78	-1.65979853479854	-1.63	-13.01	0.67
10150	-3.78	-1.84867216117216	-1.8	-13.01	0.77
10163	-3.78	-2.02037545787546	-1.96	-13.63	0.77
10179	-3.78	-2.22641941391941	-2.19	-13.01	0.77
10192	-3.78	-2.39239926739927	-2.34	-12.44	0.77
10205	-3.78	-2.56982600732601	-2.56	-13.01	0.77
10218	-3.78	-2.73008241758242	-2.68	-11.92	0.77
10233	-3.78	-2.90750915750916	-2.87	-13.63	0.77
10250	-3.78	-3.15934065934066	-3.12	-13.01	0.95
10264	-3.78	-3.30242673992674	-3.27	-11.01	0.95
10277	-3.78	-3.44551282051282	-3.44	-8.42	0.95
10291	-3.78	-3.5485347985348	-3.53	-6.36	0.95
10304	-3.78	-3.64010989010989	-3.63	-4.94	0.95
10317	-3.78	-3.70306776556777	-3.68	-4.47	0.95
10336	-3.78	-3.75457875457875	-3.74	-3.11	0.95
10350	-3.78	-3.78319597069597	-3.78	-1.25	0.11
10363	-3.78	-3.78319597069597	-3.79	0	0.11
10376	-3.78	-3.78319597069597	-3.78	0.91	0.11
10389	-3.78	-3.78319597069597	-3.77	0	0.11
10404	-3.78	-3.78319597069597	-3.78	0	0.11
10419	-3.78	-3.78319597069597	-3.77	0	0.11
10436	-3.78	-3.78319597069597	-3.78	0	0.11
10449	-3.78	-3.78319597069597	-3.78	0	0.11
10462	-3.78	-3.78319597069597	-3.78	0	1.01
10475	-3.78	-3.78319597069597	-3.78	0	1.01
10491	-3.78	-3.78319597069597	-3.78	0	1.01
10506	-3.78	-3.78319597069597	-3.78	0	1.01
10523	-3.78	-3.78319597069597	-3.78	-0.07	1.01
10536	-3.78	-3.78319597069597	-3.79	-0.45	1.01
10549	-3.78	-3.78319597069597	-3.79	0	1.01
10562	-3.78	-3.78319597069597	-3.79	0	0.9
10577	-3.78	-3.78319597069597	-3.79	0	0.9
10590	-3.78	-3.78319597069597	-3.78	0	0.9
10605	-3.78	-3.78319597069597	-3.78	0	0.9
10618	-3.78	-3.78319597069597	-3.78	0	0.9
10635	-3.78	-3.78319597069597	-3.78	0	0.9
10648	-3.78	-3.78319597069597	-3.78	0	0.9
10661	-3.78	-3.78319597069597	-3.78	0	0.9
10674	-3.78	-3.78319597069597	-3.78	0	0.87
10691	3.38	-3.78319597069597	-3.78	0	0.87
10704	3.38	-3.78319597069597	-3.78	0	0.87
10717	3.38	-3.77174908424908	-3.78	0	0.87
10732	3.38	-3.73740842490842	-3.77	3.53	0.87
10745	3.38	-3.68017399267399	-3.72	6.09	0.87
10760	3.38	-3.60576923076923	-3.65	7.34	0.87
10775	3.38	-3.50274725274725	-3.55	8.18	0
10790	3.38	-3.35966117216117	-3.37	9.23	0
10803	3.38	-3.19368131868132	-3.25	11.01	0
10818	3.38	-3.03914835164835	-3.11	13.63	0
10832	3.38	-2.8331043956044	-2.87	14.31	0
10845	3.38	-2.66712454212454	-2.71	13.01	0
10860	3.38	-2.46680402930403	-2.48	11.45	0
10878	3.38	-2.26648351648352	-2.35	11.45	0.26
10897	3.38	-2.04326923076923	-2.1	14.31	0.26
10910	3.38	-1.82005494505495	-1.89	14.31	0.26
10925	3.38	-1.62545787545788	-1.65	12.44	0.26
10942	3.38	-1.45375457875458	-1.51	12.44	0.26
10962	3.38	-1.20192307692308	-1.24	12.44	0.26
10981	3.38	-0.927197802197802	-1.04	13.63	0.22
10996	3.38	-0.726877289377289	-0.76	13.01	0.22
11013	3.38	-0.53228021978022	-0.61	12.44	0.22
11029	3.38	-0.303342490842491	-0.33	13.01	0.22
11044	3.38	-0.0972985347985348	-0.18	13.63	0.22
11059	3.38	0.0915750915750916	0.06	13.01	0.22
11074	3.38	0.291895604395604	0.22	13.63	0.22
11089	3.38	0.486492673992674	0.41	12.44	0.27
11102	3.38	0.681089743589744	0.6	13.63	0.27
11117	3.38	0.881410256410256	0.82	13.01	0.27
11132	3.38	1.04739010989011	0.97	13.01	0.27
11145	3.38	1.24198717948718	1.21	13.01	0.27
11162	3.38	1.40224358974359	1.34	12.44	0.27
11179	3.38	1.62545787545788	1.55	11.92	0.27
11196	3.38	1.84867216117216	1.83	13.01	0.27
11211	3.38	2.066163003663	2.01	13.63	0.27
11226	3.38	2.26076007326007	2.26	13.01	0.27
11241	3.38	2.45535714285714	2.4	13.01	0.27
11259	3.38	2.6614010989011	2.62	13.63	0.27
11276	3.38	2.86172161172161	2.82	11.01	0.27
11291	3.38	3.03914835164835	3.03	8.42	0.27
11306	3.38	3.15934065934066	3.15	5.5	0.94
11319	3.38	3.24519230769231	3.23	4.85	0.94
11336	3.38	3.30242673992674	3.28	3.92	0.94
11351	3.38	3.35393772893773	3.35	2.65	0.94
11368	3.38	3.37110805860806	3.38	1.03	0.94
11381	3.38	3.3768315018315	3.38	0	0.94
11398	3.38	3.3768315018315	3.38	0	0.94
11411	3.38	3.3768315018315	3.38	0	0.92
11428	3.38	3.3768315018315	3.38	0	0.92
11441	3.38	3.3768315018315	3.38	0	0.92
11454	3.38	3.3768315018315	3.38	0	0.92
11467	3.38	3.3768315018315	3.38	0	0.92
11482	3.38	3.3768315018315	3.38	0	0.92
11495	3.38	3.3768315018315	3.38	0	0.92
11510	3.38	3.3768315018315	3.38	0	0.92
11523	3.38	3.3768315018315	3.38	0	0.92
11536	3.38	3.3768315018315	3.38	0	0.92
11551	3.38	3.3768315018315	3.38	0	0.92
11566	3.38	3.3768315018315	3.38	0	0.92
11579	3.38	3.3768315018315	3.38	0	0.92
11594	3.38	3.3768315018315	3.38	0	0.92
11607	3.38	3.3768315018315	3.38	0	0.92
11620	3.38	3.3768315018315	3.38	0	0.92
11633	3.38	3.3768315018315	3.38	0	0.92
11650	3.38	3.3768315018315	3.38	0	0.92
11665	3.38	3.3768315018315	3.38	0	0.92
11678	-3.78	3.3768315018315	3.38	0	0.92
11691	-3.78	3.3768315018315	3.38	0	0.92
11706	-3.78	3.36538461538462	3.37	0	0.92
11721	-3.78	3.32532051282051	3.36	-3.37	1.82
11735	-3.78	3.25663919413919	3.29	-5.61	1.82
11748	-3.78	3.18223443223443	3.22	-7.53	1.82
11761	-3.78	3.0849358974359	3.09	-8.42	1.82
11776	-3.78	2.95902014652015	3	-10.22	1.82
11790	-3.78	2.78731684981685	2.8	-11.92	1.82
11803	-3.78	2.63278388278388	2.68	-11.92	1.82
11818	-3.78	2.43818681318681	2.55	-13.01	1.31
11834	-3.78	2.26076007326007	2.28	-13.01	1.31
11847	-3.78	2.06043956043956	2.11	-12.44	1.31
11862	-3.78	1.86011904761905	1.91	-11.92	1.31
11875	-3.78	1.69986263736264	1.76	-12.44	1.31
11888	-3.78	1.52815934065934	1.59	-14.31	1.31
11905	-3.78	1.35645604395604	1.43	-14.31	1.31
11926	-3.78	1.07028388278388	1.09	-11.92	0.62
11941	-3.78	0.86996336996337	0.92	-13.01	0.62
11961	-3.78	0.641025641025641	0.69	-13.01	0.62
11974	-3.78	0.412087912087912	0.48	-13.01	0.62
11989	-3.78	0.240384615384615	0.25	-13.63	0.62
12002	-3.78	0.0400641025641026	0.1	-13.63	0.62
12017	-3.78	-0.131639194139194	-0.13	-13.01	0.62
12032	-3.78	-0.35485347985348	-0.31	-12.44	0.6
12045	-3.78	-0.51510989010989	-0.46	-13.01	0.6
12058	-3.78	-0.686813186813187	-0.63	-12.44	0.6
12074	-3.78	-0.864239926739927	-0.82	-12.44	0.6
12087	-3.78	-1.06456043956044	-1	-13.01	0.6
12100	-3.78	-1.23626373626374	-1.22	-13.63	0.6
12114	-3.78	-1.41941391941392	-1.36	-13.63	0.6
12130	-3.78	-1.59684065934066	-1.56	-13.63	0.6
12145	-3.78	-1.82005494505495	-1.78	-13.63	0.81
12162	-3.78	-1.99175824175824	-1.93	-13.63	0.81
12175	-3.78	-2.21497252747253	-2.2	-12.44	0.81
12188	-3.78	-2.38667582417582	-2.32	-13.01	0.81
12201	-3.78	-2.55265567765568	-2.54	-13.01	0.81
12216	-3.78	-2.73008241758242	-2.67	-12.44	0.81
12229	-3.78	-2.92467948717949	-2.9	-13.63	0.81
12242	-3.78	-3.09638278388278	-3.02	-13.01	0.83
12257	-3.78	-3.25091575091575	-3.23	-11.92	0.83
12274	-3.78	-3.40544871794872	-3.38	-9.23	0.83
12287	-3.78	-3.5485347985348	-3.54	-6.98	0.83
12304	-3.78	-3.65155677655678	-3.63	-5.11	0.83
12319	-3.78	-3.7202380952381	-3.7	-3.87	0.83
12335	-3.78	-3.76602564102564	-3.77	-2.58	0.83
12350	-3.78	-3.78891941391941	-3.79	0	0.13
12363	-3.78	-3.78891941391941	-3.79	0	0.13
12376	-3.78	-3.78319597069597	-3.78	0.99	0.13
12389	-3.78	-3.78319597069597	-3.77	0.61	0.13
12406	-3.78	-3.78319597069597	-3.78	0	0.13
12421	-3.78	-3.78319597069597	-3.78	0.04	0.13
12436	-3.78	-3.78319597069597	-3.78	0	0.13
12451	-3.78	-3.78319597069597	-3.78	0	0.9
12466	-3.78	-3.78319597069597	-3.78	0	0.9
12479	-3.78	-3.78319597069597	-3.78	0	0.9
12492	-3.78	-3.78319597069597	-3.78	0	0.9
12507	-3.78	-3.78319597069597	-3.78	0	0.9
12522	-3.78	-3.78319597069597	-3.78	-0.06	0.9
12537	-3.78	-3.78319597069597	-3.79	-0.6	0.9
12550	-3.78	-3.78319597069597	-3.79	0	0.93
12563	-3.78	-3.78319597069597	-3.79	0	0.93
12576	-3.78	-3.78319597069597	-3.79	0	0.93
12591	-3.78	-3.78319597069597	-3.79	0	0.93
12604	-3.78	-3.78319597069597	-3.79	0	0.93
12617	-3.78	-3.78319597069597	-3.79	0	0.93
12632	-3.78	-3.78319597069597	-3.78	0	0.93
12647	-3.78	-3.78319597069597	-3.78	0	0.93
12660	-3.78	-3.78319597069597	-3.78	0	0.73
12675	3.38	-3.78319597069597	-3.78	0	0.73
12688	3.38	-3.78319597069597	-3.78	0	0.73
12703	3.38	-3.77174908424908	-3.78	0	0.73
12716	3.38	-3.73740842490842	-3.77	2.83	0.73
12729	3.38	-3.68017399267399	-3.73	5.84	0.73
12744	3.38	-3.60576923076923	-3.63	7.53	0.73
12758	3.38	-3.49130036630037	-3.5	8.67	-0.05
12771	3.38	-3.38255494505495	-3.41	9.23	-0.05
12786	3.38	-3.23946886446886	-3.27	11.45	-0.05
12799	3.38	-3.05631868131868	-3.07	13.63	-0.05
12813	3.38	-2.88461538461538	-2.94	15.06	-0.05
12826	3.38	-2.71291208791209	-2.73	13.63	-0.05
12843	3.38	-2.51259157509158	-2.51	11.92	-0.05
12856	3.38	-2.30654761904762	-2.36	12.44	0.23
12870	3.38	-2.13484432234432	-2.15	12.44	0.23
12883	3.38	-1.96886446886447	-2.03	13.01	0.23
12896	3.38	-1.79716117216117	-1.83	13.63	0.23
12913	3.38	-1.59684065934066	-1.63	13.63	0.23
12928	3.38	-1.39652014652015	-1.43	13.63	0.23
12943	3.38	-1.20764652014652	-1.21	13.01	0.23
12958	3.38	-1.01304945054945	-1.06	13.01	0.23
12971	3.38	-0.824175824175824	-0.88	13.01	0.16
12984	3.38	-0.652472527472527	-0.72	14.31	0.16
13000	3.38	-0.469322344322344	-0.48	13.63	0.16
13015	3.38	-0.246108058608059	-0.33	13.01	0.16
13028	3.38	-0.0801282051282051	-0.11	13.01	0.16
13045	3.38	0.125915750915751	0.08	13.01	0.16
13060	3.38	0.314789377289377	0.26	13.01	0.16
13075	3.38	0.509386446886447	0.45	13.01	0.19
13088	3.38	0.703983516483517	0.68	13.01	0.19
13101	3.38	0.875686813186813	0.83	13.01	0.19
13114	3.38	1.05311355311355	1.02	13.01	0.19
13129	3.38	1.22481684981685	1.17	13.01	0.19
13142	3.38	1.41369047619048	1.35	12.44	0.19
13159	3.38	1.61401098901099	1.57	12.44	0.19
13175	3.38	1.8143315018315	1.79	13.63	0.24
13194	3.38	2.03754578754579	2	12.44	0.24
13210	3.38	2.26648351648352	2.2	13.01	0.24
13223	3.38	2.46680402930403	2.43	13.63	0.24
13236	3.38	2.62706043956044	2.59	13.01	0.24
13249	3.38	2.78731684981685	2.75	12.44	0.24
13269	3.38	2.9532967032967	2.94	9.87	0.24
13282	3.38	3.11355311355311	3.09	6.98	0.84
13297	3.38	3.21657509157509	3.19	5.96	0.84
13310	3.38	3.27953296703297	3.26	4.69	0.84
13325	3.38	3.33104395604396	3.32	3.11	0.84
13340	3.38	3.37110805860806	3.37	1.59	0.84
13353	3.38	3.3768315018315	3.38	0	0.84
13368	3.38	3.3768315018315	3.38	0	0.84
13381	3.38	3.3768315018315	3.38	0	0.91
13396	3.38	3.3768315018315	3.38	0	0.91
13411	3.38	3.3768315018315	3.38	0	0.91
13427	3.38	3.3768315018315	3.38	0	0.91
13440	3.38	3.3768315018315	3.38	0	0.91
13453	3.38	3.3768315018315	3.38	0	0.91
13466	3.38	3.3768315018315	3.38	0	0.91
13482	3.38	3.3768315018315	3.38	0	0.91
13497	3.38	3.3768315018315	3.38	0	0.91
13512	3.38	3.3768315018315	3.38	0	0.91
13531	3.38	3.3768315018315	3.38	0	0.91
13544	3.38	3.3768315018315	3.38	0	0.91
13557	3.38	3.3768315018315	3.38	0	0.91
13570	3.38	3.3768315018315	3.38	0	0.91
13584	3.38	3.3768315018315	3.38	0	0.91
13601	3.38	3.3768315018315	3.38	0	0.91
13616	3.38	3.3768315018315	3.38	0	0.91
13629	3.38	3.3768315018315	3.38	0	0.91
13643	3.38	3.3768315018315	3.38	0	0.91
13656	3.38	3.3768315018315	3.38	0	0.91
13672	3.38	3.3768315018315	3.38	0	0.91
13685	-3.78	3.3768315018315	3.38	0	0.91
13703	-3.78	3.36538461538462	3.37	0	0.91
13720	-3.78	3.31387362637363	3.35	-4.21	0.91
13737	-3.78	3.23374542124542	3.26	-6.98	0.91
13754	-3.78	3.10210622710623	3.13	-9.23	0.91
13769	-3.78	2.97619047619048	3	-9.23	0.91
13785	-3.78	2.81021062271062	2.84	-11.01	0.91
13802	-3.78	2.62706043956044	2.67	-13.63	1.47
13815	-3.78	2.4095695970696	2.46	-13.63	1.47
13828	-3.78	2.23214285714286	2.25	-13.01	1.47
13843	-3.78	2.03182234432234	2.05	-13.01	1.47
13860	-3.78	1.87156593406593	1.91	-13.01	1.47
13878	-3.78	1.64262820512821	1.65	-12.44	1.47
13895	-3.78	1.38507326007326	1.4	-13.01	0.84
13911	-3.78	1.18475274725275	1.24	-13.63	0.84
13928	-3.78	0.990155677655678	1.01	-13.01	0.84
13945	-3.78	0.766941391941392	0.77	-13.01	0.84
13962	-3.78	0.543727106227106	0.6	-13.01	0.84
13978	-3.78	0.314789377289377	0.33	-13.01	0.84
13993	-3.78	0.114468864468864	0.17	-13.01	0.84
14006	-3.78	-0.0801282051282051	-0.07	-13.01	0.65
14021	-3.78	-0.251831501831502	-0.19	-11.92	0.65
14038	-3.78	-0.446428571428571	-0.44	-13.63	0.65
14053	-3.78	-0.669642857142857	-0.62	-13.63	0.65
14067	-3.78	-0.875686813186813	-0.84	-13.01	0.65
14080	-3.78	-1.05311355311355	-0.98	-12.44	0.65
14095	-3.78	-1.21909340659341	-1.17	-13.63	0.65
14112	-3.78	-1.40796703296703	-1.4	-12.44	0.74
14127	-3.78	-1.63118131868132	-1.58	-11.92	0.74
14140	-3.78	-1.83150183150183	-1.77	-13.01	0.74
14155	-3.78	-2.00320512820513	-1.97	-13.01	0.74
14172	-3.78	-2.23214285714286	-2.22	-13.01	0.74
14185	-3.78	-2.42673992673993	-2.38	-13.63	0.74
14198	-3.78	-2.59271978021978	-2.5	-11.92	0.74
14211	-3.78	-2.75869963369963	-2.74	-11.92	0.75
14224	-3.78	-2.93040293040293	-2.87	-13.01	0.75
14238	-3.78	-3.10782967032967	-3.09	-13.01	0.75
14251	-3.78	-3.26236263736264	-3.22	-12.44	0.75
14264	-3.78	-3.39972527472527	-3.39	-10.6	0.75
14277	-3.78	-3.51419413919414	-3.53	-7.73	0.75
14290	-3.78	-3.61149267399267	-3.59	-5.4	0.75
14304	-3.78	-3.68017399267399	-3.68	-3.97	0.75
14317	-3.78	-3.73168498168498	-3.72	-3.08	0.38
14332	-3.78	-3.76602564102564	-3.76	-2.11	0.38
14345	-3.78	-3.78319597069597	-3.78	-0.79	0.38
14358	-3.78	-3.78319597069597	-3.78	0	0.38
14371	-3.78	-3.78319597069597	-3.78	0	0.38
14384	-3.78	-3.78319597069597	-3.78	0	0.38
14397	-3.78	-3.78319597069597	-3.78	0	0.38
14414	-3.78	-3.78319597069597	-3.78	0	0.38
14431	-3.78	-3.78319597069597	-3.78	0	0.8
14444	-3.78	-3.78319597069597	-3.78	0	0.8
14457	-3.78	-3.78319597069597	-3.78	0	0.8
14472	-3.78	-3.78319597069597	-3.78	-0.05	0.8
14485	-3.78	-3.78319597069597	-3.78	-0.05	0.8
14502	-3.78	-3.78319597069597	-3.78	-0.05	0.8
14519	-3.78	-3.78319597069597	-3.78	-0.05	0.8
14534	-3.78	-3.78319597069597	-3.78	-0.05	0.92
14547	-3.78	-3.78319597069597	-3.78	-0.05	0.92
14560	-3.78	-3.78319597069597	-3.78	-0.05	0.92
14573	-3.78	-3.78319597069597	-3.78	-0.05	0.92
14586	-3.78	-3.78319597069597	-3.78	-0.05	0.92
14601	-3.78	-3.78319597069597	-3.78	-0.04	0.92
14618	-3.78	-3.78319597069597	-3.78	-0.04	0.92
14631	-3.78	-3.78319597069597	-3.78	-0.03	0.93
14644	-3.78	-3.78319597069597	-3.78	-0.03	0.93
14657	-3.78	-3.78319597069597	-3.78	-0.03	0.93
14674	-3.78	-3.78319597069597	-3.78	-0.03	0.93
14687	3.38	-3.78319597069597	-3.78	-0.03	0.93
14700	3.38	-3.78319597069597	-3.78	-0.02	0.93
14715	3.38	-3.77174908424908	-3.78	0	0.93
14731	3.38	-3.73168498168498	-3.78	2.72	0.93
14746	3.38	-3.65728021978022	-3.7	6.81	-0.62
14761	3.38	-3.58287545787546	-3.62	8.67	-0.62
14778	3.38	-3.43978937728938	-3.46	8.94	-0.62
14793	3.38	-3.30242673992674	-3.33	9.87	-0.62
14806	3.38	-3.13644688644689	-3.19	11.45	-0.62
14819	3.38	-2.96474358974359	-3.04	13.01	-0.62
14835	3.38	-2.78159340659341	-2.82	15.06	-0.62
14850	3.38	-2.55837912087912	-2.58	13.01	0.42
14863	3.38	-2.39239926739927	-2.43	11.45	0.42
14876	3.38	-2.22069597069597	-2.3	11.45	0.42
14891	3.38	-2.05471611721612	-2.16	13.01	0.42
14910	3.38	-1.82577838827839	-1.87	13.63	0.42
14926	3.38	-1.6025641025641	-1.65	13.63	0.42
14941	3.38	-1.40796703296703	-1.47	12.44	0.42
14956	3.38	-1.21336996336996	-1.26	11.92	0.3
14969	3.38	-1.01877289377289	-1.08	12.44	0.3
14982	3.38	-0.847069597069597	-0.93	13.63	0.3
14997	3.38	-0.681089743589744	-0.77	14.31	0.3
15012	3.38	-0.457875457875458	-0.49	13.01	0.3
15027	3.38	-0.291895604395604	-0.34	13.01	0.3
15043	3.38	-0.0915750915750916	-0.1	12.44	0.3
15060	3.38	0.108745421245421	0.06	13.63	0.21
15073	3.38	0.331959706959707	0.27	13.01	0.21
15090	3.38	0.49793956043956	0.42	13.63	0.21
15107	3.38	0.755494505494506	0.72	12.44	0.21
15124	3.38	0.944368131868132	0.89	13.63	0.21
15139	3.38	1.16758241758242	1.11	13.01	0.21
15157	3.38	1.40796703296703	1.36	12.44	0.26
15172	3.38	1.59684065934066	1.54	13.01	0.26
15185	3.38	1.79143772893773	1.74	14.31	0.26
15200	3.38	1.96314102564103	1.93	13.63	0.26
15215	3.38	2.16346153846154	2.08	13.01	0.26
15228	3.38	2.35233516483516	2.33	13.63	0.26
15243	3.38	2.52403846153846	2.47	13.63	0.26
15260	3.38	2.74725274725275	2.71	12.44	0.29
15275	3.38	2.91895604395604	2.88	11.45	0.29
15288	3.38	3.05631868131868	3.06	8.18	0.29
15303	3.38	3.15934065934066	3.14	6.09	0.29
15318	3.38	3.25663919413919	3.23	4.85	0.29
15333	3.38	3.31387362637363	3.3	4.03	0.29
15346	3.38	3.35393772893773	3.34	2.37	0.29
15360	3.38	3.37110805860806	3.38	0.77	0.97
15373	3.38	3.3768315018315	3.38	0	0.97
15386	3.38	3.3768315018315	3.38	0	0.97
15399	3.38	3.3768315018315	3.38	0	0.97
15416	3.38	3.3768315018315	3.38	0	0.97
15429	3.38	3.3768315018315	3.38	0	0.97
15442	3.38	3.3768315018315	3.38	0	0.97
15458	3.38	3.3768315018315	3.38	0	0.95
15471	3.38	3.3768315018315	3.38	0	0.95
15484	3.38	3.3768315018315	3.38	0	0.95
15497	3.38	3.3768315018315	3.38	0	0.95
15512	3.38	3.3768315018315	3.38	0	0.95
15527	3.38	3.3768315018315	3.38	0	0.95
15544	3.38	3.3768315018315	3.38	0	0.95
15557	3.38	3.3768315018315	3.38	0	0.95
15570	3.38	3.3768315018315	3.38	0	0.95
15583	3.38	3.3768315018315	3.38	0	0.95
15596	3.38	3.3768315018315	3.38	0	0.95
15609	3.38	3.3768315018315	3.38	0	0.95
15626	3.38	3.3768315018315	3.38	0	0.95
15639	3.38	3.3768315018315	3.38	0	0.95
15652	3.38	3.3768315018315	3.38	0	0.95
15667	3.38	3.3768315018315	3.38	0	0.96
15680	-3.78	3.3768315018315	3.38	0	0.96
15693	-3.78	3.3768315018315	3.38	0	0.96
15706	-3.78	3.35966117216117	3.37	-0.5	0.96
15719	-3.78	3.31959706959707	3.35	-3.87	0.96
15732	-3.78	3.25663919413919	3.29	-5.5	0.96
15745	-3.78	3.18223443223443	3.19	-7.53	0.96
15758	-3.78	3.07921245421245	3.11	-9.23	0.96
15771	-3.78	2.96474358974359	2.97	-9.87	1.45
15784	-3.78	2.8331043956044	2.87	-11.01	1.45
15797	-3.78	2.67857142857143	2.71	-11.92	1.45
15810	-3.78	2.51831501831502	2.52	-13.63	1.45
15825	-3.78	2.34088827838828	2.39	-13.63	1.45
15838	-3.78	2.14629120879121	2.15	-13.01	1.45
15853	-3.78	1.96886446886447	1.97	-12.44	1.45
15869	-3.78	1.74565018315018	1.83	-13.01	0.95
15882	-3.78	1.56822344322344	1.61	-13.01	0.95
15897	-3.78	1.3907967032967	1.41	-14.31	0.95
15910	-3.78	1.20192307692308	1.25	-14.31	0.95
15923	-3.78	1.03021978021978	1.06	-13.01	0.95
15940	-3.78	0.829899267399267	0.86	-12.44	0.95
15955	-3.78	0.635302197802198	0.69	-13.01	0.95
15968	-3.78	0.440705128205128	0.53	-13.01	0.79
15981	-3.78	0.274725274725275	0.3	-13.63	0.79
15996	-3.78	0.0744047619047619	0.16	-14.31	0.79
16009	-3.78	-0.103021978021978	-0.07	-14.31	0.79
16023	-3.78	-0.286172161172161	-0.22	-12.44	0.79
16036	-3.78	-0.457875457875458	-0.45	-13.01	0.79
16051	-3.78	-0.618131868131868	-0.6	-13.63	0.79
16064	-3.78	-0.824175824175824	-0.76	-13.63	0.79
16082	-3.78	-0.990155677655678	-0.96	-13.01	0.85
16099	-3.78	-1.21909340659341	-1.16	-13.01	0.85
16114	-3.78	-1.44230769230769	-1.37	-13.01	0.85
16130	-3.78	-1.64835164835165	-1.64	-13.01	0.85
16147	-3.78	-1.84294871794872	-1.79	-12.44	0.85
16164	-3.78	-2.09478021978022	-2.05	-12.44	0.85
16180	-3.78	-2.32944139194139	-2.23	-13.01	0.82
16195	-3.78	-2.4896978021978	-2.42	-14.31	0.82
16212	-3.78	-2.71291208791209	-2.68	-12.44	0.82
16229	-3.78	-2.90750915750916	-2.86	-13.01	0.82
16244	-3.78	-3.15361721611722	-3.12	-12.44	0.82
16261	-3.78	-3.2967032967033	-3.27	-11.01	0.82
16276	-3.78	-3.47985347985348	-3.47	-7.34	0.82
16289	-3.78	-3.58287545787546	-3.57	-6.22	0.12
16302	-3.78	-3.65728021978022	-3.63	-4.77	0.12
16316	-3.78	-3.7202380952381	-3.71	-3.92	0.12
16333	-3.78	-3.75457875457875	-3.74	-2.31	0.12
16348	-3.78	-3.77747252747253	-3.78	-0.75	0.12
16365	-3.78	-3.78319597069597	-3.78	0	0.12
16382	-3.78	-3.78319597069597	-3.78	0	0.12
16399	-3.78	-3.78319597069597	-3.78	0	0.46
16412	-3.78	-3.78319597069597	-3.78	0	0.46
16425	-3.78	-3.78319597069597	-3.78	0	0.46
16438	-3.78	-3.78319597069597	-3.78	0	0.46
16453	-3.78	-3.78319597069597	-3.78	0	0.46
16468	-3.78	-3.78319597069597	-3.78	0	0.46
16483	-3.78	-3.78319597069597	-3.78	0	0.46
16500	-3.78	-3.78319597069597	-3.78	0	1.15
16516	-3.78	-3.78319597069597	-3.78	0	1.15
16533	-3.78	-3.78319597069597	-3.78	0	1.15
16550	-3.78	-3.78319597069597	-3.78	0	1.15
16567	-3.78	-3.78319597069597	-3.78	0	1.15
16584	-3.78	-3.78319597069597	-3.78	0	1.15
16597	-3.78	-3.78319597069597	-3.78	0	1.13
16610	-3.78	-3.78319597069597	-3.78	0	1.13
16623	-3.78	-3.78319597069597	-3.78	0	1.13
16640	-3.78	-3.78319597069597	-3.78	0	1.13
16657	-3.78	-3.78319597069597	-3.78	0	1.13
16671	-3.78	-3.78319597069597	-3.78	0	1.13
16684	3.38	-3.78319597069597	-3.78	0	1.13
16701	3.38	-3.77174908424908	-3.78	0	0.99
16714	3.38	-3.73168498168498	-3.78	1.92	0.99
16727	3.38	-3.67445054945055	-3.73	6.09	0.99
16742	3.38	-3.60004578754579	-3.62	8.18	0.99
16755	3.38	-3.49130036630037	-3.53	9.23	0.99
16770	3.38	-3.37110805860806	-3.38	9.54	0.99
16785	3.38	-3.21085164835165	-3.22	11.01	0.99
16800	3.38	-3.02770146520147	-3.08	12.44	-0.27
16813	3.38	-2.8331043956044	-2.84	14.31	-0.27
16826	3.38	-2.66712454212454	-2.7	14.31	-0.27
16839	3.38	-2.49542124542125	-2.51	13.01	-0.27
16852	3.38	-2.32371794871795	-2.33	11.92	-0.27
16865	3.38	-2.15201465201465	-2.21	11.92	-0.27
16880	3.38	-1.98031135531136	-2.02	13.01	-0.27
16893	3.38	-1.77999084249084	-1.79	15.06	-0.27
16906	3.38	-1.61973443223443	-1.64	12.44	0.34
16919	3.38	-1.44803113553114	-1.45	12.44	0.34
16932	3.38	-1.27632783882784	-1.33	12.44	0.34
16946	3.38	-1.09317765567766	-1.14	13.01	0.34
16959	3.38	-0.915750915750916	-0.98	13.01	0.34
16976	3.38	-0.721153846153846	-0.76	13.01	0.34
16989	3.38	-0.526556776556777	-0.57	13.01	0.34
17003	3.38	-0.35485347985348	-0.38	13.01	0.28
17016	3.38	-0.17742673992674	-0.19	13.01	0.28
17029	3.38	-0.00572344322344322	-0.07	13.63	0.28
17042	3.38	0.171703296703297	0.14	14.31	0.28
17055	3.38	0.33768315018315	0.33	13.63	0.28
17070	3.38	0.509386446886447	0.46	14.31	0.28
17083	3.38	0.703983516483517	0.65	13.01	0.28
17096	3.38	0.881410256410256	0.86	12.44	0.28
17109	3.38	1.04739010989011	1.02	13.63	0.18
17122	3.38	1.21909340659341	1.16	13.63	0.18
17135	3.38	1.38507326007326	1.36	13.01	0.18
17148	3.38	1.5625	1.55	13.01	0.18
17161	3.38	1.72847985347985	1.68	13.01	0.18
17174	3.38	1.90018315018315	1.87	13.63	0.18
17187	3.38	2.066163003663	2.02	13.63	0.18
17200	3.38	2.2378663003663	2.21	13.01	0.18
17215	3.38	2.41529304029304	2.35	13.63	0.32
17230	3.38	2.60989010989011	2.58	13.63	0.32
17245	3.38	2.82165750915751	2.82	12.44	0.32
17258	3.38	2.95902014652015	2.96	9.54	0.32
17273	3.38	3.09065934065934	3.1	7.15	0.32
17286	3.38	3.18795787545788	3.17	5.5	0.32
17299	3.38	3.26236263736264	3.25	4.85	0.32
17312	3.38	3.31959706959707	3.3	4.09	0.63
17325	3.38	3.35966117216117	3.35	2.86	0.63
17340	3.38	3.3768315018315	3.38	1.11	0.63
17353	3.38	3.3768315018315	3.38	0	0.63
17368	3.38	3.3768315018315	3.38	0	0.63
17382	3.38	3.3768315018315	3.38	0	0.63
17395	3.38	3.3768315018315	3.38	0	0.63
17410	3.38	3.3768315018315	3.38	-0.1	1.53
17426	3.38	3.3768315018315	3.38	-0.1	1.53
17441	3.38	3.3768315018315	3.38	-0.1	1.53
17456	3.38	3.3768315018315	3.38	-0.1	1.53
17469	3.38	3.3768315018315	3.38	-0.09	1.53
17484	3.38	3.3768315018315	3.37	-0.65	1.53
17497	3.38	3.3768315018315	3.37	-0.34	1.53
17510	3.38	3.3768315018315	3.37	0	1.53
17523	3.38	3.3768315018315	3.37	0	0.58
17540	3.38	3.3768315018315	3.37	0	0.58
17553	3.38	3.3768315018315	3.37	0	0.58
17569	3.38	3.3768315018315	3.38	0.7	0.58
17584	3.38	3.3768315018315	3.38	0.42	0.58
17599	3.38	3.3768315018315	3.38	0	0.58
17614	3.38	3.3768315018315	3.38	0	0.58
17627	3.38	3.3768315018315	3.38	0	0.8
17640	3.38	3.3768315018315	3.38	0	0.8
17655	3.38	3.3768315018315	3.38	0	0.8
17670	3.38	3.3768315018315	3.38	0	0.8
17684	-3.78	3.3768315018315	3.38	0	0.8
17697	-3.78	3.3768315018315	3.38	0	0.8
17714	-3.78	3.34821428571429	3.37	-1.75	0.8
17729	-3.78	3.30242673992674	3.32	-4.69	1.65
17742	-3.78	3.22229853479853	3.26	-6.22	1.65
17761	-3.78	3.11355311355311	3.15	-8.42	1.65
17774	-3.78	2.97046703296703	3.01	-9.87	1.65
17789	-3.78	2.8331043956044	2.86	-11.45	1.65
17806	-3.78	2.621336996337	2.66	-13.01	1.65
17820	-3.78	2.41529304029304	2.47	-14.31	1.65
17833	-3.78	2.24358974358974	2.28	-13.63	1
17849	-3.78	2.07188644688645	2.05	-11.92	1
17862	-3.78	1.87156593406593	1.92	-11.45	1
17877	-3.78	1.69986263736264	1.71	-13.01	1
17890	-3.78	1.51098901098901	1.57	-13.01	1
17903	-3.78	1.33356227106227	1.4	-13.63	1
17918	-3.78	1.17330586080586	1.24	-13.63	1
17931	-3.78	0.984432234432235	1.06	-12.44	0.57
17946	-3.78	0.807005494505495	0.88	-13.63	0.57
17960	-3.78	0.606684981684982	0.62	-12.44	0.57
17975	-3.78	0.423534798534799	0.49	-12.44	0.57
17992	-3.78	0.234661172161172	0.31	-12.44	0.57
18005	-3.78	0.0228937728937729	0.1	-12.44	0.57
18018	-3.78	-0.148809523809524	-0.12	-12.44	0.57
18034	-3.78	-0.360576923076923	-0.24	-13.01	0.75
18053	-3.78	-0.566620879120879	-0.53	-13.63	0.75
18067	-3.78	-0.789835164835165	-0.74	-13.63	0.75
18082	-3.78	-0.961538461538462	-0.88	-12.44	0.75
18098	-3.78	-1.19619963369963	-1.15	-13.01	0.75
18111	-3.78	-1.36217948717949	-1.3	-13.01	0.75
18126	-3.78	-1.53960622710623	-1.5	-13.01	0.75
18139	-3.78	-1.7342032967033	-1.69	-13.01	0.81
18152	-3.78	-1.90018315018315	-1.84	-13.63	0.81
18170	-3.78	-2.10050366300366	-2.07	-13.01	0.81
18183	-3.78	-2.30082417582418	-2.24	-12.44	0.81
18196	-3.78	-2.46680402930403	-2.4	-13.01	0.81
18215	-3.78	-2.6614010989011	-2.63	-13.01	0.81
18228	-3.78	-2.88461538461538	-2.83	-13.01	0.81
18241	-3.78	-3.04487179487179	-2.98	-13.01	0.69
18254	-3.78	-3.21085164835165	-3.14	-11.92	0.69
18267	-3.78	-3.35393772893773	-3.36	-10.22	0.69
18281	-3.78	-3.47985347985348	-3.45	-7.95	0.69
18296	-3.78	-3.58287545787546	-3.57	-6.22	0.69
18309	-3.78	-3.66300366300366	-3.65	-4.85	0.69
18322	-3.78	-3.7202380952381	-3.7	-3.49	0.69
18342	-3.78	-3.7603021978022	-3.75	-1.95	0.69
18355	-3.78	-3.77747252747253	-3.78	-0.88	0.25
18368	-3.78	-3.78319597069597	-3.78	0	0.25
18383	-3.78	-3.78319597069597	-3.78	0	0.25
18396	-3.78	-3.78319597069597	-3.78	0	0.25
18411	-3.78	-3.78319597069597	-3.78	0	0.25
18428	-3.78	-3.78319597069597	-3.78	0	0.25
18441	-3.78	-3.78319597069597	-3.78	0	0.25
18455	-3.78	-3.78319597069597	-3.78	0	0.82
18468	-3.78	-3.78319597069597	-3.78	0	0.82
18481	-3.78	-3.78319597069597	-3.78	0	0.82
18494	-3.78	-3.78319597069597	-3.78	0	0.82
18509	-3.78	-3.78319597069597	-3.78	0	0.82
18526	-3.78	-3.78319597069597	-3.78	0	0.82
18541	-3.78	-3.78319597069597	-3.78	0	0.82
18554	-3.78	-3.78319597069597	-3.78	0	0.92
18569	-3.78	-3.78319597069597	-3.78	0	0.92
18584	-3.78	-3.78319597069597	-3.78	0	0.92
18601	-3.78	-3.78319597069597	-3.78	0	0.92
18614	-3.78	-3.78319597069597	-3.78	0	0.92
18627	-3.78	-3.78319597069597	-3.78	0	0.92
18640	-3.78	-3.78319597069597	-3.78	0	0.92
18653	-3.78	-3.78319597069597	-3.78	0	0.92
18670	-3.78	-3.78319597069597	-3.78	0	0.92
18683	3.38	-3.78319597069597	-3.78	0	0.92
18696	3.38	-3.78319597069597	-3.78	0	0.92
18709	3.38	-3.76602564102564	-3.78	0	0.92
18724	3.38	-3.73168498168498	-3.77	2.7	0.92
18739	3.38	-3.66872710622711	-3.72	7.15	0.92
18753	3.38	-3.57142857142857	-3.59	8.67	-0.12
18770	3.38	-3.44551282051282	-3.47	8.94	-0.12
18785	3.38	-3.30242673992674	-3.34	10.22	-0.12
18800	3.38	-3.13072344322344	-3.17	11.92	-0.12
18817	3.38	-2.9132326007326	-2.92	15.06	-0.12
18830	3.38	-2.71863553113553	-2.76	14.31	-0.12
18843	3.38	-2.54120879120879	-2.53	13.01	-0.12
18856	3.38	-2.37522893772894	-2.39	11.45	0.5
18876	3.38	-2.17490842490842	-2.22	12.44	0.5
18892	3.38	-1.90590659340659	-1.96	13.01	0.5
18907	3.38	-1.74565018315018	-1.8	14.31	0.5
18920	3.38	-1.53960622710623	-1.56	13.01	0.5
18938	3.38	-1.36217948717949	-1.41	11.45	0.5
18953	3.38	-1.14468864468864	-1.22	13.01	0.5
18970	3.38	-0.955815018315018	-1.01	13.63	0.11
18985	3.38	-0.69253663003663	-0.79	13.01	0.11
18998	3.38	-0.53228021978022	-0.6	13.01	0.11
19017	3.38	-0.331959706959707	-0.37	13.01	0.11
19034	3.38	-0.108745421245421	-0.16	12.44	0.11
19051	3.38	0.108745421245421	0.03	12.44	0.11
19068	3.38	0.389194139194139	0.34	13.01	0.09
19082	3.38	0.566620879120879	0.5	14.31	0.09
19101	3.38	0.761217948717949	0.73	13.01	0.09
19116	3.38	1.00732600732601	0.93	11.92	0.09
19131	3.38	1.20764652014652	1.17	11.92	0.09
19145	3.38	1.37934981684982	1.32	12.44	0.09
19162	3.38	1.57394688644689	1.53	13.63	0.09
19179	3.38	1.76854395604396	1.73	14.31	0.3
19192	3.38	1.99175824175824	1.93	13.01	0.3
19211	3.38	2.18635531135531	2.15	13.63	0.3
19224	3.38	2.40384615384615	2.36	13.01	0.3
19237	3.38	2.56982600732601	2.51	13.01	0.3
19250	3.38	2.73580586080586	2.66	12.44	0.3
19264	3.38	2.89033882783883	2.87	11.01	0.3
19279	3.38	3.03914835164835	3.03	8.67	0.87
19292	3.38	3.15361721611722	3.12	6.5	0.87
19307	3.38	3.25091575091575	3.23	5.11	0.87
19320	3.38	3.30815018315018	3.29	4.4	0.87
19337	3.38	3.35393772893773	3.35	3.04	0.87
19350	3.38	3.38255494505495	3.38	1.45	0.87
19367	3.38	3.38255494505495	3.39	0	0.87
19382	3.38	3.3768315018315	3.38	0	1.3
19395	3.38	3.3768315018315	3.38	0	1.3
19408	3.38	3.3768315018315	3.38	0	1.3
19421	3.38	3.3768315018315	3.38	0	1.3
19436	3.38	3.3768315018315	3.38	-0.1	1.3
19452	3.38	3.3768315018315	3.38	-0.1	1.3
19469	3.38	3.3768315018315	3.38	-0.1	1.3
19484	3.38	3.3768315018315	3.38	-0.1	1.24
19499	3.38	3.3768315018315	3.37	-0.65	1.24
19515	3.38	3.3768315018315	3.37	0	1.24
19528	3.38	3.3768315018315	3.37	0	1.24
19541	3.38	3.3768315018315	3.37	0	1.24
19556	3.38	3.3768315018315	3.37	0	1.24
19569	3.38	3.3768315018315	3.37	0	1.24
19582	3.38	3.3768315018315	3.37	0	0.25
19595	3.38	3.3768315018315	3.37	0	0.25
19610	3.38	3.3768315018315	3.38	0.1	0.25
19627	3.38	3.3768315018315	3.38	0.37	0.25
19646	3.38	3.3768315018315	3.38	0	0.25
19661	3.38	3.3768315018315	3.38	0	0.25
19678	3.38	3.3768315018315	3.38	0	0.25
19691	-3.78	3.3768315018315	3.38	0	0.84
19704	-3.78	3.37110805860806	3.38	0	0.84
19717	-3.78	3.3367673992674	3.37	-2.45	0.84
19734	-3.78	3.29097985347985	3.32	-5.5	0.84
19747	-3.78	3.19940476190476	3.23	-6.98	0.84
19764	-3.78	3.10210622710623	3.11	-8.42	0.84
19777	-3.78	2.94757326007326	2.98	-9.54	0.84
19794	-3.78	2.81021062271062	2.82	-11.45	1.41
19811	-3.78	2.58699633699634	2.6	-12.44	1.41
19826	-3.78	2.38667582417582	2.44	-15.06	1.41
19839	-3.78	2.19207875457875	2.2	-13.01	1.41
19852	-3.78	2.02037545787546	2.02	-12.44	1.41
19865	-3.78	1.8543956043956	1.9	-11.92	1.41
