0	0	0	0	0	-8
10	0	0	0	0	-7
20	0	0	0	0	-3
30	0	0	0	0	-8
40	0	0	0	0	-8
50	0	0	0	0	-7
60	0	0	0	0	-6
70	0.01	0.01	0.01	0.01	561
80	0.01	0.01	0.01	0	-123
90	0.02	0.02	0.01	0	456
100	0.02	0.02	0.02	0	82
110	0.02	0.02	0.02	0	-40
120	0.04	0.04	0.02	0	805
130	0.05	0.05	0.05	1.98	20
140	0.05	0.05	0.05	0	61
150	0.06	0.06	0.05	0.46	597
160	0.07	0.07	0.07	1.92	77
170	0.07	0.07	0.07	0	66
180	0.08	0.08	0.07	0	895
190	0.09	0.09	0.09	2	23
200	0.11	0.11	0.09	0.74	777
210	0.12	0.12	0.12	2.01	77
220	0.13	0.13	0.12	0.74	841
230	0.14	0.14	0.14	2.08	87
240	0.15	0.15	0.15	0.87	554
250	0.16	0.16	0.16	1.9	40
260	0.18	0.18	0.16	0.72	839
270	0.19	0.19	0.19	2	109
280	0.21	0.21	0.2	0.86	1153
290	0.22	0.22	0.22	0	141
300	0.23	0.23	0.23	0	449
310	0.26	0.26	0.25	1.83	974
320	0.27	0.27	0.27	0	176
330	0.29	0.29	0.28	1.18	957
340	0.3	0.3	0.3	0	166
350	0.33	0.33	0.32	0.79	1243
360	0.34	0.34	0.34	0	123
370	0.36	0.36	0.35	1.03	977
380	0.39	0.39	0.39	2.19	539
390	0.4	0.4	0.4	0	204
400	0.42	0.42	0.41	0.75	1186
410	0.44	0.44	0.44	1.88	512
420	0.47	0.47	0.46	0	1054
430	0.49	0.49	0.48	1.81	666
440	0.51	0.51	0.51	1.65	543
450	0.54	0.54	0.53	0	973
460	0.56	0.56	0.55	1.58	687
470	0.58	0.58	0.57	1.58	816
480	0.61	0.61	0.6	1.72	690
490	0.63	0.63	0.62	0	985
500	0.65	0.65	0.65	1.91	537
510	0.69	0.69	0.68	1.72	1345
520	0.71	0.71	0.71	0	229
530	0.74	0.74	0.72	2.56	734
540	0.77	0.77	0.76	2.04	1225
550	0.79	0.79	0.79	0	288
560	0.83	0.83	0.83	8.35	304
570	0.85	0.85	0.85	0	207
580	0.89	0.89	0.86	1.43	1609
590	0.91	0.91	0.91	0	309
600	0.95	0.95	0.92	6.95	1911
610	0.98	0.98	0.98	2.24	530
620	1	1	1	1.83	373
630	1.04	1.04	1.02	1.49	1662
640	1.08	1.08	1.08	2.8	535
650	1.11	1.11	1.1	3.72	752
660	1.15	1.15	1.13	2.19	1013
670	1.18	1.18	1.18	5.31	631
680	1.22	1.22	1.2	0	1111
690	1.25	1.25	1.24	5.96	830
700	1.29	1.29	1.27	0	1328
710	1.32	1.32	1.32	5.04	609
720	1.36	1.36	1.34	0	1469
730	1.39	1.39	1.39	5.04	623
740	1.43	1.43	1.41	0	1101
750	1.46	1.46	1.45	6.88	875
760	1.51	1.51	1.48	1.99	1493
770	1.54	1.54	1.54	2.37	523
780	1.58	1.58	1.57	2.42	1046
790	1.62	1.62	1.6	2.68	1532
800	1.66	1.66	1.66	2.29	481
810	1.69	1.69	1.68	1.48	1292
820	1.74	1.74	1.73	2.26	1324
830	1.78	1.78	1.78	2.22	589
840	1.82	1.82	1.81	3.03	1417
850	1.86	1.86	1.86	2.25	609
860	1.9	1.9	1.88	4.79	1673
870	1.94	1.94	1.94	2.15	565
880	1.99	1.99	1.96	8.11	1720
890	2.03	2.03	2.02	0	1045
900	2.07	2.07	2.06	2.33	719
910	2.11	2.11	2.1	2.38	1365
920	2.16	2.16	2.16	7.89	966
930	2.21	2.21	2.2	2.15	1243
940	2.24	2.24	2.23	1.9	744
950	2.29	2.29	2.28	3.44	1366
960	2.34	2.34	2.33	6.79	1147
970	2.38	2.38	2.37	2.21	1366
980	2.43	2.43	2.42	2.26	1341
990	2.48	2.48	2.47	2.26	1318
1000	2.51	2.51	2.51	2.1	699
1010	2.56	2.56	2.55	7.12	1568
1020	2.61	2.61	2.59	5.41	877
1030	2.65	2.65	2.64	1.93	1569
1040	2.7	2.7	2.7	6.95	769
1050	2.75	2.75	2.73	1.54	1322
1060	2.79	2.79	2.79	8.35	789
1070	2.84	2.84	2.83	5.67	1092
1080	2.89	2.89	2.87	2.08	1398
1090	2.93	2.93	2.92	2.07	1406
1100	2.98	2.98	2.97	2.15	1270
1110	3.03	3.03	3.01	2.13	1312
1120	3.07	3.07	3.07	8.35	854
1130	3.12	3.12	3.11	2.21	1277
1140	3.17	3.17	3.15	2	1414
1150	3.21	3.21	3.2	2.04	1412
1160	3.26	3.26	3.25	7.39	1179
1170	3.31	3.31	3.3	1.98	1413
1180	3.35	3.35	3.34	8.72	1211
1190	3.39	3.39	3.39	1.98	750
1200	3.44	3.44	3.42	4.2	1274
1210	3.48	3.48	3.47	6.22	1178
1220	3.53	3.53	3.52	2.13	1297
1230	3.58	3.58	3.56	2.49	1284
1240	3.62	3.62	3.61	2.07	1342
1250	3.67	3.67	3.66	7.79	1201
1260	3.72	3.72	3.7	2.27	1280
1270	3.75	3.75	3.75	2.11	574
1280	3.8	3.8	3.77	6.15	1759
1290	3.84	3.84	3.83	6.88	933
1300	3.88	3.88	3.87	1.79	909
1310	3.93	3.93	3.91	5.9	1367
1320	3.97	3.97	3.96	5.9	1155
1330	4.01	4.01	4	2.02	818
1340	4.05	4.05	4.04	5.31	1530
1350	4.09	4.09	4.09	2.17	569
1360	4.14	4.14	4.12	7.59	1645
1370	4.17	4.17	4.17	2.28	525
1380	4.22	4.22	4.19	4.91	1733
1390	4.25	4.25	4.25	2.38	512
1400	4.29	4.29	4.28	5.84	1130
1410	4.32	4.32	4.31	0	1092
1420	4.36	4.36	4.35	4.75	828
1430	4.41	4.41	4.38	5.17	1959
1440	4.44	4.44	4.44	3.23	400
1450	4.46	4.46	4.46	1.61	506
1460	4.5	4.5	4.48	0	2209
1470	4.53	4.53	4.53	2.65	519
1480	4.57	4.57	4.56	5.62	1131
1490	4.6	4.6	4.59	0	1123
1500	4.63	4.63	4.63	2.84	336
1510	4.66	4.66	4.64	1.38	1540
1520	4.69	4.69	4.69	0	251
1530	4.71	4.71	4.7	1.43	1070
1540	4.74	4.74	4.74	8.47	463
1550	4.77	4.77	4.77	0	333
1560	4.79	4.79	4.79	1.53	490
1570	4.81	4.81	4.81	4.64	71
1580	4.84	4.84	4.83	0	1091
1590	4.85	4.85	4.85	1.77	-14
1600	4.87	4.87	4.86	0	1098
1610	4.88	4.88	4.88	0	251
1620	4.91	4.91	4.9	2.97	882
1630	4.92	4.92	4.92	0	203
1640	4.93	4.93	4.93	0	410
1650	4.94	4.94	4.93	0.09	838
1660	4.95	4.95	4.95	1.45	340
1670	4.97	4.97	4.95	0	728
1680	4.98	4.98	4.98	2.1	247
1690	4.98	4.98	4.98	0	343
1700	4.99	4.99	4.99	0.51	421
1710	4.99	4.99	5	1.15	-442
1720	4.99	4.99	5	0	-302
1730	4.99	4.99	4.99	0	123
1740	4.99	4.99	4.99	0	100
1750	4.99	4.99	4.99	0	55
1760	4.99	4.99	4.99	0	10
1770	4.98	4.98	4.99	0	-760
1780	4.97	4.97	4.97	-2.4	-24
1790	4.97	4.97	4.97	0	4
1800	4.94	4.94	4.97	-4.87	-1474
1810	4.93	4.93	4.92	-2.37	690
1820	4.92	4.92	4.93	0	-600
1830	4.91	4.91	4.91	-2.15	77
1840	4.88	4.88	4.91	-0.79	-1424
1850	4.86	4.86	4.86	-2.2	-172
1860	4.84	4.84	4.85	0	-1138
1870	4.81	4.81	4.83	0	-838
1880	4.79	4.79	4.8	0	-867
1890	4.76	4.76	4.77	-2.53	-1172
1900	4.72	4.72	4.73	0	-977
1910	4.7	4.7	4.7	-2.4	-463
1920	4.66	4.66	4.69	0	-1882
1930	4.62	4.62	4.63	-8.47	-1145
1940	4.58	4.58	4.59	0	-969
1950	4.53	4.53	4.56	-8.35	-1691
1960	4.5	4.5	4.5	-2.07	-552
1970	4.45	4.45	4.48	-7.79	-1916
1980	4.41	4.41	4.42	-5.12	-1042
1990	4.35	4.35	4.37	-2.02	-2229
2000	4.3	4.3	4.31	-2.61	-766
2010	4.24	4.24	4.27	-2.4	-2004
2020	4.18	4.18	4.19	-2.76	-1257
2030	4.12	4.12	4.14	-8.59	-1671
2040	4.07	4.07	4.09	-7.79	-1538
2050	4.01	4.01	4.01	-10.25	-416
2060	3.94	3.94	3.95	-12.98	-1041
2070	3.87	3.87	3.87	-13.91	-511
2080	3.8	3.8	3.81	-12.7	-915
2090	3.73	3.73	3.73	-13.28	-366
2100	3.66	3.66	3.67	-11.24	-951
2110	3.58	3.58	3.6	-13.59	-1659
2120	3.51	3.51	3.52	-2.55	-1357
2130	3.42	3.42	3.46	-12.98	-2419
2140	3.34	3.34	3.37	-11.92	-1668
2150	3.25	3.25	3.28	-11.24	-2555
2160	3.17	3.17	3.18	-12.7	-1326
2170	3.07	3.07	3.11	-11.02	-2560
2180	2.99	2.99	3	-10.25	-1231
2190	2.9	2.9	2.94	-11.92	-2649
2200	2.8	2.8	2.83	-14.25	-1704
2210	2.7	2.7	2.75	-14.98	-2768
2220	2.61	2.61	2.63	-12.7	-1578
2230	2.5	2.5	2.55	-2.44	-3036
2240	2.41	2.41	2.42	-17.71	-1529
2250	2.3	2.3	2.35	-12.43	-2800
2260	2.2	2.2	2.23	-14.25	-1955
2270	2.09	2.09	2.13	-10.25	-2438
2280	1.97	1.97	2.02	-13.59	-2562
2290	1.87	1.87	1.89	-14.98	-1587
2300	1.75	1.75	1.81	-11.68	-2825
2310	1.64	1.64	1.68	-15.37	-2385
2320	1.53	1.53	1.55	-12.98	-1991
2330	1.41	1.41	1.47	-12.43	-2818
2340	1.29	1.29	1.33	-17.18	-2475
2350	1.17	1.17	1.2	-16.69	-2091
2360	1.05	1.05	1.1	-17.18	-2725
2370	0.93	0.93	0.98	-15.37	-2611
2380	0.81	0.81	0.85	-14.61	-2833
2390	0.68	0.68	0.72	-17.71	-2420
2400	0.56	0.56	0.6	-14.98	-2080
2410	0.43	0.43	0.49	-14.98	-3045
2420	0.3	0.3	0.35	-17.71	-2156
2430	0.18	0.18	0.23	-17.71	-2516
2440	0.05	0.05	0.09	-17.71	-2410
2450	-0.08	-0.08	-0.04	-14.61	-2433
2460	-0.21	-0.21	-0.16	-18.85	-2423
2470	-0.34	-0.34	-0.28	-14.61	-2756
2480	-0.47	-0.47	-0.42	-17.18	-2385
2490	-0.6	-0.6	-0.54	-17.71	-2533
2500	-0.72	-0.72	-0.68	-17.18	-2470
2510	-0.85	-0.85	-0.81	-16.23	-2464
2520	-0.98	-0.98	-0.93	-20.86	-2466
2530	-1.11	-1.11	-1.06	-14.61	-2491
2540	-1.24	-1.24	-1.2	-23.37	-1407
2550	-1.37	-1.37	-1.36	-22.47	-862
2560	-1.5	-1.5	-1.46	-18.85	-1445
2570	-1.62	-1.62	-1.59	-20.14	-2249
2580	-1.75	-1.75	-1.69	-10.43	-2659
2590	-1.88	-1.88	-1.82	-17.71	-2676
2600	-2.01	-2.01	-1.96	-16.69	-2413
2610	-2.13	-2.13	-2.09	-14.61	-2469
2620	-2.26	-2.26	-2.2	-17.71	-2844
2630	-2.37	-2.37	-2.35	-19.48	-1850
2640	-2.5	-2.5	-2.44	-15.37	-2909
2650	-2.62	-2.62	-2.58	-19.48	-2082
2660	-2.73	-2.73	-2.69	-16.23	-2657
2670	-2.85	-2.85	-2.8	-15.37	-2332
2680	-2.97	-2.97	-2.92	-14.61	-2643
2690	-3.07	-3.07	-3.04	-16.69	-2055
2700	-3.19	-3.19	-3.14	-17.18	-2521
2710	-3.3	-3.3	-3.26	-12.98	-1857
2720	-3.4	-3.4	-3.35	-12.43	-2478
2730	-3.51	-3.51	-3.47	-13.59	-2120
2740	-3.61	-3.61	-3.58	-14.98	-2243
2750	-3.7	-3.7	-3.68	-12.98	-1745
2760	-3.8	-3.8	-3.76	-12.43	-2345
2770	-3.89	-3.89	-3.87	-12.98	-1763
2780	-3.98	-3.98	-3.95	-15.37	-2368
2790	-4.07	-4.07	-4.04	-11.24	-1445
2800	-4.15	-4.15	-4.11	-11.02	-2077
2810	-4.23	-4.23	-4.21	-13.59	-1822
2820	-4.31	-4.31	-4.29	-8.99	-2101
2830	-4.38	-4.38	-4.36	-8.23	-1602
2840	-4.45	-4.45	-4.43	-2.65	-1921
2850	-4.52	-4.52	-4.5	-8.35	-1684
2860	-4.58	-4.58	-4.57	-2.27	-1325
2870	-4.64	-4.64	-4.62	-9.13	-1753
2880	-4.7	-4.7	-4.67	-2.61	-1463
2890	-4.74	-4.74	-4.73	-2.72	-1089
2900	-4.79	-4.79	-4.77	-2.18	-1355
2910	-4.84	-4.84	-4.83	-2.51	-1186
2920	-4.87	-4.87	-4.86	-2.09	-761
2930	-4.91	-4.91	-4.9	-1.86	-1218
2940	-4.93	-4.93	-4.93	-2.58	-54
2950	-4.95	-4.95	-4.94	0	-1198
2960	-4.98	-4.98	-4.98	-2.32	-331
2970	-4.99	-4.99	-4.98	0	-854
2980	-5	-5	-5	-1.5	-193
2990	-5	-5	-5	0	-87
3000	-5	-5	-5	0	-45
3010	-5	-5	-5	0	-86
3020	-4.99	-4.99	-5	0	711
3030	-4.98	-4.98	-4.98	2.29	16
3040	-4.95	-4.95	-4.97	0.84	1126
3050	-4.93	-4.93	-4.94	1.81	375
3060	-4.9	-4.9	-4.91	8.35	574
3070	-4.86	-4.86	-4.86	2.34	82
3080	-4.83	-4.83	-4.83	6.64	747
3090	-4.78	-4.78	-4.8	2.74	1387
3100	-4.73	-4.73	-4.74	2.46	1141
3110	-4.67	-4.67	-4.7	10.62	1762
3120	-4.6	-4.6	-4.62	11.02	1586
3130	-4.55	-4.55	-4.56	2.26	1237
3140	-4.48	-4.48	-4.51	11.92	2293
3150	-4.39	-4.39	-4.42	8.35	2124
3160	-4.31	-4.31	-4.34	12.17	1854
3170	-4.23	-4.23	-4.27	11.02	2172
3180	-4.14	-4.14	-4.17	13.28	2378
3190	-4.04	-4.04	-4.08	14.98	1933
3200	-3.94	-3.94	-3.97	14.98	2511
3210	-3.83	-3.83	-3.87	12.43	2178
3220	-3.72	-3.72	-3.76	14.61	2786
3230	-3.61	-3.61	-3.65	14.98	2009
3240	-3.48	-3.48	-3.54	10.43	3193
3250	-3.37	-3.37	-3.4	15.79	1900
3260	-3.24	-3.24	-3.3	14.61	3002
3270	-3.1	-3.1	-3.15	18.85	2961
3280	-2.97	-2.97	-3.01	18.26	2286
3290	-2.83	-2.83	-2.9	14.98	3140
3300	-2.68	-2.68	-2.75	20.86	2936
3310	-2.54	-2.54	-2.58	19.48	2340
3320	-2.38	-2.38	-2.45	16.69	3258
3330	-2.22	-2.22	-2.29	19.48	3056
3340	-2.07	-2.07	-2.13	18.26	2511
3350	-1.9	-1.9	-1.99	16.69	3340
3360	-1.74	-1.74	-1.81	20.86	2960
3370	-1.58	-1.58	-1.65	22.47	2872
3380	-1.4	-1.4	-1.48	16.23	3304
3390	-1.24	-1.24	-1.3	20.14	2666
3400	-1.06	-1.06	-1.15	18.26	3301
3410	-0.89	-0.89	-0.97	21.64	3019
3420	-0.71	-0.71	-0.78	16.69	3096
3430	-0.53	-0.53	-0.62	19.48	3346
3440	-0.35	-0.35	-0.42	24.34	2682
3450	-0.18	-0.18	-0.25	18.85	2973
3460	0.01	0.01	-0.08	20.86	3309
3470	0.19	0.19	0.12	21.64	2659
3480	0.37	0.37	0.28	20.14	3279
3490	0.56	0.56	0.48	20.14	3185
3500	0.74	0.74	0.67	24.34	2663
3510	0.92	0.92	0.83	20.86	3315
3520	1.1	1.1	1.03	21.64	2766
3530	1.27	1.27	1.2	19.48	2825
3540	1.46	1.46	1.37	23.37	3297
3550	1.64	1.64	1.57	22.47	2682
3560	1.81	1.81	1.74	14.98	2878
3570	1.99	1.99	1.93	27.82	2229
3580	2.15	2.15	2.13	22.47	1027
3590	2.33	2.33	2.27	23.37	2414
3600	2.49	2.49	2.42	26.56	2851
3610	2.65	2.65	2.58	20.14	2841
3620	2.8	2.8	2.75	20.86	2739
3630	2.96	2.96	2.89	18.26	2929
3640	3.11	3.11	3.04	17.18	2928
3650	3.26	3.26	3.19	21.64	2881
3660	3.4	3.4	3.35	16.23	2547
3670	3.54	3.54	3.48	17.71	2965
3680	3.67	3.67	3.62	17.71	2281
3690	3.8	3.8	3.75	14.61	2512
3700	3.93	3.93	3.87	16.69	2759
3710	4.04	4.04	4.01	16.23	2129
3720	4.15	4.15	4.11	16.23	2369
3730	4.25	4.25	4.22	15.79	2322
3740	4.36	4.36	4.31	16.69	2446
3750	4.45	4.45	4.43	14.98	1809
3760	4.53	4.53	4.51	11.02	1679
3770	4.62	4.62	4.58	10.62	2177
3780	4.69	4.69	4.66	6.72	1470
3790	4.76	4.76	4.73	10.07	1846
3800	4.81	4.81	4.8	2.72	1142
3810	4.86	4.86	4.85	2.08	1215
3820	4.9	4.9	4.88	2.33	639
3830	4.93	4.93	4.92	1.86	1168
3840	4.97	4.97	4.97	3.84	438
3850	4.98	4.98	4.98	0	196
3860	4.99	4.99	4.99	0.68	616
3870	4.99	4.99	4.99	1.07	-60
3880	4.99	4.99	4.99	0	-45
3890	4.98	4.98	4.99	-3.3	-658
3900	4.95	4.95	4.97	-1.77	-918
3910	4.92	4.92	4.93	-2.71	-978
3920	4.88	4.88	4.9	0	-955
3930	4.84	4.84	4.86	-8.35	-1460
3940	4.78	4.78	4.8	-7.59	-1533
3950	4.71	4.71	4.73	-10.62	-2009
3960	4.64	4.64	4.66	-8.72	-1485
3970	4.56	4.56	4.59	-10.43	-2047
3980	4.48	4.48	4.5	-12.7	-1794
3990	4.37	4.37	4.42	-14.98	-2755
4000	4.28	4.28	4.3	-13.91	-1775
4010	4.16	4.16	4.23	-2.3	-3397
4020	4.04	4.04	4.08	-19.48	-2265
4030	3.91	3.91	3.97	-16.23	-2983
4040	3.77	3.77	3.83	-23.37	-2829
4050	3.63	3.63	3.69	-17.71	-2785
4060	3.48	3.48	3.55	-20.14	-2894
4070	3.33	3.33	3.35	-26.56	-929
4080	3.17	3.17	3.23	-25.4	-2292
4090	3	3	3.07	-27.82	-2611
4100	2.83	2.83	2.89	-22.47	-2702
4110	2.64	2.64	2.72	-27.82	-3003
4120	2.45	2.45	2.51	-30.75	-2352
4130	2.27	2.27	2.34	-24.34	-2749
4140	2.07	2.07	2.16	-26.56	-3309
4150	1.87	1.87	1.95	-29.21	-3023
4160	1.67	1.67	1.74	-20.14	-2806
4170	1.46	1.46	1.55	-23.37	-3200
4180	1.25	1.25	1.33	-25.4	-2782
4190	1.04	1.04	1.11	-30.75	-2750
4200	0.82	0.82	0.92	-22.47	-3249
4210	0.61	0.61	0.68	-26.56	-2559
4220	0.39	0.39	0.48	-20.14	-3029
4230	0.16	0.16	0.25	-25.4	-2922
4240	-0.06	-0.06	0.04	-23.37	-2855
4250	-0.28	-0.28	-0.19	-27.82	-2828
4260	-0.5	-0.5	-0.41	-24.34	-3084
4270	-0.72	-0.72	-0.63	-23.37	-3011
4280	-0.95	-0.95	-0.86	-29.21	-2930
4290	-1.17	-1.17	-1.08	-23.37	-2941
4300	-1.38	-1.38	-1.29	-23.37	-3012
4310	-1.6	-1.6	-1.51	-23.37	-3066
4320	-1.81	-1.81	-1.73	-27.82	-2650
4330	-2.02	-2.02	-1.95	-18.85	-2876
4340	-2.23	-2.23	-2.13	-20.86	-3199
4350	-2.43	-2.43	-2.35	-20.86	-2893
4360	-2.63	-2.63	-2.55	-24.34	-2835
4370	-2.82	-2.82	-2.73	-19.48	-2802
4380	-3	-3	-2.92	-23.37	-2852
4390	-3.19	-3.19	-3.11	-23.37	-2944
4400	-3.35	-3.35	-3.3	-20.14	-2438
4410	-3.53	-3.53	-3.45	-15.37	-3072
4420	-3.69	-3.69	-3.62	-25.4	-2562
4430	-3.84	-3.84	-3.79	-14.98	-2594
4440	-3.98	-3.98	-3.93	-16.69	-2595
4450	-4.12	-4.12	-4.07	-16.23	-2668
4460	-4.25	-4.25	-4.21	-16.69	-2250
4470	-4.37	-4.37	-4.32	-16.69	-2206
4480	-4.48	-4.48	-4.44	-17.18	-2154
4490	-4.58	-4.58	-4.55	-17.18	-2210
4500	-4.67	-4.67	-4.65	-15.37	-1756
4510	-4.74	-4.74	-4.73	-9.42	-1367
4520	-4.81	-4.81	-4.79	-12.98	-1857
4530	-4.87	-4.87	-4.86	-10.43	-960
4540	-4.93	-4.93	-4.91	-8.99	-1566
4550	-4.97	-4.97	-4.97	-2.32	-360
4560	-4.99	-4.99	-4.98	-1.36	-776
4570	-5	-5	-5	0	-85
4580	-5	-5	-5	0	-98
4590	-5	-5	-5	0	-22
4600	-4.98	-4.98	-4.98	5.17	263
4610	-4.94	-4.94	-4.94	5.31	390
4620	-4.9	-4.9	-4.9	9.27	-227
4630	-4.85	-4.85	-4.85	7.12	380
4640	-4.78	-4.78	-4.78	16.69	811
4650	-4.7	-4.7	-4.71	11.92	1051
4660	-4.62	-4.62	-4.64	12.43	1860
4670	-4.51	-4.51	-4.55	17.18	2378
4680	-4.41	-4.41	-4.44	16.23	2427
4690	-4.28	-4.28	-4.34	16.69	2999
4700	-4.15	-4.15	-4.19	17.18	2315
4710	-4.01	-4.01	-4.08	12.17	3100
4720	-3.84	-3.84	-3.93	20.86	3152
4730	-3.68	-3.68	-3.75	24.34	2793
4740	-3.52	-3.52	-3.59	14.61	3053
4750	-3.33	-3.33	-3.42	21.64	3577
4760	-3.14	-3.14	-3.23	24.34	2895
4770	-2.94	-2.94	-3.03	17.18	3121
4780	-2.73	-2.73	-2.84	26.56	3356
4790	-2.52	-2.52	-2.62	22.47	2997
4800	-2.3	-2.3	-2.41	22.47	3120
4810	-2.08	-2.08	-2.17	29.21	2970
4820	-1.85	-1.85	-1.95	23.37	3324
4830	-1.61	-1.61	-1.71	25.4	2926
4840	-1.37	-1.37	-1.47	23.37	3194
4850	-1.12	-1.12	-1.23	32.46	3087
4860	-0.86	-0.86	-0.97	27.82	3006
4870	-0.62	-0.62	-0.71	25.4	3079
4880	-0.36	-0.36	-0.48	25.4	3283
4890	-0.11	-0.11	-0.22	27.82	3139
4900	0.15	0.15	0.05	25.4	3022
4910	0.41	0.41	0.3	25.4	3211
4920	0.67	0.67	0.55	27.82	3175
4930	0.91	0.91	0.82	25.4	2836
4940	1.17	1.17	1.05	29.21	3158
4950	1.41	1.41	1.31	26.56	3026
4960	1.67	1.67	1.57	25.4	3104
4970	1.9	1.9	1.81	26.56	2816
4980	2.15	2.15	2.04	25.4	3230
4990	2.38	2.38	2.28	30.75	3131
5000	2.61	2.61	2.51	26.56	2948
5010	2.83	2.83	2.75	24.34	2872
5020	3.04	3.04	2.96	22.47	3067
5030	3.25	3.25	3.15	20.86	3164
5040	3.44	3.44	3.37	24.34	2610
5050	3.62	3.62	3.54	23.37	3050
5060	3.8	3.8	3.73	21.64	2973
5070	3.97	3.97	3.95	23.37	1116
5080	4.12	4.12	4.1	19.48	1228
5090	4.27	4.27	4.22	18.26	2547
5100	4.41	4.41	4.35	17.71	2968
5110	4.52	4.52	4.49	15.79	2280
5120	4.63	4.63	4.59	12.98	2440
5130	4.72	4.72	4.7	9.42	1999
5140	4.8	4.8	4.78	11.92	1468
5150	4.87	4.87	4.85	9.27	1752
5160	4.92	4.92	4.91	2.2	796
5170	4.97	4.97	4.94	6.02	1773
5180	4.99	4.99	4.99	0	79
5190	4.99	4.99	4.99	0	36
5200	4.99	4.99	4.99	0	-18
5210	4.97	4.97	4.99	-0.51	-1448
5220	4.93	4.93	4.94	-3.4	-823
5230	4.88	4.88	4.91	-7.39	-1664
5240	4.81	4.81	4.84	-10.43	-2224
5250	4.73	4.73	4.76	-10.82	-2140
5260	4.64	4.64	4.67	-6.88	-2559
5270	4.53	4.53	4.57	-17.18	-2322
5280	4.42	4.42	4.46	-17.18	-2683
5290	4.28	4.28	4.34	-15.37	-3101
5300	4.12	4.12	4.18	-15.37	-3011
5310	3.96	3.96	4.03	-18.26	-3067
5320	3.79	3.79	3.86	-20.86	-3064
5330	3.6	3.6	3.68	-20.86	-3017
5340	3.4	3.4	3.48	-25.4	-3051
5350	3.19	3.19	3.28	-20.14	-3157
5360	2.97	2.97	3.06	-27.82	-3062
5370	2.73	2.73	2.83	-24.34	-3050
5380	2.5	2.5	2.58	-24.34	-2883
5390	2.26	2.26	2.36	-27.82	-3214
5400	2	2	2.11	-29.21	-3231
5410	1.73	1.73	1.83	-30.75	-2816
5420	1.46	1.46	1.55	-29.21	-2766
5430	1.19	1.19	1.3	-25.4	-3030
5440	0.91	0.91	1.03	-36.52	-2983
5450	0.63	0.63	0.75	-36.52	-2882
5460	0.34	0.34	0.47	-34.37	-2956
5470	0.06	0.06	0.18	-29.21	-2819
5480	-0.23	-0.23	-0.11	-25.4	-3007
5490	-0.51	-0.51	-0.4	-29.21	-2856
5500	-0.81	-0.81	-0.68	-32.46	-2812
5510	-1.09	-1.09	-0.98	-32.46	-2662
5520	-1.37	-1.37	-1.25	-30.75	-2789
5530	-1.64	-1.64	-1.52	-30.75	-2923
5540	-1.92	-1.92	-1.81	-30.75	-2893
5550	-2.17	-2.17	-2.08	-32.46	-2557
5560	-2.43	-2.43	-2.33	-30.75	-2918
5570	-2.69	-2.69	-2.61	-30.75	-2523
5580	-2.93	-2.93	-2.89	-32.46	-1469
5590	-3.15	-3.15	-3.14	-26.56	-775
5600	-3.38	-3.38	-3.27	-20.14	-3152
5610	-3.6	-3.6	-3.51	-29.21	-2762
5620	-3.8	-3.8	-3.74	-22.47	-2109
5630	-3.97	-3.97	-3.9	-15.37	-2930
5640	-4.15	-4.15	-4.08	-26.56	-2773
5650	-4.31	-4.31	-4.25	-19.48	-2444
5660	-4.45	-4.45	-4.41	-17.18	-2328
5670	-4.58	-4.58	-4.53	-16.23	-2368
5680	-4.7	-4.7	-4.65	-16.69	-2458
5690	-4.79	-4.79	-4.77	-13.59	-1746
5700	-4.86	-4.86	-4.85	-7.79	-1354
5710	-4.93	-4.93	-4.91	-2.56	-1976
5720	-4.97	-4.97	-4.97	0	-84
5730	-5	-5	-4.99	-1.51	-1233
5740	-5	-5	-5.01	0	979
5750	-5	-5	-5	0	-87
5760	-4.97	-4.97	-4.99	8	1615
5770	-4.92	-4.92	-4.93	7.69	1005
5780	-4.86	-4.86	-4.88	10.62	1823
5790	-4.78	-4.78	-4.81	11.24	2128
5800	-4.67	-4.67	-4.72	14.25	2659
5810	-4.56	-4.56	-4.6	14.61	2725
5820	-4.43	-4.43	-4.49	17.71	2682
5830	-4.28	-4.28	-4.36	18.26	3347
5840	-4.1	-4.1	-4.18	18.85	3275
5850	-3.93	-3.93	-4	26.56	2693
5860	-3.73	-3.73	-3.83	18.26	3351
5870	-3.52	-3.52	-3.62	25.4	3332
5880	-3.28	-3.28	-3.39	22.47	3124
5890	-3.05	-3.05	-3.14	25.4	2884
5900	-2.79	-2.79	-2.92	22.47	3392
5910	-2.54	-2.54	-2.65	27.82	3107
5920	-2.27	-2.27	-2.37	29.21	2961
5930	-1.99	-1.99	-2.11	27.82	3160
5940	-1.69	-1.69	-1.83	32.46	3050
5950	-1.39	-1.39	-1.53	30.75	2917
5960	-1.1	-1.1	-1.23	38.95	2809
5970	-0.78	-0.78	-0.93	27.82	3048
5980	-0.48	-0.48	-0.63	36.52	2785
5990	-0.16	-0.16	-0.32	36.52	2778
6000	0.15	0.15	-0.01	34.37	2882
6010	0.47	0.47	0.32	38.95	2676
6020	0.78	0.78	0.63	36.52	2871
6030	1.09	1.09	0.95	36.52	2668
6040	1.39	1.39	1.25	32.46	2848
6050	1.69	1.69	1.55	30.75	2830
6060	1.99	1.99	1.86	38.95	2807
6070	2.28	2.28	2.22	34.37	965
6080	2.56	2.56	2.51	36.52	1044
6090	2.83	2.83	2.76	27.82	2357
6100	3.08	3.08	3	41.73	2440
6110	3.33	3.33	3.25	30.75	2453
6120	3.56	3.56	3.49	26.56	2498
6130	3.77	3.77	3.69	23.37	2981
6140	3.97	3.97	3.9	23.37	2896
6150	4.16	4.16	4.09	21.64	2834
6160	4.34	4.34	4.27	20.86	2769
6170	4.49	4.49	4.43	18.26	2641
6180	4.62	4.62	4.57	15.79	2304
6190	4.73	4.73	4.69	12.17	2527
6200	4.83	4.83	4.8	11.92	1215
6210	4.9	4.9	4.87	7.04	1594
6220	4.95	4.95	4.94	2.76	1268
6230	4.98	4.98	4.98	0	235
6240	4.99	4.99	4.98	0.09	824
6250	4.98	4.98	4.99	0	-913
6260	4.95	4.95	4.97	0	-845
6270	4.9	4.9	4.92	-10.43	-1989
6280	4.83	4.83	4.85	-10.25	-1444
6290	4.73	4.73	4.78	-13.59	-2747
6300	4.62	4.62	4.67	-13.59	-2730
6310	4.48	4.48	4.55	-13.28	-3074
6320	4.31	4.31	4.39	-20.14	-2975
6330	4.14	4.14	4.22	-18.85	-2963
6340	3.95	3.95	4.04	-18.85	-2941
6350	3.74	3.74	3.86	-17.71	-3073
6360	3.51	3.51	3.63	-27.82	-3001
6370	3.26	3.26	3.38	-26.56	-2865
6380	3	3	3.13	-24.34	-2918
6390	2.72	2.72	2.86	-30.75	-2900
6400	2.44	2.44	2.57	-30.75	-2689
6410	2.14	2.14	2.29	-29.21	-3055
6420	1.83	1.83	1.99	-34.37	-2619
6430	1.52	1.52	1.67	-38.95	-2637
6440	1.19	1.19	1.37	-38.95	-2684
6450	0.86	0.86	1.04	-32.46	-2405
6460	0.53	0.53	0.71	-34.37	-2392
6470	0.19	0.19	0.37	-36.52	-2377
6480	-0.15	-0.15	0.04	-38.95	-2195
6490	-0.49	-0.49	-0.3	-34.37	-2241
6500	-0.83	-0.83	-0.64	-41.73	-2303
6510	-1.16	-1.16	-0.98	-34.37	-2216
6520	-1.5	-1.5	-1.32	-34.37	-2323
6530	-1.81	-1.81	-1.65	-38.95	-2245
6540	-2.13	-2.13	-1.97	-38.95	-2459
6550	-2.43	-2.43	-2.29	-38.95	-2657
6560	-2.72	-2.72	-2.59	-29.21	-2638
6570	-3.01	-3.01	-2.91	-34.37	-2680
6580	-3.27	-3.27	-3.21	-34.37	-1940
6590	-3.53	-3.53	-3.46	-29.21	-2627
6600	-3.76	-3.76	-3.67	-25.4	-2822
6610	-3.98	-3.98	-3.9	-25.4	-2598
6620	-4.18	-4.18	-4.1	-22.47	-2820
6630	-4.37	-4.37	-4.29	-25.4	-2874
6640	-4.52	-4.52	-4.49	-21.64	-2037
6650	-4.66	-4.66	-4.6	-14.98	-2877
6660	-4.78	-4.78	-4.74	-16.69	-2043
6670	-4.87	-4.87	-4.85	-10.43	-1641
6680	-4.94	-4.94	-4.93	-7.12	-1359
6690	-4.99	-4.99	-4.98	-2.05	-741
6700	-5	-5	-5.01	-2.08	544
6710	-5	-5	-5	0	-10
6720	-4.97	-4.97	-4.99	7.39	1572
6730	-4.92	-4.92	-4.93	2.4	1108
6740	-4.84	-4.84	-4.88	11.68	2722
6750	-4.73	-4.73	-4.77	16.23	2228
6760	-4.62	-4.62	-4.66	13.59	2735
6770	-4.46	-4.46	-4.55	18.26	3432
6780	-4.29	-4.29	-4.37	20.86	3087
6790	-4.09	-4.09	-4.18	18.85	3404
6800	-3.88	-3.88	-3.97	21.64	3081
6810	-3.65	-3.65	-3.75	29.21	3211
6820	-3.39	-3.39	-3.52	25.4	3327
6830	-3.12	-3.12	-3.25	27.82	3292
6840	-2.83	-2.83	-2.96	30.75	2964
6850	-2.52	-2.52	-2.66	32.46	2992
6860	-2.21	-2.21	-2.36	30.75	2869
6870	-1.88	-1.88	-2.04	32.46	2684
6880	-1.54	-1.54	-1.72	38.95	2634
6890	-1.19	-1.19	-1.39	32.46	2513
6900	-0.84	-0.84	-1.04	36.52	2250
6910	-0.48	-0.48	-0.69	34.37	2354
6920	-0.12	-0.12	-0.33	34.37	2238
6930	0.25	0.25	0.02	44.94	2155
6940	0.61	0.61	0.39	36.52	2106
6950	0.96	0.96	0.75	38.95	2117
6960	1.32	1.32	1.1	38.95	2258
6970	1.66	1.66	1.46	41.73	2134
6980	2.01	2.01	1.81	38.95	2279
6990	2.34	2.34	2.16	41.73	2248
7000	2.65	2.65	2.5	30.75	2494
7010	2.96	2.96	2.82	30.75	2671
7020	3.24	3.24	3.12	34.37	2822
7030	3.52	3.52	3.4	34.37	2996
7040	3.76	3.76	3.68	32.46	2515
7050	4	4	3.91	20.14	2968
7060	4.21	4.21	4.12	19.48	2972
7070	4.39	4.39	4.34	24.34	1921
7080	4.56	4.56	4.55	20.86	565
7090	4.7	4.7	4.69	16.69	859
7100	4.81	4.81	4.8	14.25	-1
7110	4.9	4.9	4.91	10.62	-604
7120	4.95	4.95	4.94	8.99	1082
7130	4.99	4.99	5	5.12	-506
7140	4.99	4.99	5	-0.09	-539
7150	4.97	4.97	4.98	-4.33	-669
7160	4.92	4.92	4.94	-7.3	-1438
7170	4.84	4.84	4.87	-12.98	-2435
7180	4.73	4.73	4.78	-13.91	-2486
7190	4.59	4.59	4.66	-14.25	-3191
7200	4.44	4.44	4.51	-21.64	-2697
7210	4.25	4.25	4.35	-17.71	-3030
7220	4.04	4.04	4.15	-26.56	-3330
7230	3.81	3.81	3.91	-30.75	-2977
7240	3.55	3.55	3.68	-24.34	-3121
7250	3.27	3.27	3.41	-29.21	-3120
7260	2.98	2.98	3.12	-29.21	-2857
7270	2.66	2.66	2.83	-34.37	-2719
7280	2.33	2.33	2.51	-30.75	-2571
7290	1.99	1.99	2.17	-44.94	-2248
7300	1.64	1.64	1.83	-36.52	-2278
7310	1.26	1.26	1.48	-36.52	-2165
7320	0.89	0.89	1.12	-48.69	-1777
7330	0.51	0.51	0.76	-36.52	-1886
7340	0.13	0.13	0.39	-41.73	-1646
7350	-0.26	-0.26	0	-48.69	-1598
7360	-0.64	-0.64	-0.39	-41.73	-1550
7370	-1.02	-1.02	-0.77	-34.37	-1539
7380	-1.39	-1.39	-1.15	-34.37	-1703
7390	-1.76	-1.76	-1.52	-38.95	-1756
7400	-2.11	-2.11	-1.9	-44.94	-1484
7410	-2.47	-2.47	-2.27	-36.52	-1899
7420	-2.79	-2.79	-2.63	-36.52	-2055
7430	-3.11	-3.11	-2.96	-38.95	-2447
7440	-3.4	-3.4	-3.27	-38.95	-2550
7450	-3.68	-3.68	-3.58	-29.21	-2615
7460	-3.94	-3.94	-3.86	-27.82	-2573
7470	-4.16	-4.16	-4.1	-25.4	-2449
7480	-4.37	-4.37	-4.29	-29.21	-2990
7490	-4.55	-4.55	-4.49	-22.47	-2467
7500	-4.7	-4.7	-4.65	-20.14	-2488
7510	-4.81	-4.81	-4.78	-19.48	-1960
7520	-4.91	-4.91	-4.88	-12.98	-1859
7530	-4.97	-4.97	-4.95	-2.29	-850
7540	-5	-5	-4.99	0	-992
7550	-5	-5	-5.01	0.09	668
7560	-4.97	-4.97	-4.98	3.72	1312
7570	-4.91	-4.91	-4.91	11.02	-115
7580	-4.81	-4.81	-4.83	18.85	1408
7590	-4.69	-4.69	-4.7	21.64	371
7600	-4.53	-4.53	-4.59	18.26	2733
7610	-4.35	-4.35	-4.37	27.82	925
7620	-4.14	-4.14	-4.23	20.86	3035
7630	-3.9	-3.9	-4.01	29.21	3136
7640	-3.65	-3.65	-3.75	32.46	2997
7650	-3.35	-3.35	-3.51	26.56	3461
7660	-3.05	-3.05	-3.21	30.75	3083
7670	-2.71	-2.71	-2.9	29.21	2930
7680	-2.37	-2.37	-2.57	41.73	2592
7690	-2.01	-2.01	-2.22	34.37	2421
7700	-1.64	-1.64	-1.87	41.73	2201
7710	-1.25	-1.25	-1.5	38.95	1949
7720	-0.85	-0.85	-1.11	36.52	1913
7730	-0.44	-0.44	-0.72	41.73	1664
7740	-0.05	-0.05	-0.33	44.94	1599
7750	0.36	0.36	0.07	41.73	1611
7760	0.76	0.76	0.48	41.73	1448
7770	1.17	1.17	0.88	36.52	1516
7780	1.55	1.55	1.27	38.95	1395
7790	1.94	1.94	1.68	44.94	1532
7800	2.3	2.3	2.07	38.95	1691
7810	2.66	2.66	2.44	44.94	2040
7820	3	3	2.8	36.52	1972
7830	3.32	3.32	3.15	36.52	2382
7840	3.61	3.61	3.48	32.46	2645
7850	3.88	3.88	3.77	30.75	2781
7860	4.12	4.12	4.04	26.56	2603
7870	4.35	4.35	4.25	19.48	3054
7880	4.53	4.53	4.46	21.64	2505
7890	4.69	4.69	4.64	16.23	2251
7900	4.81	4.81	4.76	16.23	2705
7910	4.91	4.91	4.88	14.25	1353
7920	4.97	4.97	4.95	2.06	1228
7930	4.99	4.99	4.99	0	121
7940	4.99	4.99	5	0	-436
7950	4.94	4.94	4.97	-9.27	-1925
7960	4.86	4.86	4.9	-11.24	-2031
7970	4.74	4.74	4.8	-14.61	-3041
7980	4.6	4.6	4.67	-17.71	-2891
7990	4.43	4.43	4.52	-15.79	-3311
8000	4.22	4.22	4.32	-24.34	-3213
8010	3.97	3.97	4.09	-27.82	-3115
8020	3.7	3.7	3.83	-26.56	-3182
8030	3.41	3.41	3.54	-30.75	-2812
8040	3.1	3.1	3.25	-32.46	-2870
8050	2.76	2.76	2.94	-38.95	-2533
8060	2.4	2.4	2.61	-34.37	-2293
8070	2.01	2.01	2.17	-48.69	-1518
8080	1.62	1.62	1.83	-41.73	-1666
8090	1.22	1.22	1.5	-41.73	-1553
8100	0.79	0.79	1.1	-38.95	-1311
8110	0.37	0.37	0.69	-38.95	-1146
8120	-0.05	-0.05	0.28	-48.69	-1094
8130	-0.47	-0.47	-0.14	-48.69	-1002
8140	-0.89	-0.89	-0.6	-48.69	-965
8150	-1.31	-1.31	-0.98	-48.69	-998
8160	-1.72	-1.72	-1.4	-44.94	-965
8170	-2.11	-2.11	-1.82	-38.95	-1062
8180	-2.49	-2.49	-2.22	-44.94	-1241
8190	-2.85	-2.85	-2.62	-38.95	-1480
8200	-3.2	-3.2	-2.98	-41.73	-1920
8210	-3.52	-3.52	-3.34	-41.73	-1889
8220	-3.81	-3.81	-3.68	-34.37	-2270
8230	-4.08	-4.08	-3.97	-34.37	-2618
8240	-4.31	-4.31	-4.24	-24.34	-2425
8250	-4.51	-4.51	-4.44	-21.64	-2660
8260	-4.69	-4.69	-4.62	-18.85	-2828
8270	-4.81	-4.81	-4.78	-15.37	-1998
8280	-4.92	-4.92	-4.88	-12.17	-1954
8290	-4.98	-4.98	-4.97	-2.65	-600
8300	-5	-5	-5	0	-150
8310	-4.99	-4.99	-5	0	662
8320	-4.94	-4.94	-4.97	10.25	1433
8330	-4.85	-4.85	-4.9	13.59	2579
8340	-4.73	-4.73	-4.78	13.59	2723
8350	-4.57	-4.57	-4.66	20.86	3439
8360	-4.37	-4.37	-4.48	21.64	3371
8370	-4.14	-4.14	-4.24	32.46	3381
8380	-3.88	-3.88	-4	25.4	3041
8390	-3.59	-3.59	-3.73	25.4	3139
8400	-3.26	-3.26	-3.42	36.52	2833
8410	-2.92	-2.92	-3.1	30.75	2558
8420	-2.55	-2.55	-2.77	32.46	2446
8430	-2.16	-2.16	-2.41	38.95	2122
8440	-1.75	-1.75	-2.03	41.73	1858
8450	-1.33	-1.33	-1.64	36.52	1544
8460	-0.9	-0.9	-1.23	48.69	1334
8470	-0.47	-0.47	-0.81	48.69	1146
8480	-0.02	-0.02	-0.39	48.69	1091
8490	0.42	0.42	0.05	38.95	972
8500	0.86	0.86	0.49	41.73	892
8510	1.3	1.3	0.92	44.94	815
8520	1.73	1.73	1.37	48.69	818
8530	2.14	2.14	1.8	41.73	904
8540	2.54	2.54	2.23	38.95	1033
8550	2.91	2.91	2.65	38.95	1193
8560	3.26	3.26	3.04	36.52	1664
8570	3.59	3.59	3.45	44.94	1543
8580	3.88	3.88	3.8	34.37	1019
8590	4.15	4.15	4.08	32.46	2670
8600	4.38	4.38	4.31	25.4	2423
8610	4.58	4.58	4.51	17.71	2728
8620	4.74	4.74	4.69	17.71	2887
8630	4.86	4.86	4.84	11.92	1741
8640	4.94	4.94	4.93	4.6	1125
8650	4.99	4.99	4.98	0	937
8660	4.99	4.99	5	0	-625
8670	4.95	4.95	4.97	-4.33	-1017
8680	4.87	4.87	4.91	-12.98	-2628
8690	4.74	4.74	4.8	-15.37	-2857
8700	4.58	4.58	4.66	-16.23	-3286
8710	4.38	4.38	4.49	-20.14	-3266
8720	4.15	4.15	4.27	-29.21	-3221
8730	3.88	3.88	4.02	-30.75	-3269
8740	3.58	3.58	3.73	-32.46	-2859
8750	3.24	3.24	3.42	-32.46	-2695
8760	2.87	2.87	3.08	-32.46	-2300
8770	2.49	2.49	2.72	-44.94	-1935
8780	2.08	2.08	2.36	-38.95	-1698
8790	1.66	1.66	1.96	-48.69	-1353
8800	1.22	1.22	1.55	-38.95	-1156
8810	0.77	0.77	1.13	-38.95	-883
8820	0.3	0.3	0.7	-48.69	-775
8830	-0.15	-0.15	0.27	-41.73	-672
8840	-0.62	-0.62	-0.18	-44.94	-592
8850	-1.08	-1.08	-0.63	-53.12	-541
8860	-1.52	-1.52	-1.1	-44.94	-522
8870	-1.95	-1.95	-1.53	-44.94	-518
8880	-2.37	-2.37	-1.97	-41.73	-562
8890	-2.77	-2.77	-2.42	-44.94	-624
8900	-3.15	-3.15	-2.85	-41.73	-822
8910	-3.49	-3.49	-3.26	-44.94	-1131
8920	-3.82	-3.82	-3.65	-38.95	-1962
8930	-4.1	-4.1	-3.96	-38.95	-2114
8940	-4.36	-4.36	-4.25	-30.75	-2730
8950	-4.57	-4.57	-4.51	-23.37	-2097
8960	-4.73	-4.73	-4.67	-17.71	-2572
8970	-4.87	-4.87	-4.81	-15.79	-2769
8980	-4.95	-4.95	-4.94	-7.89	-494
8990	-5	-5	-4.99	0	-1311
9000	-5	-5	-5.01	0	950
9010	-4.95	-4.95	-4.98	10.43	1731
9020	-4.87	-4.87	-4.91	12.43	2158
9030	-4.73	-4.73	-4.81	11.92	3469
9040	-4.56	-4.56	-4.64	23.37	3085
9050	-4.35	-4.35	-4.44	19.48	3483
9060	-4.09	-4.09	-4.22	32.46	3423
9070	-3.8	-3.8	-3.87	38.95	1824
9080	-3.47	-3.47	-3.6	32.46	2715
9090	-3.11	-3.11	-3.32	38.95	2398
9100	-2.72	-2.72	-2.96	36.52	2200
9110	-2.31	-2.31	-2.58	36.52	1969
9120	-1.88	-1.88	-2.2	41.73	1624
9130	-1.43	-1.43	-1.78	41.73	1239
9140	-0.97	-0.97	-1.31	48.69	982
9150	-0.49	-0.49	-0.89	41.73	808
9160	-0.01	-0.01	-0.41	41.73	716
9170	0.47	0.47	0.01	44.94	615
9180	0.95	0.95	0.46	41.73	588
9190	1.41	1.41	0.92	44.94	570
9200	1.87	1.87	1.37	41.73	537
9210	2.3	2.3	1.85	44.94	549
9220	2.72	2.72	2.3	48.69	550
9230	3.11	3.11	2.75	41.73	626
9240	3.47	3.47	3.2	48.69	894
9250	3.81	3.81	3.61	38.95	1376
9260	4.1	4.1	3.97	41.73	2032
9270	4.36	4.36	4.27	30.75	2510
9280	4.57	4.57	4.52	27.82	1977
9290	4.74	4.74	4.69	14.61	2804
9300	4.87	4.87	4.84	18.26	2159
9310	4.95	4.95	4.94	2.78	1194
9320	4.99	4.99	4.98	0	783
9330	4.98	4.98	4.99	-5.31	-715
9340	4.92	4.92	4.95	-13.91	-2222
9350	4.81	4.81	4.86	-15.37	-2693
9360	4.66	4.66	4.74	-18.26	-3342
9370	4.46	4.46	4.57	-23.37	-3282
9380	4.22	4.22	4.34	-30.75	-3095
9390	3.94	3.94	4.08	-29.21	-3057
9400	3.61	3.61	3.79	-29.21	-2804
9410	3.26	3.26	3.46	-38.95	-2499
9420	2.86	2.86	3.11	-38.95	-2100
9430	2.45	2.45	2.73	-48.69	-1639
9440	2.01	2.01	2.34	-41.73	-1313
9450	1.54	1.54	1.93	-48.69	-1006
9460	1.06	1.06	1.48	-38.95	-734
9470	0.58	0.58	1.04	-41.73	-579
9480	0.08	0.08	0.6	-44.94	-485
9490	-0.41	-0.41	0.14	-48.69	-450
9500	-0.9	-0.9	-0.32	-48.69	-425
9510	-1.39	-1.39	-0.77	-44.94	-426
9520	-1.86	-1.86	-1.23	-44.94	-428
9530	-2.31	-2.31	-1.69	-41.73	-433
9540	-2.75	-2.75	-2.15	-48.69	-418
9550	-3.14	-3.14	-2.61	-44.94	-418
9560	-3.52	-3.52	-3.13	-53.12	-438
9570	-3.86	-3.86	-3.59	-41.73	-459
9580	-4.16	-4.16	-4	-44.94	-177
9590	-4.42	-4.42	-4.38	-38.95	193
9600	-4.63	-4.63	-4.64	-24.34	647
9610	-4.8	-4.8	-4.73	-18.26	-3282
9620	-4.92	-4.92	-4.92	-24.34	-62
9630	-4.99	-4.99	-4.99	-3.48	-286
9640	-5	-5	-5.01	0	263
9650	-4.98	-4.98	-4.99	1.4	1033
9660	-4.88	-4.88	-4.94	18.85	3129
9670	-4.76	-4.76	-4.81	13.91	2834
9680	-4.57	-4.57	-4.67	16.23	3610
9690	-4.35	-4.35	-4.46	26.56	3493
9700	-4.07	-4.07	-4.21	29.21	3390
9710	-3.75	-3.75	-3.91	30.75	2946
9720	-3.4	-3.4	-3.6	36.52	2696
9730	-3	-3	-3.25	38.95	2217
9740	-2.58	-2.58	-2.87	36.52	1902
9750	-2.14	-2.14	-2.47	41.73	1460
9760	-1.66	-1.66	-2.04	48.69	1169
9770	-1.17	-1.17	-1.61	44.94	859
9780	-0.67	-0.67	-1.16	41.73	681
9790	-0.15	-0.15	-0.7	44.94	589
9800	0.35	0.35	-0.25	48.69	552
9810	0.86	0.86	0.22	41.73	516
9820	1.37	1.37	0.69	48.69	537
9830	1.86	1.86	1.15	53.12	526
9840	2.33	2.33	1.61	44.94	531
9850	2.76	2.76	2.07	44.94	488
9860	3.18	3.18	2.54	44.94	513
9870	3.56	3.56	3	53.12	528
9880	3.9	3.9	3.46	53.12	524
9890	4.21	4.21	3.91	48.69	604
9900	4.46	4.46	4.32	38.95	1262
9910	4.67	4.67	4.63	29.21	1368
9920	4.83	4.83	4.79	13.91	2260
9930	4.93	4.93	4.91	14.98	1825
9940	4.99	4.99	4.98	2.18	628
9950	4.99	4.99	5	0	-689
9960	4.93	4.93	4.97	-10.43	-2246
9970	4.83	4.83	4.87	-13.28	-2695
9980	4.66	4.66	4.76	-13.91	-3553
9990	4.45	4.45	4.56	-23.37	-3369
10000	4.18	4.18	4.32	-24.34	-3268
10010	3.88	3.88	4.03	-30.75	-2909
10020	3.53	3.53	3.73	-30.75	-2700
10030	3.14	3.14	3.39	-38.95	-2217
10040	2.71	2.71	3.01	-44.94	-1679
10050	2.26	2.26	2.61	-36.52	-1148
10060	1.78	1.78	2.19	-38.95	-871
10070	1.27	1.27	1.65	-44.94	-649
10080	0.76	0.76	1.3	-48.69	-514
10090	0.23	0.23	0.84	-44.94	-446
10100	-0.29	-0.29	0.39	-44.94	-416
10110	-0.82	-0.82	-0.06	-38.95	-427
10120	-1.34	-1.34	-0.51	-44.94	-423
10130	-1.85	-1.85	-0.97	-44.94	-423
10140	-2.33	-2.33	-1.43	-41.73	-438
10150	-2.78	-2.78	-1.88	-53.12	-424
10160	-3.2	-3.2	-2.35	-48.69	-423
10170	-3.6	-3.6	-2.84	-53.12	-421
10180	-3.95	-3.95	-3.26	-48.69	-414
10190	-4.25	-4.25	-3.72	-53.12	-417
10200	-4.51	-4.51	-4.17	-48.69	-431
10210	-4.72	-4.72	-4.59	-41.73	-615
10220	-4.87	-4.87	-4.87	-17.71	172
10230	-4.97	-4.97	-4.93	0	-2512
10240	-5	-5	-5.01	-3.89	472
10250	-4.99	-4.99	-5	0	815
10260	-4.91	-4.91	-4.95	14.61	2961
10270	-4.78	-4.78	-4.84	17.18	3024
10280	-4.59	-4.59	-4.7	16.69	3666
10290	-4.36	-4.36	-4.49	27.82	3665
10300	-4.07	-4.07	-4.22	32.46	3250
10310	-3.73	-3.73	-3.9	34.37	2996
10320	-3.34	-3.34	-3.58	34.37	2482
10330	-2.92	-2.92	-3.2	36.52	2123
10340	-2.47	-2.47	-2.8	38.95	1482
10350	-1.97	-1.97	-2.38	41.73	1041
10360	-1.47	-1.47	-1.94	53.12	785
10370	-0.95	-0.95	-1.48	53.12	635
10380	-0.4	-0.4	-1.03	48.69	562
10390	0.14	0.14	-0.56	44.94	535
10400	0.68	0.68	-0.11	41.73	519
10410	1.22	1.22	0.36	44.94	529
10420	1.74	1.74	0.82	48.69	507
10430	2.24	2.24	1.29	58.42	518
10440	2.71	2.71	1.74	48.69	515
10450	3.15	3.15	2.21	41.73	494
10460	3.56	3.56	2.68	41.73	531
10470	3.93	3.93	3.13	44.94	536
10480	4.24	4.24	3.6	53.12	535
10490	4.5	4.5	4.05	44.94	512
10500	4.71	4.71	4.51	38.95	368
10510	4.86	4.86	4.85	24.34	-702
10520	4.95	4.95	4.93	0	1647
10530	4.99	4.99	4.99	3	-138
10540	4.97	4.97	4.98	-7.59	-1109
10550	4.88	4.88	4.93	-12.98	-2809
10560	4.73	4.73	4.8	-20.14	-2917
10570	4.53	4.53	4.59	-29.21	-1439
10580	4.27	4.27	4.38	-30.75	-3208
10590	3.95	3.95	4.1	-38.95	-2374
10600	3.59	3.59	3.73	-41.73	-1587
10610	3.19	3.19	3.44	-26.56	-2752
10620	2.73	2.73	3.12	-44.94	-1347
10630	2.26	2.26	2.68	-44.94	-707
10640	1.74	1.74	2.23	-44.94	-589
10650	1.22	1.22	1.79	-44.94	-466
10660	0.67	0.67	1.33	-41.73	-430
10670	0.11	0.11	0.86	-48.69	-414
10680	-0.44	-0.44	0.41	-44.94	-405
10690	-1	-1	-0.05	-44.94	-413
10700	-1.54	-1.54	-0.5	-44.94	-403
10710	-2.07	-2.07	-0.96	-44.94	-419
10720	-2.56	-2.56	-1.41	-41.73	-422
10730	-3.03	-3.03	-1.87	-44.94	-421
10740	-3.46	-3.46	-2.33	-44.94	-421
10750	-3.84	-3.84	-2.79	-41.73	-409
10760	-4.18	-4.18	-3.25	-44.94	-414
10770	-4.46	-4.46	-3.7	-41.73	-412
10780	-4.69	-4.69	-4.16	-41.73	-416
10790	-4.86	-4.86	-4.62	-41.73	-385
10800	-4.97	-4.97	-4.98	-22.47	2255
10810	-5	-5	-4.98	7.21	-1175
10820	-4.98	-4.98	-5	0	2169
10830	-4.9	-4.9	-4.93	18.26	2646
10840	-4.74	-4.74	-4.83	17.18	3453
10850	-4.55	-4.55	-4.65	24.34	3510
10860	-4.28	-4.28	-4.42	25.4	3298
10870	-3.95	-3.95	-4.14	34.37	3000
10880	-3.58	-3.58	-3.8	34.37	2497
10890	-3.15	-3.15	-3.44	36.52	2028
10900	-2.69	-2.69	-3.04	41.73	1454
10910	-2.19	-2.19	-2.61	48.69	981
10920	-1.66	-1.66	-2.16	41.73	697
10930	-1.11	-1.11	-1.71	48.69	605
10940	-0.55	-0.55	-1.25	53.12	560
10950	0.02	0.02	-0.78	48.69	512
10960	0.6	0.6	-0.33	41.73	529
10970	1.17	1.17	0.14	44.94	532
10980	1.72	1.72	0.6	48.69	528
10990	2.24	2.24	1.06	44.94	515
11000	2.73	2.73	1.53	48.69	475
11010	3.2	3.2	1.99	48.69	501
11020	3.62	3.62	2.45	44.94	521
11030	4	4	2.91	44.94	498
11040	4.31	4.31	3.38	44.94	521
11050	4.58	4.58	3.84	53.12	503
11060	4.78	4.78	4.39	44.94	537
11070	4.91	4.91	4.79	44.94	-120
11080	4.99	4.99	5.04	5.9	-4205
11090	4.99	4.99	4.97	-7.79	1246
11100	4.92	4.92	4.97	-9.42	-3101
11110	4.79	4.79	4.85	-21.64	-2891
11120	4.59	4.59	4.7	-19.48	-3395
11130	4.34	4.34	4.46	-27.82	-3369
11140	4.02	4.02	4.16	-34.37	-2784
11150	3.65	3.65	3.87	-32.46	-2453
11160	3.23	3.23	3.51	-34.37	-2002
11170	2.76	2.76	3.12	-44.94	-1324
11180	2.26	2.26	2.64	-44.94	-775
11190	1.72	1.72	2.24	-53.12	-556
11200	1.16	1.16	1.79	-48.69	-453
11210	0.58	0.58	1.33	-53.12	-418
11220	-0.01	-0.01	0.88	-48.69	-408
11230	-0.6	-0.6	0.42	-53.12	-409
11240	-1.17	-1.17	-0.04	-53.12	-418
11250	-1.74	-1.74	-0.49	-53.12	-424
11260	-2.28	-2.28	-0.95	-48.69	-418
11270	-2.78	-2.78	-1.4	-41.73	-422
11280	-3.26	-3.26	-1.87	-44.94	-413
11290	-3.68	-3.68	-2.33	-44.94	-416
11300	-4.05	-4.05	-2.78	-48.69	-417
11310	-4.37	-4.37	-3.24	-41.73	-416
11320	-4.63	-4.63	-3.69	-44.94	-415
11330	-4.83	-4.83	-4.15	-44.94	-416
11340	-4.94	-4.94	-4.6	-44.94	-412
11350	-5	-5	-5.01	-23.37	3545
11360	-4.99	-4.99	-4.99	12.7	724
11370	-4.9	-4.9	-4.95	10.25	3250
11380	-4.74	-4.74	-4.83	20.86	3331
11390	-4.52	-4.52	-4.64	18.85	3499
11400	-4.24	-4.24	-4.39	29.21	3412
11410	-3.89	-3.89	-4.09	34.37	2785
11420	-3.48	-3.48	-3.74	32.46	2257
11430	-3.03	-3.03	-3.35	41.73	1696
11440	-2.54	-2.54	-2.93	41.73	1194
11450	-2	-2	-2.49	38.95	781
11460	-1.44	-1.44	-2.03	44.94	611
11470	-0.85	-0.85	-1.58	41.73	530
11480	-0.26	-0.26	-1.11	44.94	512
11490	0.35	0.35	-0.65	48.69	559
11500	0.95	0.95	-0.19	53.12	538
11510	1.53	1.53	0.27	44.94	512
11520	2.09	2.09	0.74	38.95	519
11530	2.62	2.62	1.19	44.94	516
11540	3.12	3.12	1.66	44.94	498
11550	3.56	3.56	2.13	58.42	516
11560	3.96	3.96	2.58	48.69	502
11570	4.3	4.3	3.08	44.94	519
11580	4.58	4.58	3.56	41.73	515
11590	4.78	4.78	4.03	41.73	541
11600	4.92	4.92	4.43	53.12	560
11610	4.99	4.99	4.9	44.94	-1201
11620	4.98	4.98	5.07	-11.92	-5511
11630	4.9	4.9	4.91	-15.79	-419
11640	4.74	4.74	4.84	-15.37	-3681
11650	4.52	4.52	4.65	-30.75	-3567
11660	4.23	4.23	4.37	-29.21	-3040
11670	3.87	3.87	4.08	-30.75	-2902
11680	3.46	3.46	3.73	-34.37	-1962
11690	2.99	2.99	3.34	-38.95	-1531
11700	2.48	2.48	2.92	-41.73	-921
11710	1.93	1.93	2.48	-41.73	-590
11720	1.36	1.36	2.02	-44.94	-442
11730	0.75	0.75	1.57	-44.94	-400
11740	0.14	0.14	1.11	-41.73	-404
11750	-0.48	-0.48	0.65	-41.73	-400
11760	-1.09	-1.09	0.19	-44.94	-405
11770	-1.67	-1.67	-0.27	-41.73	-411
11780	-2.24	-2.24	-0.72	-44.94	-425
11790	-2.78	-2.78	-1.18	-41.73	-422
11800	-3.27	-3.27	-1.64	-44.94	-421
11810	-3.72	-3.72	-2.09	-44.94	-409
11820	-4.1	-4.1	-2.55	-44.94	-415
11830	-4.42	-4.42	-3	-53.12	-409
11840	-4.67	-4.67	-3.47	-44.94	-408
11850	-4.86	-4.86	-3.93	-53.12	-414
11860	-4.98	-4.98	-4.38	-48.69	-417
11870	-5	-5	-4.84	-53.12	229
11880	-4.97	-4.97	-5.08	0	5968
11890	-4.84	-4.84	-4.88	26.56	2196
11900	-4.65	-4.65	-4.73	18.85	3036
11910	-4.38	-4.38	-4.56	25.4	3870
11920	-4.04	-4.04	-4.25	44.94	2746
11930	-3.65	-3.65	-3.89	41.73	2273
11940	-3.19	-3.19	-3.52	41.73	1916
11950	-2.68	-2.68	-3.1	44.94	1138
11960	-2.13	-2.13	-2.65	41.73	722
11970	-1.55	-1.55	-2.2	48.69	566
11980	-0.95	-0.95	-1.73	53.12	534
11990	-0.32	-0.32	-1.27	44.94	505
12000	0.3	0.3	-0.81	41.73	505
12010	0.93	0.93	-0.35	44.94	545
12020	1.54	1.54	0.12	48.69	512
12030	2.13	2.13	0.57	44.94	515
12040	2.68	2.68	1.04	53.12	485
12050	3.19	3.19	1.5	44.94	490
12060	3.65	3.65	1.96	41.73	479
12070	4.04	4.04	2.5	44.94	505
12080	4.38	4.38	2.97	58.42	514
12090	4.65	4.65	3.42	44.94	511
12100	4.85	4.85	3.89	48.69	506
12110	4.95	4.95	4.38	44.94	524
12120	4.99	4.99	4.85	41.73	-670
12130	4.94	4.94	5.07	0	-5978
12140	4.83	4.83	4.83	-32.46	-133
12150	4.62	4.62	4.71	-10.82	-3357
12160	4.34	4.34	4.53	-36.52	-3559
12170	4	4	4.17	-36.52	-1989
12180	3.58	3.58	3.83	-34.37	-2299
12190	3.11	3.11	3.39	-44.94	-1244
12200	2.58	2.58	3.01	-53.12	-852
12210	2.01	2.01	2.57	-41.73	-564
12220	1.41	1.41	2.11	-44.94	-446
12230	0.79	0.79	1.66	-41.73	-402
12240	0.15	0.15	1.2	-38.95	-403
12250	-0.49	-0.49	0.75	-44.94	-411
12260	-1.12	-1.12	0.29	-53.12	-413
12270	-1.74	-1.74	-0.18	-48.69	-410
12280	-2.33	-2.33	-0.63	-53.12	-414
12290	-2.87	-2.87	-1.09	-44.94	-417
12300	-3.38	-3.38	-1.54	-48.69	-426
12310	-3.82	-3.82	-2	-53.12	-417
12320	-4.21	-4.21	-2.45	-48.69	-404
12330	-4.52	-4.52	-2.91	-48.69	-411
12340	-4.76	-4.76	-3.38	-41.73	-413
12350	-4.92	-4.92	-3.83	-44.94	-422
12360	-5	-5	-4.29	-44.94	-415
12370	-4.99	-4.99	-4.74	-48.69	-335
12380	-4.91	-4.91	-5.05	0	6154
12390	-4.73	-4.73	-4.84	36.52	3396
12400	-4.48	-4.48	-4.58	23.37	2879
12410	-4.15	-4.15	-4.34	25.4	3414
12420	-3.75	-3.75	-4.01	44.94	2429
12430	-3.3	-3.3	-3.62	48.69	1732
12440	-2.78	-2.78	-3.2	53.12	1185
12450	-2.21	-2.21	-2.76	44.94	748
12460	-1.61	-1.61	-2.3	41.73	557
12470	-0.98	-0.98	-1.83	48.69	514
12480	-0.33	-0.33	-1.38	48.69	526
12490	0.32	0.32	-0.91	44.94	533
12500	0.97	0.97	-0.46	48.69	526
12510	1.6	1.6	0.01	44.94	528
12520	2.21	2.21	0.47	53.12	537
12530	2.77	2.77	0.93	53.12	494
12540	3.3	3.3	1.4	44.94	506
12550	3.76	3.76	1.86	38.95	498
12560	4.16	4.16	2.33	44.94	499
12570	4.49	4.49	2.84	41.73	514
12580	4.73	4.73	3.32	48.69	533
12590	4.91	4.91	3.73	44.94	534
12600	4.99	4.99	4.17	41.73	501
12610	4.98	4.98	4.64	41.73	520
12620	4.88	4.88	5.04	14.98	-5265
12630	4.71	4.71	4.92	-36.52	-4390
12640	4.45	4.45	4.55	-36.52	-1931
12650	4.11	4.11	4.29	-29.21	-2943
12660	3.7	3.7	3.96	-34.37	-2347
12670	3.23	3.23	3.59	-34.37	-1516
12680	2.7	2.7	3.15	-53.12	-865
12690	2.11	2.11	2.71	-44.94	-558
12700	1.5	1.5	2.26	-38.95	-445
12710	0.85	0.85	1.8	-44.94	-406
12720	0.19	0.19	1.34	-41.73	-404
12730	-0.48	-0.48	0.89	-44.94	-413
12740	-1.13	-1.13	0.43	-48.69	-405
12750	-1.78	-1.78	-0.04	-53.12	-423
12760	-2.38	-2.38	-0.49	-48.69	-413
12770	-2.94	-2.94	-0.95	-44.94	-425
12780	-3.46	-3.46	-1.4	-48.69	-419
12790	-3.91	-3.91	-1.86	-48.69	-411
12800	-4.29	-4.29	-2.31	-53.12	-419
12810	-4.6	-4.6	-2.77	-48.69	-406
12820	-4.83	-4.83	-3.23	-41.73	-409
12830	-4.95	-4.95	-3.69	-44.94	-415
12840	-5	-5	-4.15	-44.94	-425
12850	-4.97	-4.97	-4.6	-44.94	-399
12860	-4.83	-4.83	-5	-18.26	4530
12870	-4.6	-4.6	-4.91	34.37	5018
12880	-4.3	-4.3	-4.51	44.94	1474
12890	-3.93	-3.93	-4.15	38.95	2225
12900	-3.47	-3.47	-3.77	36.52	2001
12910	-2.96	-2.96	-3.37	41.73	1255
12920	-2.38	-2.38	-2.92	53.12	787
12930	-1.76	-1.76	-2.47	48.69	575
12940	-1.11	-1.11	-2.01	44.94	509
12950	-0.44	-0.44	-1.54	44.94	521
12960	0.23	0.23	-1.09	44.94	509
12970	0.91	0.91	-0.62	44.94	501
12980	1.57	1.57	-0.15	48.69	523
12990	2.2	2.2	0.3	53.12	530
13000	2.78	2.78	0.77	44.94	528
13010	3.32	3.32	1.23	41.73	481
13020	3.8	3.8	1.69	44.94	485
13030	4.21	4.21	2.16	53.12	494
13040	4.53	4.53	2.62	53.12	514
13050	4.78	4.78	3.08	44.94	519
13060	4.93	4.93	3.63	48.69	519
13070	4.99	4.99	4.02	41.73	511
13080	4.97	4.97	4.49	41.73	520
13090	4.84	4.84	4.91	32.46	-4050
13100	4.63	4.63	4.92	-29.21	-5468
13110	4.32	4.32	4.53	-41.73	-1372
13120	3.94	3.94	4.17	-32.46	-2107
13130	3.48	3.48	3.81	-41.73	-1764
13140	2.96	2.96	3.39	-38.95	-1022
13150	2.37	2.37	2.94	-48.69	-601
13160	1.74	1.74	2.49	-53.12	-455
13170	1.09	1.09	2.03	-53.12	-415
13180	0.4	0.4	1.58	-44.94	-408
13190	-0.29	-0.29	1.12	-48.69	-408
13200	-0.97	-0.97	0.63	-53.12	-404
13210	-1.64	-1.64	0.21	-53.12	-413
13220	-2.28	-2.28	-0.25	-48.69	-415
13230	-2.87	-2.87	-0.71	-41.73	-415
13240	-3.41	-3.41	-1.17	-44.94	-426
13250	-3.88	-3.88	-1.62	-44.94	-424
13260	-4.29	-4.29	-2.08	-44.94	-423
13270	-4.6	-4.6	-2.54	-41.73	-413
13280	-4.83	-4.83	-2.99	-48.69	-411
13290	-4.97	-4.97	-3.45	-53.12	-417
13300	-5	-5	-3.9	-48.69	-418
13310	-4.95	-4.95	-4.37	-53.12	-415
13320	-4.79	-4.79	-4.8	-27.82	3470
13330	-4.55	-4.55	-4.78	25.4	5658
13340	-4.22	-4.22	-4.42	41.73	2122
13350	-3.8	-3.8	-4.05	34.37	2290
13360	-3.31	-3.31	-3.68	48.69	1675
13370	-2.75	-2.75	-3.25	41.73	938
13380	-2.14	-2.14	-2.79	44.94	632
13390	-1.48	-1.48	-2.33	41.73	519
13400	-0.81	-0.81	-1.87	44.94	512
13410	-0.11	-0.11	-1.4	48.69	511
13420	0.6	0.6	-0.95	53.12	524
13430	1.29	1.29	-0.48	44.94	531
13440	1.95	1.95	-0.01	41.73	504
13450	2.58	2.58	0.44	44.94	549
13460	3.15	3.15	0.9	48.69	517
13470	3.67	3.67	1.37	53.12	493
13480	4.11	4.11	1.83	48.69	496
13490	4.46	4.46	2.29	41.73	483
13500	4.73	4.73	2.76	44.94	556
13510	4.91	4.91	3.21	48.69	512
13520	4.99	4.99	3.68	53.12	525
13530	4.97	4.97	4.15	48.69	534
13540	4.85	4.85	4.6	48.69	336
13550	4.63	4.63	4.91	0	-6398
13560	4.31	4.31	4.69	-53.12	-3182
13570	3.91	3.91	4.25	-44.94	-768
13580	3.44	3.44	3.79	-48.69	-1138
13590	2.89	2.89	3.34	-41.73	-637
13600	2.28	2.28	2.89	-38.95	-461
13610	1.61	1.61	2.42	-48.69	-407
13620	0.93	0.93	2.03	-38.95	-416
13630	0.22	0.22	1.58	-44.94	-401
13640	-0.49	-0.49	1.11	-41.73	-406
13650	-1.19	-1.19	0.68	-44.94	-399
13660	-1.88	-1.88	0.22	-38.95	-409
13670	-2.52	-2.52	-0.23	-48.69	-408
13680	-3.11	-3.11	-0.7	-48.69	-407
13690	-3.63	-3.63	-1.16	-48.69	-423
13700	-4.09	-4.09	-1.61	-53.12	-426
13710	-4.46	-4.46	-2.07	-48.69	-407
13720	-4.74	-4.74	-2.52	-53.12	-413
13730	-4.92	-4.92	-2.98	-48.69	-402
13740	-5	-5	-3.44	-44.94	-417
13750	-4.98	-4.98	-3.9	-48.69	-423
13760	-4.85	-4.85	-4.36	-41.73	-415
13770	-4.63	-4.63	-4.79	-26.56	3440
13780	-4.3	-4.3	-4.78	30.75	5648
13790	-3.89	-3.89	-4.38	48.69	1292
13800	-3.39	-3.39	-3.91	48.69	582
13810	-2.83	-2.83	-3.46	44.94	522
13820	-2.21	-2.21	-2.99	53.12	500
13830	-1.53	-1.53	-2.54	44.94	505
13840	-0.83	-0.83	-2.07	38.95	494
13850	-0.11	-0.11	-1.61	41.73	516
13860	0.62	0.62	-1.15	48.69	522
13870	1.33	1.33	-0.68	53.12	524
13880	2.01	2.01	-0.22	48.69	508
13890	2.65	2.65	0.25	41.73	521
13900	3.24	3.24	0.7	41.73	541
13910	3.76	3.76	1.17	44.94	497
13920	4.19	4.19	1.64	53.12	502
13930	4.55	4.55	2.09	48.69	491
13940	4.8	4.8	2.56	41.73	488
13950	4.94	4.94	3.01	44.94	512
13960	4.99	4.99	3.48	48.69	514
13970	4.93	4.93	3.95	53.12	530
13980	4.77	4.77	4.41	53.12	499
13990	4.5	4.5	4.8	22.47	-4868
14000	4.12	4.12	4.71	-34.37	-4451
14010	3.67	3.67	4.28	-53.12	-839
14020	3.14	3.14	3.82	-48.69	-452
14030	2.54	2.54	3.37	-53.12	-429
14040	1.88	1.88	2.91	-48.69	-416
14050	1.18	1.18	2.45	-53.12	-418
14060	0.46	0.46	2	-44.94	-415
14070	-0.28	-0.28	1.48	-44.94	-406
14080	-1.02	-1.02	1.03	-44.94	-403
14090	-1.72	-1.72	0.62	-44.94	-406
14100	-2.4	-2.4	0.16	-44.94	-408
14110	-3.01	-3.01	-0.29	-41.73	-408
14120	-3.58	-3.58	-0.75	-48.69	-422
14130	-4.04	-4.04	-1.2	-44.94	-418
14140	-4.44	-4.44	-1.66	-48.69	-422
14150	-4.73	-4.73	-2.11	-44.94	-406
14160	-4.92	-4.92	-2.58	-41.73	-408
14170	-5	-5	-3.04	-44.94	-409
14180	-4.98	-4.98	-3.49	-44.94	-407
14190	-4.84	-4.84	-3.95	-41.73	-421
14200	-4.59	-4.59	-4.38	-26.56	3408
14210	-4.24	-4.24	-4.53	0	5180
14220	-3.81	-3.81	-4.29	48.69	3064
14230	-3.28	-3.28	-3.84	53.12	757
14240	-2.69	-2.69	-3.38	48.69	530
14250	-2.03	-2.03	-2.92	41.73	485
14260	-1.32	-1.32	-2.45	44.94	498
14270	-0.6	-0.6	-1.99	44.94	510
14280	0.15	0.15	-1.53	41.73	523
14290	0.9	0.9	-1.06	48.69	509
14300	1.62	1.62	-0.61	44.94	535
14310	2.31	2.31	-0.14	44.94	506
14320	2.94	2.94	0.32	48.69	533
14330	3.52	3.52	0.78	41.73	524
14340	4.01	4.01	1.25	48.69	494
14350	4.41	4.41	1.71	48.69	483
14360	4.71	4.71	2.17	41.73	489
14370	4.91	4.91	2.63	44.94	503
14380	4.99	4.99	3.1	44.94	505
14390	4.97	4.97	3.56	48.69	521
14400	4.83	4.83	4.02	48.69	520
14410	4.57	4.57	4.46	24.34	-4297
14420	4.22	4.22	4.49	-19.48	-4984
14430	3.76	3.76	4.14	-53.12	-1593
14440	3.23	3.23	3.7	-41.73	-725
14450	2.62	2.62	3.26	-44.94	-509
14460	1.94	1.94	2.79	-41.73	-435
14470	1.23	1.23	2.34	-48.69	-406
14480	0.48	0.48	1.88	-41.73	-398
14490	-0.28	-0.28	1.43	-44.94	-402
14500	-1.03	-1.03	0.97	-41.73	-391
14510	-1.76	-1.76	0.51	-44.94	-409
14520	-2.45	-2.45	0.06	-41.73	-403
14530	-3.08	-3.08	-0.41	-41.73	-410
14540	-3.65	-3.65	-0.86	-44.94	-425
14550	-4.12	-4.12	-1.32	-38.95	-423
14560	-4.51	-4.51	-1.78	-41.73	-411
14570	-4.79	-4.79	-2.33	-48.69	-407
14580	-4.95	-4.95	-2.78	-48.69	-411
14590	-5	-5	-3.24	-48.69	-405
14600	-4.94	-4.94	-3.66	-53.12	-415
14610	-4.77	-4.77	-4.11	-53.12	-425
14620	-4.48	-4.48	-4.52	-17.18	5048
14630	-4.08	-4.08	-4.38	38.95	4030
14640	-3.59	-3.59	-4	44.94	1162
14650	-3.01	-3.01	-3.65	41.73	631
14660	-2.36	-2.36	-3.19	44.94	493
14670	-1.66	-1.66	-2.72	41.73	495
14680	-0.92	-0.92	-2.26	48.69	493
14690	-0.15	-0.15	-1.8	44.94	515
14700	0.61	0.61	-1.33	48.69	524
14710	1.37	1.37	-0.88	48.69	533
14720	2.09	2.09	-0.41	44.94	526
14730	2.76	2.76	0.04	41.73	514
14740	3.37	3.37	0.5	44.94	508
14750	3.89	3.89	0.96	48.69	521
14760	4.34	4.34	1.43	48.69	471
14770	4.66	4.66	1.88	44.94	498
14780	4.88	4.88	2.35	44.94	482
14790	4.99	4.99	2.82	44.94	512
14800	4.97	4.97	3.27	48.69	536
14810	4.84	4.84	3.74	53.12	508
14820	4.58	4.58	4.19	44.94	443
14830	4.22	4.22	4.6	29.21	-4389
14840	3.75	3.75	4.56	-38.95	-4976
14850	3.2	3.2	4.14	-53.12	-945
14860	2.57	2.57	3.68	-48.69	-465
14870	1.87	1.87	3.23	-48.69	-421
14880	1.13	1.13	2.77	-53.12	-417
14890	0.36	0.36	2.31	-48.69	-397
14900	-0.42	-0.42	1.85	-48.69	-408
14910	-1.19	-1.19	1.39	-44.94	-400
14920	-1.93	-1.93	0.93	-48.69	-412
14930	-2.63	-2.63	0.48	-41.73	-401
14940	-3.26	-3.26	0.02	-48.69	-404
14950	-3.81	-3.81	-0.43	-41.73	-412
14960	-4.27	-4.27	-0.89	-38.95	-427
14970	-4.63	-4.63	-1.36	-41.73	-425
14980	-4.87	-4.87	-1.81	-44.94	-409
14990	-4.99	-4.99	-2.27	-41.73	-424
15000	-4.99	-4.99	-2.72	-38.95	-403
15010	-4.87	-4.87	-3.18	-44.94	-400
15020	-4.63	-4.63	-3.63	-53.12	-404
15030	-4.27	-4.27	-4.08	-25.4	3830
15040	-3.81	-3.81	-4.17	0	4601
15050	-3.25	-3.25	-3.89	38.95	2714
15060	-2.61	-2.61	-3.37	44.94	629
15070	-1.9	-1.9	-2.89	53.12	482
15080	-1.16	-1.16	-2.44	41.73	497
15090	-0.37	-0.37	-2.06	44.94	491
15100	0.42	0.42	-1.59	53.12	514
15110	1.19	1.19	-1.13	44.94	499
15120	1.94	1.94	-0.67	38.95	501
15130	2.65	2.65	-0.2	41.73	513
15140	3.28	3.28	0.26	48.69	531
15150	3.83	3.83	0.72	53.12	510
15160	4.29	4.29	1.18	48.69	503
15170	4.64	4.64	1.65	41.73	458
15180	4.87	4.87	2.11	41.73	512
15190	4.99	4.99	2.57	44.94	516
15200	4.97	4.97	3.04	53.12	493
15210	4.83	4.83	3.49	41.73	511
15220	4.56	4.56	3.96	38.95	517
15230	4.18	4.18	4.41	27.82	-4298
15240	3.69	3.69	4.39	-27.82	-5469
15250	3.11	3.11	3.98	-44.94	-1055
15260	2.45	2.45	3.53	-48.69	-480
15270	1.72	1.72	3.07	-41.73	-420
15280	0.96	0.96	2.62	-44.94	-412
15290	0.16	0.16	2.16	-41.73	-409
15300	-0.64	-0.64	1.71	-48.69	-404
15310	-1.43	-1.43	1.25	-41.73	-399
15320	-2.17	-2.17	0.78	-41.73	-409
15330	-2.86	-2.86	0.33	-44.94	-409
15340	-3.48	-3.48	-0.13	-44.94	-405
15350	-4.01	-4.01	-0.58	-44.94	-423
15360	-4.44	-4.44	-1.04	-41.73	-422
15370	-4.76	-4.76	-1.5	-44.94	-423
15380	-4.94	-4.94	-1.95	-53.12	-413
15390	-5	-5	-2.42	-48.69	-404
15400	-4.94	-4.94	-2.87	-53.12	-411
15410	-4.74	-4.74	-3.33	-48.69	-402
15420	-4.43	-4.43	-3.79	-53.12	-418
15430	-3.98	-3.98	-4.22	-30.75	3983
15440	-3.45	-3.45	-4.18	38.95	5431
15450	-2.83	-2.83	-3.76	53.12	1148
15460	-2.11	-2.11	-3.31	48.69	554
15470	-1.37	-1.37	-2.84	41.73	473
15480	-0.57	-0.57	-2.37	44.94	504
15490	0.25	0.25	-1.92	48.69	520
15500	1.05	1.05	-1.45	53.12	523
15510	1.82	1.82	-0.99	44.94	519
15520	2.55	2.55	-0.53	41.73	507
15530	3.21	3.21	-0.06	41.73	522
15540	3.79	3.79	0.4	48.69	528
15550	4.27	4.27	0.86	53.12	518
15560	4.63	4.63	1.32	44.94	490
15570	4.87	4.87	1.86	41.73	496
15580	4.99	4.99	2.35	44.94	493
15590	4.97	4.97	2.8	44.94	511
15600	4.81	4.81	3.18	53.12	506
15610	4.53	4.53	3.63	44.94	533
15620	4.12	4.12	4.08	26.56	-4347
15630	3.61	3.61	4.08	-27.82	-5269
15640	3	3	3.65	-48.69	-1086
15650	2.31	2.31	3.24	-53.12	-477
15660	1.55	1.55	2.77	-53.12	-420
15670	0.76	0.76	2.31	-53.12	-411
15680	-0.06	-0.06	1.86	-48.69	-401
15690	-0.88	-0.88	1.4	-53.12	-397
15700	-1.67	-1.67	0.95	-48.69	-396
15710	-2.42	-2.42	0.48	-41.73	-412
15720	-3.11	-3.11	0.02	-48.69	-411
15730	-3.7	-3.7	-0.43	-41.73	-411
15740	-4.21	-4.21	-0.89	-44.94	-419
15750	-4.59	-4.59	-1.34	-44.94	-419
15760	-4.86	-4.86	-1.8	-44.94	-412
15770	-4.99	-4.99	-2.26	-41.73	-411
15780	-4.99	-4.99	-2.71	-38.95	-413
15790	-4.85	-4.85	-3.18	-44.94	-418
15800	-4.58	-4.58	-3.63	-41.73	-407
15810	-4.18	-4.18	-4.07	-24.34	3759
15820	-3.67	-3.67	-4.09	17.71	5032
15830	-3.05	-3.05	-3.75	41.73	1999
15840	-2.36	-2.36	-3.28	41.73	606
15850	-1.6	-1.6	-2.83	48.69	481
15860	-0.79	-0.79	-2.36	53.12	512
15870	0.04	0.04	-1.9	44.94	505
15880	0.86	0.86	-1.44	38.95	542
15890	1.67	1.67	-0.97	41.73	502
15900	2.42	2.42	-0.51	44.94	518
15910	3.12	3.12	-0.05	53.12	551
15920	3.72	3.72	0.41	44.94	523
15930	4.22	4.22	0.88	41.73	524
15940	4.6	4.6	1.34	44.94	486
15950	4.86	4.86	1.8	44.94	487
15960	4.99	4.99	2.27	53.12	502
15970	4.97	4.97	2.72	41.73	503
15980	4.81	4.81	3.19	44.94	502
15990	4.52	4.52	3.66	44.94	524
16000	4.1	4.1	4.09	26.56	-4496
16010	3.56	3.56	4.05	-29.21	-5260
16020	2.93	2.93	3.63	-41.73	-1083
16030	2.22	2.22	3.19	-44.94	-479
16040	1.44	1.44	2.72	-41.73	-424
16050	0.61	0.61	2.27	-48.69	-407
16060	-0.22	-0.22	1.81	-44.94	-394
16070	-1.06	-1.06	1.29	-44.94	-395
16080	-1.87	-1.87	0.86	-44.94	-397
16090	-2.62	-2.62	0.44	-44.94	-398
16100	-3.3	-3.3	-0.02	-44.94	-418
16110	-3.88	-3.88	-0.48	-38.95	-407
16120	-4.36	-4.36	-0.93	-44.94	-431
16130	-4.71	-4.71	-1.39	-41.73	-426
16140	-4.93	-4.93	-1.85	-44.94	-409
16150	-5	-5	-2.3	-41.73	-411
16160	-4.94	-4.94	-2.76	-48.69	-407
16170	-4.73	-4.73	-3.23	-48.69	-407
16180	-4.39	-4.39	-3.68	-53.12	-403
16190	-3.93	-3.93	-4.1	-23.37	3848
16200	-3.34	-3.34	-4.04	32.46	5516
16210	-2.68	-2.68	-3.62	53.12	1193
16220	-1.92	-1.92	-3.17	53.12	557
16230	-1.11	-1.11	-2.7	44.94	464
16240	-0.27	-0.27	-2.2	53.12	488
16250	0.58	0.58	-1.78	44.94	502
16260	1.41	1.41	-1.31	48.69	518
16270	2.21	2.21	-0.85	48.69	523
16280	2.93	2.93	-0.39	41.73	507
16290	3.58	3.58	0.07	44.94	529
16300	4.12	4.12	0.54	48.69	565
16310	4.53	4.53	0.99	53.12	523
16320	4.83	4.83	1.46	44.94	496
16330	4.98	4.98	1.93	44.94	480
16340	4.98	4.98	2.38	48.69	499
16350	4.84	4.84	2.83	48.69	513
16360	4.55	4.55	3.3	44.94	507
16370	4.12	4.12	3.74	27.82	-1898
16380	3.59	3.59	4.09	25.4	-3171
16390	2.94	2.94	4.08	-29.21	-5398
16400	2.21	2.21	3.67	-44.94	-1061
16410	1.41	1.41	3.21	-41.73	-472
16420	0.57	0.57	2.76	-41.73	-419
16430	-0.29	-0.29	2.3	-44.94	-401
16440	-1.15	-1.15	1.85	-44.94	-402
16450	-1.96	-1.96	1.39	-44.94	-407
16460	-2.72	-2.72	0.92	-38.95	-395
16470	-3.4	-3.4	0.47	-44.94	-401
16480	-3.98	-3.98	0.01	-41.73	-406
16490	-4.44	-4.44	-0.44	-44.94	-403
16500	-4.77	-4.77	-0.9	-53.12	-418
16510	-4.97	-4.97	-1.37	-48.69	-416
16520	-5	-5	-1.82	-53.12	-417
16530	-4.9	-4.9	-2.28	-53.12	-411
16540	-4.64	-4.64	-2.73	-53.12	-406
16550	-4.24	-4.24	-3.19	-48.69	-397
16560	-3.73	-3.73	-3.62	-27.82	4003
16570	-3.08	-3.08	-3.6	30.75	5191
16580	-2.36	-2.36	-3.27	48.69	1476
16590	-1.57	-1.57	-2.76	48.69	562
16600	-0.72	-0.72	-2.34	44.94	507
16610	0.15	0.15	-1.87	53.12	480
16620	1	1	-1.45	53.12	541
16630	1.85	1.85	-0.98	44.94	519
16640	2.62	2.62	-0.53	48.69	528
16650	3.32	3.32	-0.06	41.73	538
16660	3.91	3.91	0.4	44.94	525
16670	4.39	4.39	0.86	53.12	520
16680	4.74	4.74	1.33	44.94	504
16690	4.94	4.94	1.79	44.94	479
16700	4.99	4.99	2.26	48.69	496
16710	4.88	4.88	2.71	53.12	501
16720	4.64	4.64	3.18	53.12	493
16730	4.24	4.24	3.63	44.94	567
16740	3.72	3.72	4.07	29.21	-4213
16750	3.08	3.08	4.05	-34.37	-5268
16760	2.35	2.35	3.65	-53.12	-1036
16770	1.54	1.54	3.19	-53.12	-484
16780	0.68	0.68	2.73	-58.42	-437
16790	-0.2	-0.2	2.28	-48.69	-405
16800	-1.06	-1.06	1.82	-48.69	-401
16810	-1.9	-1.9	1.37	-44.94	-396
16820	-2.69	-2.69	0.9	-48.69	-405
16830	-3.39	-3.39	0.44	-44.94	-410
16840	-3.98	-3.98	-0.01	-41.73	-405
16850	-4.45	-4.45	-0.47	-48.69	-414
16860	-4.78	-4.78	-0.92	-41.73	-414
16870	-4.97	-4.97	-1.38	-41.73	-421
16880	-5	-5	-1.85	-44.94	-420
16890	-4.87	-4.87	-2.3	-41.73	-411
16900	-4.59	-4.59	-2.76	-44.94	-409
16910	-4.17	-4.17	-3.21	-44.94	-400
16920	-3.62	-3.62	-3.63	-30.75	3638
16930	-2.96	-2.96	-3.62	30.75	5721
16940	-2.2	-2.2	-3.21	41.73	1241
16950	-1.37	-1.37	-2.76	44.94	568
16960	-0.5	-0.5	-2.29	53.12	491
16970	0.39	0.39	-1.83	48.69	497
16980	1.26	1.26	-1.37	41.73	514
16990	2.1	2.1	-0.91	44.94	516
17000	2.87	2.87	-0.44	48.69	537
17010	3.55	3.55	0.02	53.12	549
17020	4.11	4.11	0.48	53.12	532
17030	4.56	4.56	0.95	44.94	499
17040	4.85	4.85	1.4	44.94	525
17050	4.98	4.98	1.87	44.94	476
17060	4.97	4.97	2.34	48.69	484
17070	4.78	4.78	2.91	44.94	509
17080	4.45	4.45	3.35	44.94	504
17090	3.97	3.97	3.75	20.86	-3944
17100	3.38	3.38	3.87	0	-5265
17110	2.66	2.66	3.56	-41.73	-1779
17120	1.87	1.87	3.05	-44.94	-502
17130	1.02	1.02	2.7	-48.69	-427
17140	0.12	0.12	2.31	-44.94	-403
17150	-0.77	-0.77	1.86	-48.69	-394
17160	-1.65	-1.65	1.4	-44.94	-396
17170	-2.47	-2.47	0.93	-48.69	-401
17180	-3.2	-3.2	0.48	-44.94	-396
17190	-3.83	-3.83	0.02	-44.94	-407
17200	-4.35	-4.35	-0.43	-41.73	-400
17210	-4.72	-4.72	-0.89	-44.94	-413
17220	-4.94	-4.94	-1.34	-44.94	-415
17230	-5	-5	-1.8	-44.94	-412
17240	-4.91	-4.91	-2.27	-41.73	-411
17250	-4.64	-4.64	-2.72	-38.95	-412
17260	-4.23	-4.23	-3.18	-44.94	-405
17270	-3.68	-3.68	-3.61	-24.34	4072
17280	-3	-3	-3.6	22.47	5413
17290	-2.23	-2.23	-3.21	58.42	1426
17300	-1.39	-1.39	-2.75	48.69	571
17310	-0.5	-0.5	-2.29	44.94	503
17320	0.4	0.4	-1.82	44.94	506
17330	1.3	1.3	-1.37	44.94	532
17340	2.15	2.15	-0.9	41.73	527
17350	2.92	2.92	-0.43	48.69	521
17360	3.61	3.61	0.02	48.69	528
17370	4.17	4.17	0.49	41.73	513
17380	4.6	4.6	0.95	44.94	498
17390	4.87	4.87	1.41	44.94	504
17400	4.99	4.99	1.88	53.12	492
17410	4.94	4.94	2.34	48.69	492
17420	4.72	4.72	2.8	44.94	514
17430	4.35	4.35	3.26	38.95	502
17440	3.83	3.83	3.7	27.82	-4486
17450	3.19	3.19	3.74	-20.86	-4985
17460	2.43	2.43	3.38	-41.73	-1480
17470	1.6	1.6	2.92	-44.94	-502
17480	0.71	0.71	2.47	-41.73	-415
17490	-0.2	-0.2	2.01	-44.94	-409
17500	-1.11	-1.11	1.55	-53.12	-392
17510	-1.97	-1.97	1.09	-53.12	-400
17520	-2.78	-2.78	0.63	-53.12	-401
17530	-3.49	-3.49	0.18	-48.69	-407
17540	-4.09	-4.09	-0.28	-53.12	-409
17550	-4.55	-4.55	-0.74	-48.69	-409
17560	-4.85	-4.85	-1.23	-41.73	-423
17570	-5	-5	-1.71	-41.73	-424
17580	-4.97	-4.97	-2.19	-44.94	-412
17590	-4.78	-4.78	-2.61	-44.94	-402
17600	-4.42	-4.42	-3.03	-48.69	-393
17610	-3.91	-3.91	-3.46	-29.21	1106
17620	-3.27	-3.27	-3.83	-27.82	3187
17630	-2.52	-2.52	-3.81	32.46	5622
17640	-1.68	-1.68	-3.37	41.73	1109
17650	-0.79	-0.79	-2.93	41.73	555
17660	0.13	0.13	-2.48	48.69	481
17670	1.05	1.05	-2.01	53.12	485
17680	1.93	1.93	-1.55	44.94	529
17690	2.75	2.75	-1.09	41.73	489
17700	3.47	3.47	-0.62	41.73	523
17710	4.07	4.07	-0.16	48.69	540
17720	4.53	4.53	0.3	53.12	535
17730	4.85	4.85	0.76	48.69	513
17740	4.99	4.99	1.23	44.94	486
17750	4.95	4.95	1.68	44.94	513
17760	4.76	4.76	2.15	44.94	492
17770	4.38	4.38	2.62	53.12	502
17780	3.87	3.87	3.07	44.94	547
17790	3.21	3.21	3.51	27.82	-4252
17800	2.45	2.45	3.49	-32.46	-5426
17810	1.6	1.6	3.08	-53.12	-1044
17820	0.7	0.7	2.63	-48.69	-463
17830	-0.23	-0.23	2.17	-53.12	-420
17840	-1.16	-1.16	1.72	-44.94	-403
17850	-2.04	-2.04	1.25	-41.73	-402
17860	-2.85	-2.85	0.79	-44.94	-404
17870	-3.58	-3.58	0.34	-44.94	-395
17880	-4.16	-4.16	-0.12	-48.69	-413
17890	-4.6	-4.6	-0.57	-41.73	-408
17900	-4.9	-4.9	-1.03	-41.73	-417
17910	-5	-5	-1.48	-44.94	-425
17920	-4.94	-4.94	-1.95	-38.95	-412
17930	-4.71	-4.71	-2.41	-44.94	-411
17940	-4.3	-4.3	-2.86	-41.73	-404
17950	-3.75	-3.75	-3.3	-25.4	1554
17960	-3.07	-3.07	-3.66	-29.21	3110
17970	-2.28	-2.28	-3.62	32.46	5583
17980	-1.4	-1.4	-3.21	44.94	1190
17990	-0.48	-0.48	-2.76	48.69	561
18000	0.47	0.47	-2.29	53.12	489
18010	1.39	1.39	-1.82	44.94	502
18020	2.27	2.27	-1.37	41.73	511
18030	3.06	3.06	-0.9	41.73	532
18040	3.75	3.75	-0.44	48.69	528
18050	4.3	4.3	0.02	48.69	526
18060	4.7	4.7	0.54	44.94	521
18070	4.93	4.93	1	58.42	492
18080	4.99	4.99	1.46	41.73	492
18090	4.87	4.87	1.87	44.94	494
18100	4.57	4.57	2.34	53.12	500
18110	4.11	4.11	2.79	48.69	508
18120	3.51	3.51	3.24	27.82	-4468
18130	2.77	2.77	3.39	7.39	-4587
18140	1.93	1.93	3.12	-41.73	-2625
18150	1.03	1.03	2.71	-44.94	-629
18160	0.08	0.08	2.26	-41.73	-432
18170	-0.86	-0.86	1.8	-44.94	-409
18180	-1.79	-1.79	1.34	-41.73	-403
18190	-2.64	-2.64	0.88	-48.69	-399
18200	-3.39	-3.39	0.42	-48.69	-402
18210	-4.03	-4.03	-0.04	-48.69	-407
18220	-4.52	-4.52	-0.49	-53.12	-413
18230	-4.85	-4.85	-0.95	-48.69	-411
18240	-5	-5	-1.4	-48.69	-426
18250	-4.97	-4.97	-1.86	-48.69	-422
18260	-4.76	-4.76	-2.33	-41.73	-416
18270	-4.37	-4.37	-2.84	-48.69	-410
18280	-3.82	-3.82	-3.21	-36.52	-381
18290	-3.14	-3.14	-3.62	-25.4	3762
18300	-2.34	-2.34	-3.58	34.37	5535
18310	-1.45	-1.45	-3.17	53.12	1150
18320	-0.51	-0.51	-2.7	44.94	551
18330	0.44	0.44	-2.24	44.94	531
18340	1.39	1.39	-1.78	44.94	497
18350	2.28	2.28	-1.32	53.12	525
18360	3.08	3.08	-0.85	48.69	501
18370	3.79	3.79	-0.4	41.73	530
18380	4.34	4.34	0.07	48.69	542
18390	4.73	4.73	0.53	48.69	549
18400	4.95	4.95	0.99	41.73	506
18410	4.99	4.99	1.46	48.69	525
18420	4.84	4.84	1.92	48.69	499
18430	4.51	4.51	2.38	44.94	505
18440	4.01	4.01	2.84	44.94	519
18450	3.37	3.37	3.28	27.82	-4381
18460	2.59	2.59	3.28	-22.47	-5278
18470	1.72	1.72	2.9	-44.94	-1212
18480	0.79	0.79	2.45	-44.94	-483
18490	-0.18	-0.18	1.99	-48.69	-422
18500	-1.13	-1.13	1.53	-41.73	-407
18510	-2.06	-2.06	1.08	-44.94	-406
18520	-2.9	-2.9	0.62	-44.94	-401
18530	-3.62	-3.62	0.16	-44.94	-419
18540	-4.22	-4.22	-0.3	-41.73	-418
18550	-4.66	-4.66	-0.76	-38.95	-425
18560	-4.93	-4.93	-1.22	-44.94	-426
18570	-5	-5	-1.71	-41.73	-422
18580	-4.9	-4.9	-2.19	-44.94	-419
18590	-4.6	-4.6	-2.64	-48.69	-410
18600	-4.14	-4.14	-3.05	-48.69	-409
18610	-3.51	-3.51	-3.48	-26.56	3979
18620	-2.75	-2.75	-3.45	24.34	5575
18630	-1.89	-1.89	-3.05	41.73	1272
18640	-0.96	-0.96	-2.57	53.12	548
18650	0.02	0.02	-2.13	44.94	511
18660	0.99	0.99	-1.67	44.94	519
18670	1.92	1.92	-1.2	53.12	533
18680	2.78	2.78	-0.75	44.94	539
18690	3.54	3.54	-0.28	41.73	532
18700	4.16	4.16	0.18	44.94	532
18710	4.62	4.62	0.64	44.94	525
18720	4.9	4.9	1.11	48.69	534
18730	4.99	4.99	1.57	53.12	501
18740	4.9	4.9	2.03	44.94	505
18750	4.62	4.62	2.49	41.73	528
18760	4.15	4.15	2.96	41.73	519
18770	3.53	3.53	3.39	25.4	-4419
18780	2.77	2.77	3.41	-20.14	-4968
18790	1.9	1.9	3.05	-48.69	-1469
18800	0.96	0.96	2.59	-53.12	-505
18810	-0.01	-0.01	2.14	-44.94	-417
18820	-0.99	-0.99	1.68	-53.12	-416
18830	-1.94	-1.94	1.23	-48.69	-403
18840	-2.8	-2.8	0.77	-41.73	-416
18850	-3.56	-3.56	0.3	-48.69	-412
18860	-4.18	-4.18	-0.15	-44.94	-409
18870	-4.64	-4.64	-0.61	-41.73	-425
18880	-4.92	-4.92	-1.06	-44.94	-419
18890	-5	-5	-1.52	-44.94	-426
18900	-4.9	-4.9	-1.96	-53.12	-414
18910	-4.59	-4.59	-2.42	-48.69	-417
18920	-4.11	-4.11	-2.87	-53.12	-420
18930	-3.48	-3.48	-3.32	-23.37	4052
18940	-2.7	-2.7	-3.35	14.25	4524
18950	-1.82	-1.82	-3.01	44.94	1954
18960	-0.86	-0.86	-2.56	38.95	653
18970	0.13	0.13	-2.09	41.73	518
18980	1.11	1.11	-1.64	44.94	524
18990	2.06	2.06	-1.17	53.12	550
19000	2.91	2.91	-0.71	44.94	523
19010	3.66	3.66	-0.25	38.95	516
19020	4.25	4.25	0.21	41.73	544
19030	4.69	4.69	0.68	44.94	535
19040	4.94	4.94	1.15	53.12	529
19050	4.99	4.99	1.6	53.12	493
19060	4.84	4.84	2.07	44.94	495
19070	4.5	4.5	2.58	41.73	497
19080	3.98	3.98	2.99	48.69	527
19090	3.31	3.31	3.42	25.4	-4709
19100	2.49	2.49	3.38	-34.37	-5287
19110	1.58	1.58	2.98	-44.94	-1021
19120	0.61	0.61	2.52	-53.12	-468
19130	-0.4	-0.4	2.07	-48.69	-429
19140	-1.38	-1.38	1.6	-41.73	-416
19150	-2.31	-2.31	1.16	-48.69	-403
19160	-3.14	-3.14	0.7	-44.94	-403
19170	-3.86	-3.86	0.23	-44.94	-422
19180	-4.42	-4.42	-0.22	-44.94	-417
19190	-4.8	-4.8	-0.68	-48.69	-425
19200	-4.99	-4.99	-1.13	-41.73	-427
19210	-4.98	-4.98	-1.59	-48.69	-431
19220	-4.76	-4.76	-2.04	-41.73	-415
19230	-4.36	-4.36	-2.5	-41.73	-417
19240	-3.77	-3.77	-2.96	-38.95	-520
19250	-3.04	-3.04	-3.38	-30.75	3898
19260	-2.19	-2.19	-3.34	36.52	5417
19270	-1.24	-1.24	-2.92	53.12	1183
19280	-0.23	-0.23	-2.47	48.69	542
19290	0.77	0.77	-1.97	44.94	509
19300	1.74	1.74	-1.54	41.73	530
19310	2.65	2.65	-1.08	44.94	538
19320	3.45	3.45	-0.61	53.12	537
19330	4.1	4.1	-0.15	44.94	533
19340	4.59	4.59	0.32	41.73	537
19350	4.9	4.9	0.77	44.94	535
19360	4.99	4.99	1.24	44.94	516
19370	4.88	4.88	1.69	53.12	522
19380	4.58	4.58	2.16	53.12	483
19390	4.09	4.09	2.63	44.94	501
19400	3.42	3.42	3.06	26.56	-3966
19410	2.63	2.63	3.32	17.18	-3375
19420	1.71	1.71	3.21	-34.37	-4309
19430	0.72	0.72	2.78	-44.94	-836
19440	-0.29	-0.29	2.33	-38.95	-458
19450	-1.3	-1.3	1.87	-48.69	-411
19460	-2.24	-2.24	1.4	-53.12	-416
19470	-3.11	-3.11	0.95	-48.69	-416
19480	-3.83	-3.83	0.49	-58.42	-416
19490	-4.41	-4.41	0.04	-48.69	-411
19500	-4.79	-4.79	-0.42	-44.94	-407
19510	-4.99	-4.99	-0.89	-44.94	-417
19520	-4.97	-4.97	-1.34	-44.94	-427
19530	-4.74	-4.74	-1.8	-48.69	-430
19540	-4.32	-4.32	-2.26	-41.73	-411
19550	-3.73	-3.73	-2.71	-44.94	-426
19560	-2.97	-2.97	-3.14	-25.4	4025
19570	-2.09	-2.09	-3.05	36.52	4286
19580	-1.12	-1.12	-2.62	44.94	918
19590	-0.11	-0.11	-2.07	48.69	512
19600	0.92	0.92	-1.58	44.94	531
19610	1.9	1.9	-1.13	44.94	538
19620	2.8	2.8	-0.68	44.94	545
19630	3.59	3.59	-0.26	44.94	546
19640	4.23	4.23	0.15	48.69	566
19650	4.67	4.67	0.56	41.73	533
19660	4.94	4.94	1	58.42	530
19670	4.99	4.99	1.47	44.94	519
19680	4.83	4.83	1.93	41.73	495
19690	4.45	4.45	2.4	41.73	507
19700	3.9	3.9	2.86	48.69	538
19710	3.18	3.18	3.3	32.46	-4377
19720	2.33	2.33	3.27	-29.21	-5263
19730	1.37	1.37	2.86	-44.94	-1011
19740	0.35	0.35	2.41	-44.94	-474
19750	-0.69	-0.69	1.95	-41.73	-412
19760	-1.68	-1.68	1.5	-44.94	-402
19770	-2.62	-2.62	1.04	-41.73	-406
19780	-3.44	-3.44	0.58	-41.73	-411
19790	-4.11	-4.11	0.12	-44.94	-421
19800	-4.62	-4.62	-0.34	-41.73	-419
19810	-4.92	-4.92	-0.79	-44.94	-421
19820	-5	-5	-1.25	-41.73	-429
19830	-4.88	-4.88	-1.71	-53.12	-436
19840	-4.55	-4.55	-2.17	-48.69	-412
19850	-4.02	-4.02	-2.63	-44.94	-416
19860	-3.32	-3.32	-3.06	-27.82	3954
19870	-2.47	-2.47	-3.18	-6.56	4163
19880	-1.52	-1.52	-2.93	41.73	3142
19890	-0.5	-0.5	-2.49	41.73	718
19900	0.54	0.54	-2.03	41.73	534
19910	1.55	1.55	-1.57	44.94	517
19920	2.51	2.51	-1.1	53.12	523
19930	3.35	3.35	-0.64	44.94	527
19940	4.04	4.04	-0.18	44.94	539
19950	4.57	4.57	0.28	41.73	559
19960	4.88	4.88	0.75	44.94	544
19970	4.99	4.99	1.2	53.12	505
19980	4.88	4.88	1.67	44.94	488
19990	4.56	4.56	2.14	41.73	484
20000	4.04	4.04	2.59	44.94	516
20010	3.34	3.34	3.04	25.4	-4289
20020	2.49	2.49	3.23	10.25	-4519
20030	1.53	1.53	3.04	-41.73	-3380
20040	0.51	0.51	2.59	-48.69	-685
20050	-0.54	-0.54	2.14	-44.94	-439
20060	-1.57	-1.57	1.68	-53.12	-404
20070	-2.52	-2.52	1.2	-41.73	-398
20080	-3.37	-3.37	0.71	-44.94	-394
20090	-4.07	-4.07	0.3	-44.94	-404
20100	-4.58	-4.58	-0.15	-41.73	-403
20110	-4.91	-4.91	-0.61	-53.12	-411
20120	-5	-5	-1.06	-53.12	-429
20130	-4.88	-4.88	-1.52	-44.94	-430
20140	-4.55	-4.55	-1.97	-53.12	-419
20150	-4.01	-4.01	-2.44	-48.69	-408
20160	-3.3	-3.3	-2.86	-30.75	2899
20170	-2.43	-2.43	-3.17	-20.86	2969
20180	-1.46	-1.46	-3.08	34.37	5192
20190	-0.43	-0.43	-2.66	44.94	1130
20200	0.63	0.63	-2.2	53.12	559
20210	1.66	1.66	-1.74	41.73	506
20220	2.61	2.61	-1.27	44.94	510
20230	3.45	3.45	-0.82	44.94	535
20240	4.12	4.12	-0.35	48.69	562
20250	4.63	4.63	0.11	53.12	539
20260	4.92	4.92	0.57	44.94	539
20270	4.99	4.99	1.04	41.73	504
20280	4.84	4.84	1.5	41.73	507
20290	4.46	4.46	1.96	48.69	489
20300	3.89	3.89	2.48	48.69	530
20310	3.14	3.14	2.86	24.34	-4280
20320	2.26	2.26	3	0	-4501
20330	1.26	1.26	2.79	-48.69	-3246
20340	0.21	0.21	2.35	-44.94	-677
20350	-0.85	-0.85	1.89	-41.73	-427
20360	-1.88	-1.88	1.44	-44.94	-411
20370	-2.82	-2.82	0.97	-41.73	-405
20380	-3.63	-3.63	0.51	-41.73	-404
20390	-4.28	-4.28	0.06	-53.12	-419
20400	-4.73	-4.73	-0.4	-44.94	-409
20410	-4.97	-4.97	-0.85	-53.12	-423
20420	-4.98	-4.98	-1.31	-53.12	-432
20430	-4.77	-4.77	-1.78	-58.42	-429
20440	-4.34	-4.34	-2.23	-48.69	-413
20450	-3.7	-3.7	-2.69	-53.12	-436
20460	-2.91	-2.91	-3.11	-30.75	3997
20470	-1.97	-1.97	-3.04	36.52	5341
20480	-0.96	-0.96	-2.62	53.12	1142
20490	0.12	0.12	-2.16	44.94	553
20500	1.17	1.17	-1.69	41.73	484
20510	2.19	2.19	-1.24	44.94	536
20520	3.1	3.1	-0.68	44.94	528
20530	3.86	3.86	-0.32	53.12	554
20540	4.44	4.44	0.15	44.94	527
20550	4.83	4.83	0.61	38.95	527
20560	4.99	4.99	1.08	44.94	508
20570	4.92	4.92	1.61	53.12	499
20580	4.62	4.62	2.07	48.69	506
20590	4.11	4.11	2.51	41.73	500
20600	3.4	3.4	2.89	27.82	-2368
20610	2.55	2.55	3.23	25.4	-3839
20620	1.57	1.57	3.19	-34.37	-5112
20630	0.51	0.51	2.77	-53.12	-968
20640	-0.57	-0.57	2.31	-53.12	-447
20650	-1.62	-1.62	1.86	-48.69	-405
20660	-2.61	-2.61	1.4	-44.94	-406
20670	-3.46	-3.46	0.93	-44.94	-408
20680	-4.16	-4.16	0.48	-41.73	-412
20690	-4.66	-4.66	0.02	-44.94	-420
20700	-4.94	-4.94	-0.43	-41.73	-416
20710	-5	-5	-0.89	-44.94	-427
20720	-4.81	-4.81	-1.34	-41.73	-424
20730	-4.42	-4.42	-1.81	-44.94	-428
20740	-3.8	-3.8	-2.27	-44.94	-425
20750	-3	-3	-2.7	-25.4	3926
20760	-2.08	-2.08	-2.85	-7.3	4093
20770	-1.04	-1.04	-2.65	38.95	3556
20780	0.04	0.04	-2.21	41.73	804
20790	1.11	1.11	-1.74	41.73	566
20800	2.14	2.14	-1.29	48.69	523
20810	3.07	3.07	-0.82	53.12	552
20820	3.84	3.84	-0.36	44.94	557
20830	4.44	4.44	0.11	41.73	542
20840	4.84	4.84	0.56	44.94	563
20850	4.99	4.99	1.03	44.94	510
20860	4.91	4.91	1.5	48.69	500
20870	4.59	4.59	1.95	48.69	518
20880	4.07	4.07	2.42	41.73	474
20890	3.34	3.34	2.86	27.82	-2971
20900	2.45	2.45	3.19	24.34	-3504
20910	1.45	1.45	3.15	-27.82	-5270
20920	0.37	0.37	2.75	-38.95	-998
20930	-0.72	-0.72	2.29	-41.73	-465
20940	-1.78	-1.78	1.83	-48.69	-403
20950	-2.76	-2.76	1.37	-53.12	-415
20960	-3.6	-3.6	0.91	-48.69	-397
20970	-4.27	-4.27	0.46	-48.69	-398
20980	-4.73	-4.73	0	-48.69	-413
20990	-4.98	-4.98	-0.46	-48.69	-412
21000	-4.98	-4.98	-0.92	-41.73	-425
21010	-4.73	-4.73	-1.38	-48.69	-432
21020	-4.27	-4.27	-1.83	-44.94	-414
21030	-3.6	-3.6	-2.29	-44.94	-418
21040	-2.75	-2.75	-2.72	-27.82	4094
21050	-1.76	-1.76	-2.69	29.21	5434
21060	-0.7	-0.7	-2.26	41.73	1053
21070	0.4	0.4	-1.71	48.69	537
21080	1.48	1.48	-1.25	58.42	502
21090	2.49	2.49	-0.85	48.69	536
21100	3.38	3.38	-0.43	44.94	560
21110	4.1	4.1	0.04	41.73	535
21120	4.63	4.63	0.49	44.94	563
21130	4.93	4.93	0.96	44.94	521
21140	4.99	4.99	1.46	48.69	506
21150	4.8	4.8	1.88	53.12	493
21160	4.38	4.38	2.35	41.73	502
21170	3.74	3.74	2.8	41.73	587
21180	2.92	2.92	3.24	26.56	-4439
21190	1.96	1.96	3.21	-30.75	-5226
21200	0.9	0.9	2.79	-41.73	-1016
21210	-0.21	-0.21	2.35	-44.94	-464
21220	-1.3	-1.3	1.88	-41.73	-416
21230	-2.34	-2.34	1.43	-44.94	-405
21240	-3.25	-3.25	0.97	-41.73	-395
21250	-4.01	-4.01	0.51	-44.94	-401
21260	-4.57	-4.57	0.06	-44.94	-403
21270	-4.91	-4.91	-0.41	-41.73	-411
21280	-5	-5	-0.86	-41.73	-420
21290	-4.85	-4.85	-1.32	-41.73	-417
21300	-4.45	-4.45	-1.76	-44.94	-424
21310	-3.84	-3.84	-2.22	-44.94	-427
21320	-3.04	-3.04	-2.66	-27.82	3411
21330	-2.08	-2.08	-2.89	-12.17	3693
21340	-1.02	-1.02	-2.76	38.95	4587
21350	0.09	0.09	-2.33	44.94	983
21360	1.19	1.19	-1.83	48.69	538
21370	2.24	2.24	-1.38	53.12	530
21380	3.18	3.18	-0.93	44.94	548
21390	3.95	3.95	-0.46	41.73	542
21400	4.53	4.53	-0.01	48.69	525
21410	4.88	4.88	0.46	38.95	541
21420	4.99	4.99	0.91	48.69	536
21430	4.85	4.85	1.38	48.69	503
21440	4.46	4.46	1.85	53.12	497
21450	3.86	3.86	2.33	44.94	508
21460	3.05	3.05	2.75	26.56	-4533
21470	2.09	2.09	2.91	9.27	-4468
21480	1.02	1.02	2.69	-41.73	-2995
21490	-0.09	-0.09	2.27	-48.69	-679
21500	-1.22	-1.22	1.81	-44.94	-426
21510	-2.27	-2.27	1.33	-53.12	-407
21520	-3.2	-3.2	0.89	-41.73	-407
21530	-3.98	-3.98	0.43	-44.94	-392
21540	-4.56	-4.56	-0.02	-44.94	-425
21550	-4.91	-4.91	-0.48	-53.12	-428
21560	-5	-5	-0.95	-48.69	-426
21570	-4.85	-4.85	-1.4	-53.12	-431
21580	-4.45	-4.45	-1.93	-41.73	-429
21590	-3.82	-3.82	-2.38	-44.94	-421
21600	-2.99	-2.99	-2.75	-30.75	4038
21610	-2.02	-2.02	-2.84	0.09	4650
21620	-0.95	-0.95	-2.57	48.69	2784
21630	0.19	0.19	-2.11	48.69	725
21640	1.31	1.31	-1.66	41.73	541
21650	2.36	2.36	-1.19	44.94	545
21660	3.28	3.28	-0.72	44.94	538
21670	4.04	4.04	-0.27	48.69	539
21680	4.6	4.6	0.2	53.12	547
21690	4.92	4.92	0.65	53.12	538
21700	4.99	4.99	1.12	44.94	533
21710	4.79	4.79	1.58	44.94	490
21720	4.36	4.36	2.04	41.73	496
21730	3.69	3.69	2.51	48.69	501
21740	2.84	2.84	2.94	29.21	-4424
21750	1.83	1.83	2.92	-30.75	-5211
21760	0.74	0.74	2.51	-41.73	-998
21770	-0.4	-0.4	2.06	-48.69	-464
21780	-1.52	-1.52	1.6	-44.94	-404
21790	-2.56	-2.56	1.15	-48.69	-408
21800	-3.46	-3.46	0.69	-44.94	-395
21810	-4.19	-4.19	0.23	-41.73	-413
21820	-4.7	-4.7	-0.23	-44.94	-408
21830	-4.97	-4.97	-0.69	-44.94	-409
21840	-4.98	-4.98	-1.15	-41.73	-437
21850	-4.73	-4.73	-1.6	-41.73	-426
21860	-4.23	-4.23	-2.06	-44.94	-420
21870	-3.52	-3.52	-2.51	-38.95	-535
21880	-2.61	-2.61	-2.93	-26.56	3917
21890	-1.58	-1.58	-2.89	32.46	5341
21900	-0.46	-0.46	-2.48	48.69	1187
21910	0.69	0.69	-2.02	53.12	574
21920	1.8	1.8	-1.55	44.94	511
21930	2.82	2.82	-1.09	41.73	517
21940	3.68	3.68	-0.63	44.94	568
21950	4.36	4.36	-0.16	44.94	528
21960	4.79	4.79	0.29	44.94	524
21970	4.99	4.99	0.76	53.12	519
21980	4.92	4.92	1.22	48.69	498
21990	4.58	4.58	1.68	41.73	500
22000	4.01	4.01	2.14	48.69	512
22010	3.23	3.23	2.58	34.37	-774
22020	2.27	2.27	2.97	23.37	-3844
22030	1.18	1.18	2.94	-36.52	-5222
22040	0.05	0.05	2.52	-53.12	-1005
22050	-1.11	-1.11	2.07	-48.69	-462
22060	-2.2	-2.2	1.61	-58.42	-414
22070	-3.17	-3.17	1.09	-38.95	-415
22080	-3.97	-3.97	0.63	-48.69	-395
22090	-4.56	-4.56	0.16	-44.94	-410
22100	-4.91	-4.91	-0.27	-41.73	-416
22110	-5	-5	-0.74	-44.94	-415
22120	-4.83	-4.83	-1.19	-53.12	-425
22130	-4.39	-4.39	-1.59	-48.69	-433
22140	-3.72	-3.72	-2.08	-48.69	-422
22150	-2.85	-2.85	-2.48	-27.82	3841
22160	-1.83	-1.83	-2.69	-18.85	3063
22170	-0.71	-0.71	-2.56	44.94	4600
22180	0.44	0.44	-2.14	44.94	976
22190	1.59	1.59	-1.67	44.94	541
22200	2.63	2.63	-1.2	48.69	549
22210	3.54	3.54	-0.75	48.69	528
22220	4.25	4.25	-0.28	41.73	553
22230	4.74	4.74	0.18	41.73	519
22240	4.98	4.98	0.64	44.94	535
22250	4.94	4.94	1.1	48.69	536
22260	4.64	4.64	1.57	53.12	494
22270	4.08	4.08	2.03	44.94	506
22280	3.3	3.3	2.48	34.37	391
22290	2.34	2.34	2.89	26.56	-4278
22300	1.25	1.25	2.86	-36.52	-5228
22310	0.11	0.11	2.45	-53.12	-1010
22320	-1.06	-1.06	2	-48.69	-452
22330	-2.16	-2.16	1.48	-38.95	-408
22340	-3.15	-3.15	1.08	-44.94	-417
22350	-3.96	-3.96	0.62	-48.69	-396
22360	-4.57	-4.57	0.16	-44.94	-418
22370	-4.92	-4.92	-0.29	-41.73	-403
22380	-5	-5	-0.75	-41.73	-413
22390	-4.81	-4.81	-1.2	-44.94	-424
22400	-4.36	-4.36	-1.67	-41.73	-422
22410	-3.67	-3.67	-2.13	-44.94	-423
22420	-2.77	-2.77	-2.56	-24.34	3968
22430	-1.73	-1.73	-2.62	11.68	4804
22440	-0.58	-0.58	-2.31	41.73	2381
22450	0.58	0.58	-1.87	41.73	665
22460	1.73	1.73	-1.4	44.94	541
22470	2.77	2.77	-0.95	44.94	543
22480	3.67	3.67	-0.48	41.73	543
22490	4.36	4.36	-0.01	48.69	557
22500	4.8	4.8	0.44	53.12	558
22510	4.99	4.99	0.91	44.94	533
22520	4.9	4.9	1.37	48.69	479
22530	4.53	4.53	1.83	41.73	515
22540	3.91	3.91	2.3	48.69	490
22550	3.08	3.08	2.73	27.82	-4416
22560	2.08	2.08	2.96	11.02	-4517
22570	0.96	0.96	2.75	-36.52	-3023
22580	-0.22	-0.22	2.3	-44.94	-617
22590	-1.39	-1.39	1.87	-48.69	-429
22600	-2.48	-2.48	1.4	-53.12	-411
22610	-3.42	-3.42	1	-44.94	-406
22620	-4.18	-4.18	0.55	-41.73	-399
22630	-4.71	-4.71	0.08	-41.73	-409
22640	-4.98	-4.98	-0.41	-48.69	-402
22650	-4.97	-4.97	-0.81	-48.69	-418
22660	-4.67	-4.67	-1.27	-41.73	-419
22670	-4.11	-4.11	-1.73	-44.94	-429
22680	-3.33	-3.33	-2.17	-48.69	-509
22690	-2.36	-2.36	-2.61	-29.21	3810
22700	-1.26	-1.26	-2.57	38.95	5498
22710	-0.08	-0.08	-2.15	53.12	1190
22720	1.1	1.1	-1.69	48.69	579
22730	2.22	2.22	-1.23	38.95	526
22740	3.21	3.21	-0.77	44.94	542
22750	4.02	4.02	-0.3	48.69	560
22760	4.6	4.6	0.15	44.94	545
22770	4.93	4.93	0.62	48.69	534
22780	4.98	4.98	1.08	48.69	541
22790	4.74	4.74	1.54	44.94	503
22800	4.23	4.23	2.01	48.69	509
22810	3.48	3.48	2.45	41.73	589
22820	2.54	2.54	2.89	27.82	-4344
22830	1.45	1.45	2.87	-26.56	-5378
22840	0.27	0.27	2.47	-38.95	-1042
22850	-0.92	-0.92	2.01	-44.94	-466
22860	-2.06	-2.06	1.55	-48.69	-405
22870	-3.08	-3.08	1.09	-53.12	-410
22880	-3.93	-3.93	0.63	-48.69	-399
22890	-4.56	-4.56	0.18	-48.69	-406
22900	-4.92	-4.92	-0.28	-53.12	-410
22910	-5	-5	-0.74	-44.94	-411
22920	-4.79	-4.79	-1.2	-44.94	-426
22930	-4.31	-4.31	-1.66	-48.69	-430
22940	-3.59	-3.59	-2.11	-41.73	-418
22950	-2.66	-2.66	-2.55	-24.34	3971
22960	-1.58	-1.58	-2.55	24.34	5156
22970	-0.4	-0.4	-2.17	44.94	1615
22980	0.81	0.81	-1.72	41.73	586
22990	1.95	1.95	-1.26	44.94	530
23000	2.99	2.99	-0.79	44.94	549
23010	3.87	3.87	-0.33	53.12	563
23020	4.51	4.51	0.13	48.69	533
23030	4.9	4.9	0.6	44.94	523
23040	4.99	4.99	1.05	53.12	523
23050	4.8	4.8	1.52	44.94	512
23060	4.34	4.34	1.97	41.73	508
23070	3.61	3.61	2.44	44.94	549
23080	2.68	2.68	2.92	21.64	-5613
23090	1.59	1.59	2.86	-34.37	-5339
23100	0.41	0.41	2.44	-38.95	-1066
23110	-0.79	-0.79	1.99	-41.73	-469
23120	-1.95	-1.95	1.53	-48.69	-400
23130	-3	-3	1.08	-53.12	-410
23140	-3.88	-3.88	0.62	-48.69	-401
23150	-4.52	-4.52	0.14	-48.69	-413
23160	-4.91	-4.91	-0.3	-53.12	-407
23170	-5	-5	-0.76	-48.69	-421
23180	-4.8	-4.8	-1.22	-41.73	-429
23190	-4.32	-4.32	-1.67	-41.73	-424
23200	-3.59	-3.59	-2.13	-44.94	-412
23210	-2.65	-2.65	-2.57	-26.56	3645
23220	-1.55	-1.55	-2.56	27.82	5353
23230	-0.36	-0.36	-2.17	44.94	1447
23240	0.85	0.85	-1.71	53.12	595
23250	2.02	2.02	-1.25	44.94	541
23260	3.06	3.06	-0.78	41.73	528
23270	3.93	3.93	-0.33	44.94	537
23280	4.56	4.56	0.14	48.69	578
23290	4.92	4.92	0.6	53.12	540
23300	4.99	4.99	1.06	44.94	542
23310	4.76	4.76	1.53	44.94	497
23320	4.25	4.25	1.99	44.94	483
23330	3.49	3.49	2.44	48.69	603
23340	2.52	2.52	2.87	29.21	-4270
23350	1.4	1.4	2.84	-30.75	-5031
23360	0.2	0.2	2.44	-38.95	-1078
23370	-1.02	-1.02	1.99	-44.94	-464
23380	-2.17	-2.17	1.53	-41.73	-405
23390	-3.2	-3.2	1.08	-53.12	-410
23400	-4.04	-4.04	0.62	-48.69	-393
23410	-4.64	-4.64	0.16	-48.69	-404
23420	-4.95	-4.95	-0.3	-53.12	-406
23430	-4.98	-4.98	-0.76	-48.69	-412
23440	-4.7	-4.7	-1.22	-41.73	-433
23450	-4.15	-4.15	-1.67	-44.94	-424
23460	-3.34	-3.34	-2.13	-48.69	-437
23470	-2.34	-2.34	-2.56	-26.56	3602
23480	-1.18	-1.18	-2.52	30.75	5696
23490	0.04	0.04	-2.11	48.69	1308
23500	1.25	1.25	-1.65	48.69	555
23510	2.4	2.4	-1.19	48.69	546
23520	3.39	3.39	-0.72	44.94	542
23530	4.18	4.18	-0.27	44.94	532
23540	4.72	4.72	0.2	44.94	522
23550	4.98	4.98	0.67	44.94	523
23560	4.93	4.93	1.12	48.69	506
23570	4.58	4.58	1.6	41.73	484
23580	3.96	3.96	2.14	41.73	498
23590	3.1	3.1	2.55	36.52	1007
23600	2.03	2.03	2.85	30.75	-3563
23610	0.85	0.85	2.82	-32.46	-5292
23620	-0.37	-0.37	2.4	-48.69	-1023
23630	-1.59	-1.59	1.94	-48.69	-458
23640	-2.7	-2.7	1.48	-44.94	-404
23650	-3.65	-3.65	1	-44.94	-405
23660	-4.38	-4.38	0.57	-48.69	-400
23670	-4.84	-4.84	0.11	-41.73	-404
23680	-5	-5	-0.33	-44.94	-415
23690	-4.86	-4.86	-0.78	-44.94	-416
23700	-4.43	-4.43	-1.25	-41.73	-428
23710	-3.72	-3.72	-1.71	-41.73	-423
23720	-2.78	-2.78	-2.14	-27.82	1741
23730	-1.67	-1.67	-2.49	-25.4	3468
23740	-0.47	-0.47	-2.43	30.75	5426
23750	0.77	0.77	-2.01	53.12	1161
23760	1.96	1.96	-1.55	48.69	561
23770	3.04	3.04	-1.09	41.73	533
23780	3.93	3.93	-0.63	44.94	552
23790	4.57	4.57	-0.16	48.69	531
23800	4.92	4.92	0.29	44.94	531
23810	4.98	4.98	0.76	53.12	530
23820	4.72	4.72	1.22	44.94	487
23830	4.17	4.17	1.68	41.73	484
23840	3.37	3.37	2.14	41.73	534
23850	2.36	2.36	2.58	25.4	-4306
23860	1.19	1.19	2.55	-34.37	-5132
23870	-0.05	-0.05	2.14	-44.94	-981
23880	-1.29	-1.29	1.68	-53.12	-447
23890	-2.44	-2.44	1.23	-48.69	-391
23900	-3.45	-3.45	0.76	-44.94	-400
23910	-4.24	-4.24	0.3	-48.69	-410
23920	-4.77	-4.77	-0.15	-44.94	-405
23930	-5	-5	-0.61	-44.94	-418
23940	-4.92	-4.92	-1.06	-44.94	-418
23950	-4.52	-4.52	-1.52	-44.94	-416
23960	-3.86	-3.86	-1.99	-44.94	-429
23970	-2.94	-2.94	-2.42	-24.34	2913
23980	-1.85	-1.85	-2.72	-22.47	2885
23990	-0.63	-0.63	-2.66	32.46	5344
24000	0.62	0.62	-2.24	41.73	1134
24010	1.83	1.83	-1.79	41.73	552
24020	2.93	2.93	-1.32	44.94	513
24030	3.84	3.84	-0.86	44.94	542
24040	4.52	4.52	-0.4	53.12	541
24050	4.91	4.91	0.06	48.69	552
24060	4.98	4.98	0.53	41.73	511
24070	4.74	4.74	1.04	44.94	519
24080	4.21	4.21	1.53	44.94	497
24090	3.4	3.4	1.95	48.69	482
24100	2.37	2.37	2.36	25.4	-4282
24110	1.2	1.2	2.34	-32.46	-5410
24120	-0.05	-0.05	1.94	-53.12	-1063
24130	-1.3	-1.3	1.48	-53.12	-457
24140	-2.47	-2.47	1.02	-48.69	-409
24150	-3.47	-3.47	0.56	-53.12	-402
24160	-4.27	-4.27	0.11	-48.69	-415
24170	-4.79	-4.79	-0.35	-48.69	-420
24180	-5	-5	-0.81	-48.69	-420
24190	-4.9	-4.9	-1.27	-41.73	-422
24200	-4.49	-4.49	-1.73	-44.94	-428
24210	-3.79	-3.79	-2.19	-44.94	-411
24220	-2.84	-2.84	-2.62	-25.4	3879
24230	-1.71	-1.71	-2.68	0	4648
24240	-0.48	-0.48	-2.38	41.73	2471
24250	0.79	0.79	-1.93	41.73	671
24260	2.01	2.01	-1.47	44.94	539
24270	3.1	3.1	-1	48.69	546
24280	3.97	3.97	-0.54	53.12	532
24290	4.62	4.62	-0.08	53.12	536
24300	4.94	4.94	0.39	41.73	533
24310	4.97	4.97	0.84	44.94	532
24320	4.66	4.66	1.31	44.94	507
24330	4.05	4.05	1.76	48.69	502
24340	3.18	3.18	2.22	44.94	516
24350	2.1	2.1	2.63	29.21	-4275
24360	0.9	0.9	2.58	-38.95	-4804
24370	-0.37	-0.37	2.2	-44.94	-1006
24380	-1.62	-1.62	1.74	-44.94	-451
24390	-2.77	-2.77	1.29	-44.94	-410
24400	-3.73	-3.73	0.83	-44.94	-402
24410	-4.45	-4.45	0.37	-44.94	-395
24420	-4.88	-4.88	-0.08	-44.94	-410
24430	-5	-5	-0.55	-41.73	-410
24440	-4.79	-4.79	-1	-44.94	-428
24450	-4.28	-4.28	-1.46	-41.73	-423
24460	-3.47	-3.47	-1.92	-44.94	-416
24470	-2.44	-2.44	-2.35	-25.4	4064
24480	-1.26	-1.26	-2.34	23.37	5447
24490	0.01	0.01	-1.95	44.94	1423
24500	1.27	1.27	-1.48	53.12	608
24510	2.47	2.47	-1.03	48.69	515
24520	3.48	3.48	-0.56	44.94	547
24530	4.28	4.28	-0.11	41.73	518
24540	4.79	4.79	0.36	44.94	535
24550	4.99	4.99	0.82	48.69	527
24560	4.86	4.86	1.32	41.73	500
24570	4.42	4.42	1.82	53.12	472
24580	3.67	3.67	2.33	44.94	494
24590	2.69	2.69	2.73	18.85	-5662
24600	1.52	1.52	2.65	-36.52	-4411
24610	0.26	0.26	2.23	-41.73	-827
24620	-1.02	-1.02	1.78	-53.12	-443
24630	-2.23	-2.23	1.4	-53.12	-411
24640	-3.31	-3.31	0.97	-44.94	-399
24650	-4.16	-4.16	0.47	-44.94	-406
24660	-4.73	-4.73	0.05	-44.94	-412
24670	-4.99	-4.99	-0.41	-41.73	-414
24680	-4.92	-4.92	-0.86	-44.94	-426
24690	-4.52	-4.52	-1.32	-53.12	-420
24700	-3.83	-3.83	-1.79	-48.69	-412
24710	-2.87	-2.87	-2.22	-29.21	1673
24720	-1.73	-1.73	-2.56	-23.37	3409
24730	-0.48	-0.48	-2.51	30.75	5413
24740	0.82	0.82	-2.1	44.94	1216
24750	2.06	2.06	-1.64	44.94	569
24760	3.15	3.15	-1.18	44.94	505
24770	4.04	4.04	-0.71	48.69	531
24780	4.66	4.66	-0.26	41.73	532
24790	4.97	4.97	0.21	44.94	555
24800	4.94	4.94	0.67	44.94	532
24810	4.58	4.58	1.13	44.94	515
24820	3.91	3.91	1.6	53.12	493
24830	2.98	2.98	2.04	36.52	389
24840	1.85	1.85	2.45	30.75	-4001
24850	0.6	0.6	2.43	-29.21	-5327
24860	-0.7	-0.7	2.02	-44.94	-1015
24870	-1.95	-1.95	1.57	-44.94	-455
24880	-3.07	-3.07	1.11	-44.94	-400
24890	-3.98	-3.98	0.64	-41.73	-397
24900	-4.64	-4.64	0.19	-44.94	-409
24910	-4.97	-4.97	-0.27	-41.73	-413
24920	-4.97	-4.97	-0.72	-44.94	-426
24930	-4.62	-4.62	-1.18	-58.42	-433
24940	-3.97	-3.97	-1.64	-48.69	-427
24950	-3.05	-3.05	-2.08	-38.95	-468
24960	-1.92	-1.92	-2.49	-23.37	3855
24970	-0.65	-0.65	-2.44	32.46	5488
24980	0.64	0.64	-2.03	44.94	1184
24990	1.9	1.9	-1.57	48.69	585
25000	3.04	3.04	-1.11	53.12	528
25010	3.96	3.96	-0.64	53.12	538
25020	4.62	4.62	-0.19	44.94	528
25030	4.95	4.95	0.28	44.94	547
25040	4.95	4.95	0.75	44.94	506
25050	4.62	4.62	1.2	41.73	490
25060	3.95	3.95	1.67	48.69	484
25070	3.03	3.03	2.16	44.94	1030
25080	1.89	1.89	2.52	27.82	-4014
25090	0.62	0.62	2.5	-27.82	-5226
25100	-0.69	-0.69	2.09	-44.94	-1011
25110	-1.95	-1.95	1.64	-41.73	-448
25120	-3.08	-3.08	1.17	-41.73	-406
25130	-4	-4	0.71	-44.94	-399
25140	-4.65	-4.65	0.26	-41.73	-409
25150	-4.97	-4.97	-0.2	-38.95	-415
25160	-4.95	-4.95	-0.67	-44.94	-420
25170	-4.59	-4.59	-1.12	-53.12	-434
25180	-3.91	-3.91	-1.58	-48.69	-429
25190	-2.97	-2.97	-2.01	-36.52	-424
25200	-1.82	-1.82	-2.42	-23.37	3810
25210	-0.54	-0.54	-2.37	32.46	5452
25220	0.78	0.78	-1.96	41.73	1206
25230	2.04	2.04	-1.51	44.94	594
25240	3.17	3.17	-1.04	41.73	530
25250	4.07	4.07	-0.57	48.69	539
25260	4.69	4.69	-0.12	44.94	522
25270	4.98	4.98	0.35	44.94	550
25280	4.92	4.92	0.81	48.69	526
25290	4.52	4.52	1.27	44.94	497
25300	3.81	3.81	1.74	48.69	502
25310	2.83	2.83	2.19	27.82	-2144
25320	1.65	1.65	2.52	26.56	-3874
25330	0.35	0.35	2.49	-30.75	-5125
25340	-0.97	-0.97	2.07	-48.69	-962
25350	-2.22	-2.22	1.61	-53.12	-460
25360	-3.32	-3.32	1.16	-48.69	-406
25370	-4.18	-4.18	0.72	-53.12	-398
25380	-4.76	-4.76	0.26	-44.94	-411
25390	-5	-5	-0.2	-41.73	-400
25400	-4.88	-4.88	-0.65	-44.94	-420
25410	-4.43	-4.43	-1.11	-41.73	-423
25420	-3.67	-3.67	-1.57	-48.69	-426
25430	-2.64	-2.64	-2.01	-25.4	2207
25440	-1.43	-1.43	-2.34	-21.64	3352
25450	-0.12	-0.12	-2.28	30.75	5216
25460	1.2	1.2	-1.86	41.73	1118
25470	2.44	2.44	-1.4	44.94	572
25480	3.51	3.51	-0.93	44.94	547
25490	4.32	4.32	-0.47	53.12	544
25500	4.83	4.83	-0.01	48.69	520
25510	4.99	4.99	0.46	41.73	535
25520	4.8	4.8	0.91	44.94	514
25530	4.28	4.28	1.38	48.69	493
25540	3.45	3.45	1.85	53.12	503
25550	2.36	2.36	2.28	29.21	-4362
25560	1.11	1.11	2.28	-25.4	-5275
25570	-0.22	-0.22	1.78	-48.69	-789
25580	-1.53	-1.53	1.32	-48.69	-422
25590	-2.73	-2.73	0.91	-41.73	-398
25600	-3.75	-3.75	0.48	-58.42	-405
25610	-4.5	-4.5	0.05	-44.94	-411
25620	-4.92	-4.92	-0.41	-44.94	-407
25630	-4.99	-4.99	-0.86	-44.94	-422
25640	-4.71	-4.71	-1.32	-41.73	-419
25650	-4.08	-4.08	-1.78	-44.94	-416
25660	-3.17	-3.17	-2.22	-41.73	-469
25670	-2.02	-2.02	-2.63	-25.4	3887
25680	-0.74	-0.74	-2.58	30.75	5465
25690	0.61	0.61	-2.17	44.94	1200
25700	1.9	1.9	-1.72	41.73	557
25710	3.06	3.06	-1.25	41.73	521
25720	4	4	-0.78	48.69	530
25730	4.65	4.65	-0.33	53.12	529
25740	4.97	4.97	0.14	44.94	536
25750	4.92	4.92	0.6	41.73	514
25760	4.52	4.52	1.06	44.94	497
25770	3.8	3.8	1.52	44.94	522
25780	2.79	2.79	1.96	32.46	-448
25790	1.59	1.59	2.35	30.75	-4125
25800	0.26	0.26	2.33	-32.46	-5221
25810	-1.09	-1.09	1.92	-44.94	-997
25820	-2.35	-2.35	1.46	-48.69	-438
25830	-3.45	-3.45	1	-44.94	-401
25840	-4.29	-4.29	0.54	-41.73	-406
25850	-4.83	-4.83	0.08	-41.73	-404
25860	-5	-5	-0.37	-44.94	-404
25870	-4.83	-4.83	-0.83	-53.12	-412
25880	-4.29	-4.29	-1.3	-48.69	-422
25890	-3.45	-3.45	-1.75	-53.12	-424
25900	-2.35	-2.35	-2.19	-27.82	3879
25910	-1.08	-1.08	-2.21	20.86	5207
25920	0.27	0.27	-1.86	44.94	1801
25930	1.6	1.6	-1.39	44.94	647
25940	2.82	2.82	-0.93	44.94	542
25950	3.82	3.82	-0.47	48.69	538
25960	4.55	4.55	-0.01	48.69	531
25970	4.93	4.93	0.46	41.73	515
25980	4.97	4.97	0.91	44.94	511
25990	4.63	4.63	1.38	48.69	498
26000	3.95	3.95	1.85	53.12	498
26010	2.98	2.98	2.28	26.56	-1347
26020	1.79	1.79	2.65	24.34	-3958
26030	0.47	0.47	2.61	-34.37	-4962
26040	-0.9	-0.9	2.2	-41.73	-940
26050	-2.19	-2.19	1.74	-44.94	-434
26060	-3.32	-3.32	1.29	-44.94	-409
26070	-4.21	-4.21	0.75	-44.94	-403
26080	-4.78	-4.78	0.3	-48.69	-406
26090	-5	-5	-0.09	-44.94	-410
26100	-4.85	-4.85	-0.55	-53.12	-411
26110	-4.35	-4.35	-1.02	-48.69	-421
26120	-3.52	-3.52	-1.47	-53.12	-426
26130	-2.42	-2.42	-1.9	-29.21	3472
26140	-1.15	-1.15	-2.17	-18.85	2974
26150	0.21	0.21	-2.11	34.37	5412
26160	1.55	1.55	-1.69	48.69	1189
26170	2.78	2.78	-1.23	41.73	588
26180	3.8	3.8	-0.77	44.94	524
26190	4.53	4.53	-0.3	44.94	538
26200	4.93	4.93	0.15	53.12	536
26210	4.95	4.95	0.62	48.69	519
26220	4.62	4.62	1.08	41.73	496
26230	3.93	3.93	1.54	44.94	496
26240	2.93	2.93	1.99	41.73	-48
26250	1.73	1.73	2.4	25.4	-3900
26260	0.39	0.39	2.36	-30.75	-5261
26270	-0.98	-0.98	1.95	-41.73	-1022
26280	-2.28	-2.28	1.5	-44.94	-454
26290	-3.4	-3.4	1.04	-44.94	-409
26300	-4.28	-4.28	0.57	-38.95	-391
26310	-4.83	-4.83	0.12	-44.94	-399
26320	-5	-5	-0.34	-41.73	-407
26330	-4.81	-4.81	-0.79	-48.69	-414
26340	-4.25	-4.25	-1.26	-48.69	-417
26350	-3.38	-3.38	-1.72	-48.69	-417
26360	-2.24	-2.24	-2.15	-27.82	3755
26370	-0.95	-0.95	-2.14	27.82	5463
26380	0.43	0.43	-1.73	53.12	1391
26390	1.78	1.78	-1.3	48.69	599
26400	2.98	2.98	-0.83	44.94	536
26410	3.96	3.96	-0.36	53.12	519
26420	4.64	4.64	0.09	53.12	541
26430	4.97	4.97	0.56	41.73	508
26440	4.92	4.92	1.02	41.73	501
26450	4.49	4.49	1.48	44.94	498
26460	3.72	3.72	1.95	48.69	497
26470	2.66	2.66	2.38	30.75	-3931
26480	1.4	1.4	2.49	0	-4685
26490	0.04	0.04	2.23	-38.95	-2633
26500	-1.33	-1.33	1.78	-44.94	-588
26510	-2.61	-2.61	1.32	-41.73	-412
26520	-3.68	-3.68	0.86	-48.69	-390
26530	-4.46	-4.46	0.41	-41.73	-396
26540	-4.92	-4.92	-0.05	-41.73	-405
26550	-4.99	-4.99	-0.51	-41.73	-403
26560	-4.67	-4.67	-0.97	-41.73	-420
26570	-4.01	-4.01	-1.5	-44.94	-427
26580	-3.03	-3.03	-1.94	-38.95	-795
26590	-1.81	-1.81	-2.33	-14.25	5213
26600	-0.46	-0.46	-2.24	32.46	5588
26610	0.92	0.92	-1.82	44.94	1262
26620	2.24	2.24	-1.37	38.95	579
26630	3.39	3.39	-0.9	41.73	521
26640	4.27	4.27	-0.44	44.94	540
26650	4.81	4.81	0.02	53.12	557
26660	4.99	4.99	0.48	44.94	549
26670	4.78	4.78	0.95	44.94	506
26680	4.21	4.21	1.41	48.69	479
26690	3.3	3.3	1.87	44.94	534
26700	2.13	2.13	2.3	23.37	-4267
26710	0.79	0.79	2.27	-34.37	-5428
26720	-0.6	-0.6	1.87	-44.94	-1054
26730	-1.94	-1.94	1.41	-41.73	-455
26740	-3.14	-3.14	0.96	-53.12	-415
26750	-4.1	-4.1	0.49	-53.12	-400
26760	-4.73	-4.73	0.04	-48.69	-417
26770	-5	-5	-0.42	-48.69	-403
26780	-4.87	-4.87	-0.88	-53.12	-420
26790	-4.37	-4.37	-1.33	-48.69	-410
26800	-3.53	-3.53	-1.8	-48.69	-420
26810	-2.41	-2.41	-2.23	-25.4	4091
26820	-1.1	-1.1	-2.26	13.59	5048
26830	0.3	0.3	-1.92	44.94	1971
26840	1.67	1.67	-1.46	44.94	642
26850	2.91	2.91	-1	44.94	551
26860	3.93	3.93	-0.54	53.12	523
26870	4.63	4.63	-0.08	44.94	556
26880	4.97	4.97	0.39	41.73	515
26890	4.92	4.92	0.85	44.94	537
26900	4.48	4.48	1.31	53.12	501
26910	3.68	3.68	1.78	53.12	516
26920	2.59	2.59	2.22	24.34	-4282
26930	1.31	1.31	2.41	13.28	-4006
26940	-0.09	-0.09	2.26	-38.95	-3828
26950	-1.48	-1.48	1.82	-53.12	-744
26960	-2.76	-2.76	1.37	-48.69	-433
26970	-3.81	-3.81	0.9	-44.94	-406
26980	-4.57	-4.57	0.44	-44.94	-407
26990	-4.95	-4.95	-0.01	-44.94	-414
27000	-4.95	-4.95	-0.47	-44.94	-410
27010	-4.56	-4.56	-0.92	-41.73	-421
27020	-3.81	-3.81	-1.38	-38.95	-434
27030	-2.75	-2.75	-1.82	-32.46	-61
27040	-1.47	-1.47	-2.21	-23.37	3687
27050	-0.08	-0.08	-2.17	32.46	5607
27060	1.32	1.32	-1.76	48.69	1210
27070	2.62	2.62	-1.23	48.69	566
27080	3.7	3.7	-0.76	53.12	539
27090	4.5	4.5	-0.28	53.12	520
27100	4.92	4.92	0.2	53.12	540
27110	4.95	4.95	0.64	41.73	530
27120	4.59	4.59	1.09	48.69	493
27130	3.87	3.87	1.55	44.94	497
27140	2.83	2.83	1.92	41.73	-85
27150	1.55	1.55	2.31	27.82	-3896
27160	0.16	0.16	2.29	-30.75	-5222
27170	-1.25	-1.25	1.88	-41.73	-996
27180	-2.56	-2.56	1.43	-44.94	-462
27190	-3.67	-3.67	0.97	-44.94	-398
27200	-4.48	-4.48	0.5	-41.73	-408
27210	-4.92	-4.92	0.05	-41.73	-416
27220	-4.98	-4.98	-0.41	-41.73	-409
27230	-4.63	-4.63	-0.86	-44.94	-424
27240	-3.9	-3.9	-1.32	-53.12	-434
27250	-2.87	-2.87	-1.76	-36.52	-563
27260	-1.6	-1.6	-2.17	-22.47	3845
27270	-0.2	-0.2	-2.14	30.75	5476
27280	1.22	1.22	-1.72	41.73	1179
27290	2.54	2.54	-1.26	44.94	587
27300	3.65	3.65	-0.79	44.94	549
27310	4.46	4.46	-0.34	53.12	544
27320	4.91	4.91	0.13	48.69	544
27330	4.97	4.97	0.58	41.73	536
27340	4.62	4.62	1.05	41.73	504
27350	3.89	3.89	1.52	44.94	509
27360	2.84	2.84	1.95	34.37	-185
27370	1.57	1.57	2.35	29.21	-4198
27380	0.15	0.15	2.31	-27.82	-5078
27390	-1.26	-1.26	1.89	-44.94	-905
27400	-2.58	-2.58	1.44	-48.69	-440
27410	-3.69	-3.69	0.98	-48.69	-403
27420	-4.5	-4.5	0.53	-53.12	-404
27430	-4.93	-4.93	0.07	-48.69	-410
27440	-4.97	-4.97	-0.39	-44.94	-405
27450	-4.59	-4.59	-0.85	-41.73	-419
27460	-3.84	-3.84	-1.31	-44.94	-417
27470	-2.78	-2.78	-1.74	-32.46	-483
27480	-1.48	-1.48	-2.15	-26.56	3699
27490	-0.07	-0.07	-2.1	32.46	5294
27500	1.36	1.36	-1.68	44.94	1169
27510	2.66	2.66	-1.23	44.94	589
27520	3.75	3.75	-0.76	44.94	530
27530	4.53	4.53	-0.29	48.69	534
27540	4.94	4.94	0.16	53.12	545
27550	4.94	4.94	0.63	48.69	541
27560	4.53	4.53	1.09	48.69	499
27570	3.74	3.74	1.59	44.94	504
27580	2.64	2.64	2.02	26.56	-112
27590	1.33	1.33	2.35	19.48	-4923
27600	-0.11	-0.11	2.28	-32.46	-5017
27610	-1.52	-1.52	1.87	-44.94	-939
27620	-2.82	-2.82	1.41	-38.95	-450
27630	-3.88	-3.88	0.96	-48.69	-403
27640	-4.62	-4.62	0.48	-44.94	-398
27650	-4.98	-4.98	0.04	-48.69	-403
27660	-4.92	-4.92	-0.42	-48.69	-400
27670	-4.45	-4.45	-0.88	-53.12	-424
27680	-3.61	-3.61	-1.33	-48.69	-414
27690	-2.48	-2.48	-1.76	-27.82	1974
27700	-1.13	-1.13	-2.11	-23.37	3375
27710	0.32	0.32	-2.06	29.21	5337
27720	1.73	1.73	-1.64	48.69	1157
27730	2.99	2.99	-1.18	41.73	560
27740	4.02	4.02	-0.71	44.94	544
27750	4.7	4.7	-0.26	48.69	550
27760	4.99	4.99	0.21	41.73	539
27770	4.86	4.86	0.67	44.94	526
27780	4.31	4.31	1.13	44.94	502
27790	3.41	3.41	1.6	53.12	532
27800	2.22	2.22	2.03	30.75	-4462
27810	0.84	0.84	2.07	-15.79	-4934
27820	-0.61	-0.61	1.72	-48.69	-1509
27830	-2.01	-2.01	1.26	-48.69	-495
27840	-3.24	-3.24	0.81	-48.69	-396
27850	-4.19	-4.19	0.34	-44.94	-398
27860	-4.8	-4.8	-0.12	-44.94	-416
27870	-5	-5	-0.55	-53.12	-410
27880	-4.78	-4.78	-1.03	-48.69	-431
27890	-4.16	-4.16	-1.47	-58.42	-439
27900	-3.18	-3.18	-1.92	-38.95	-531
27910	-1.93	-1.93	-2.34	-25.4	3827
27920	-0.51	-0.51	-2.3	30.75	5582
27930	0.95	0.95	-1.89	44.94	1198
27940	2.31	2.31	-1.43	44.94	583
27950	3.49	3.49	-0.97	58.42	550
27960	4.38	4.38	-0.48	41.73	531
27970	4.88	4.88	-0.04	41.73	524
27980	4.98	4.98	0.44	53.12	543
27990	4.64	4.64	0.9	48.69	514
28000	3.91	3.91	1.37	41.73	505
28010	2.85	2.85	1.81	38.95	410
28020	1.54	1.54	2.22	22.47	-4249
28030	0.09	0.09	2.19	-29.21	-5245
28040	-1.36	-1.36	1.76	-38.95	-1001
28050	-2.69	-2.69	1.31	-41.73	-446
28060	-3.8	-3.8	0.85	-41.73	-404
28070	-4.58	-4.58	0.3	-53.12	-403
28080	-4.97	-4.97	-0.08	-41.73	-415
28090	-4.93	-4.93	-0.53	-48.69	-407
28100	-4.48	-4.48	-0.98	-53.12	-429
28110	-3.62	-3.62	-1.44	-53.12	-436
28120	-2.47	-2.47	-1.87	-27.82	3127
28130	-1.1	-1.1	-2.17	-24.34	3074
28140	0.36	0.36	-2.08	34.37	5111
28150	1.8	1.8	-1.69	48.69	1139
28160	3.07	3.07	-1.23	41.73	569
28170	4.09	4.09	-0.77	44.94	546
28180	4.74	4.74	-0.3	48.69	542
28190	4.99	4.99	0.15	58.42	548
28200	4.81	4.81	0.62	48.69	524
28210	4.21	4.21	1.09	41.73	510
28220	3.24	3.24	1.54	44.94	516
28230	1.99	1.99	1.99	26.56	-4267
28240	0.57	0.57	1.97	-30.75	-5407
28250	-0.9	-0.9	1.57	-44.94	-1018
28260	-2.3	-2.3	1.11	-41.73	-445
28270	-3.49	-3.49	0.64	-38.95	-402
28280	-4.39	-4.39	0.19	-44.94	-408
28290	-4.9	-4.9	-0.27	-38.95	-401
28300	-4.99	-4.99	-0.72	-48.69	-419
28310	-4.64	-4.64	-1.18	-53.12	-422
28320	-3.88	-3.88	-1.65	-48.69	-424
28330	-2.79	-2.79	-2.08	-27.82	1725
28340	-1.45	-1.45	-2.42	-23.37	3352
28350	0.01	0.01	-2.37	30.75	5416
28360	1.47	1.47	-1.95	44.94	1189
28370	2.8	2.8	-1.5	44.94	588
28380	3.89	3.89	-1.03	53.12	530
28390	4.64	4.64	-0.57	48.69	525
28400	4.98	4.98	-0.11	41.73	533
28410	4.87	4.87	0.35	44.94	550
28420	4.35	4.35	0.82	48.69	550
28430	3.44	3.44	1.29	53.12	496
28440	2.22	2.22	1.72	32.46	-4271
28450	0.81	0.81	1.97	18.85	-3149
28460	-0.68	-0.68	1.89	-44.94	-4565
28470	-2.1	-2.1	1.47	-44.94	-861
28480	-3.34	-3.34	1	-44.94	-437
28490	-4.29	-4.29	0.55	-41.73	-405
28500	-4.86	-4.86	0.09	-48.69	-403
28510	-5	-5	-0.36	-44.94	-401
28520	-4.7	-4.7	-0.82	-44.94	-418
28530	-3.97	-3.97	-1.29	-44.94	-427
28540	-2.91	-2.91	-1.72	-44.94	-569
28550	-1.58	-1.58	-2.14	-25.4	3862
28560	-0.12	-0.12	-2.09	32.46	5373
28570	1.37	1.37	-1.61	44.94	932
28580	2.72	2.72	-1.16	48.69	534
28590	3.83	3.83	-0.62	41.73	538
28600	4.6	4.6	-0.22	48.69	525
28610	4.97	4.97	0.16	53.12	537
28620	4.88	4.88	0.62	48.69	528
28630	4.37	4.37	1.09	41.73	494
28640	3.46	3.46	1.55	41.73	503
28650	2.24	2.24	2.01	24.34	-4361
28660	0.82	0.82	2.07	-10.43	-4782
28670	-0.68	-0.68	1.74	-44.94	-1757
28680	-2.11	-2.11	1.29	-44.94	-516
28690	-3.35	-3.35	0.83	-44.94	-405
28700	-4.3	-4.3	0.37	-41.73	-400
28710	-4.87	-4.87	-0.09	-44.94	-413
28720	-4.99	-4.99	-0.55	-38.95	-414
28730	-4.67	-4.67	-1	-44.94	-429
28740	-3.94	-3.94	-1.46	-41.73	-420
28750	-2.84	-2.84	-1.9	-38.95	-12
28760	-1.48	-1.48	-2.29	-27.82	3653
28770	0	0	-2.23	32.46	5276
28780	1.48	1.48	-1.82	44.94	1173
28790	2.83	2.83	-1.36	48.69	574
28800	3.93	3.93	-0.9	53.12	550
28810	4.66	4.66	-0.43	44.94	525
28820	4.99	4.99	0.04	41.73	529
28830	4.85	4.85	0.49	44.94	544
28840	4.28	4.28	0.96	44.94	515
28850	3.32	3.32	1.43	41.73	486
28860	2.06	2.06	1.86	29.21	-4156
28870	0.61	0.61	1.89	-16.69	-5041
28880	-0.9	-0.9	1.53	-48.69	-1521
28890	-2.33	-2.33	1.08	-53.12	-494
28900	-3.54	-3.54	0.62	-53.12	-406
28910	-4.43	-4.43	0.15	-48.69	-404
28920	-4.92	-4.92	-0.3	-44.94	-402
28930	-4.97	-4.97	-0.76	-44.94	-423
28940	-4.56	-4.56	-1.22	-44.94	-429
28950	-3.74	-3.74	-1.68	-44.94	-428
28960	-2.57	-2.57	-2.1	-26.56	3907
28970	-1.17	-1.17	-2.35	-22.47	2609
28980	0.34	0.34	-2.24	36.52	5167
28990	1.81	1.81	-1.81	48.69	1087
29000	3.12	3.12	-1.36	38.95	582
29010	4.15	4.15	-0.89	44.94	516
29020	4.79	4.79	-0.43	48.69	542
29030	4.99	4.99	0.04	53.12	527
29040	4.74	4.74	0.49	53.12	524
29050	4.05	4.05	0.96	44.94	506
29060	2.99	2.99	1.41	41.73	547
29070	1.65	1.65	1.86	24.34	-5582
29080	0.16	0.16	1.75	-36.52	-4390
29090	-1.34	-1.34	1.39	-41.73	-1016
29100	-2.73	-2.73	0.96	-44.94	-459
29110	-3.87	-3.87	0.49	-53.12	-408
29120	-4.64	-4.64	0.04	-48.69	-410
29130	-4.99	-4.99	-0.42	-48.69	-400
29140	-4.88	-4.88	-0.88	-53.12	-422
29150	-4.31	-4.31	-1.33	-44.94	-421
29160	-3.35	-3.35	-1.79	-48.69	-458
29170	-2.09	-2.09	-2.22	-29.21	3877
29180	-0.62	-0.62	-2.19	32.46	5608
29190	0.9	0.9	-1.78	41.73	1237
29200	2.34	2.34	-1.32	41.73	585
29210	3.56	3.56	-0.85	48.69	548
29220	4.45	4.45	-0.4	48.69	548
29230	4.93	4.93	0.07	44.94	553
29240	4.94	4.94	0.53	48.69	522
29250	4.5	4.5	0.99	44.94	499
29260	3.63	3.63	1.46	48.69	515
29270	2.43	2.43	1.89	27.82	-4113
29280	1	1	2.17	25.4	-3179
29290	-0.53	-0.53	2.1	-34.37	-4737
29300	-2	-2	1.68	-53.12	-877
29310	-3.3	-3.3	1.23	-48.69	-451
29320	-4.28	-4.28	0.77	-53.12	-406
29330	-4.86	-4.86	0.32	-48.69	-402
29340	-4.99	-4.99	-0.15	-41.73	-404
29350	-4.66	-4.66	-0.61	-44.94	-416
29360	-3.89	-3.89	-1.06	-44.94	-417
29370	-2.75	-2.75	-1.51	-41.73	-567
29380	-1.36	-1.36	-1.92	-25.4	3772
29390	0.16	0.16	-1.87	30.75	5568
29400	1.67	1.67	-1.46	41.73	1195
29410	3.03	3.03	-1	44.94	577
29420	4.09	4.09	-0.5	48.69	532
29430	4.77	4.77	-0.08	44.94	543
29440	4.99	4.99	0.39	44.94	507
29450	4.76	4.76	0.85	44.94	521
29460	4.05	4.05	1.31	44.94	500
29470	2.98	2.98	1.76	41.73	589
29480	1.62	1.62	2.19	25.4	-4349
29490	0.12	0.12	2.16	-30.75	-5231
29500	-1.41	-1.41	1.74	-44.94	-984
29510	-2.8	-2.8	1.29	-44.94	-446
29520	-3.94	-3.94	0.83	-41.73	-392
29530	-4.69	-4.69	0.37	-48.69	-399
29540	-5	-5	-0.08	-44.94	-409
29550	-4.84	-4.84	-0.55	-38.95	-405
29560	-4.22	-4.22	-1	-44.94	-433
29570	-3.19	-3.19	-1.55	-44.94	-475
29580	-1.87	-1.87	-1.95	-8.59	6248
29590	-0.36	-0.36	-1.75	38.95	3370
29600	1.18	1.18	-1.31	41.73	780
29610	2.61	2.61	-0.82	41.73	559
29620	3.79	3.79	-0.35	44.94	558
29630	4.59	4.59	0.12	48.69	517
29640	4.98	4.98	0.47	48.69	544
29650	4.87	4.87	0.86	41.73	518
29660	4.31	4.31	1.3	41.73	478
29670	3.33	3.33	1.75	44.94	543
29680	2.03	2.03	2.2	24.34	-4245
29690	0.54	0.54	2.19	-29.21	-5430
29700	-1.02	-1.02	1.78	-48.69	-1039
29710	-2.47	-2.47	1.32	-41.73	-448
29720	-3.68	-3.68	0.86	-48.69	-408
29730	-4.55	-4.55	0.41	-44.94	-412
29740	-4.97	-4.97	-0.06	-38.95	-419
29750	-4.92	-4.92	-0.51	-44.94	-415
29760	-4.39	-4.39	-0.97	-41.73	-424
29770	-3.45	-3.45	-1.43	-53.12	-435
29780	-2.16	-2.16	-1.86	-26.56	3908
29790	-0.68	-0.68	-1.95	0.09	4398
29800	0.88	0.88	-1.68	41.73	2882
29810	2.35	2.35	-1.24	53.12	732
29820	3.59	3.59	-0.77	44.94	560
29830	4.48	4.48	-0.32	41.73	541
29840	4.94	4.94	0.15	44.94	538
29850	4.92	4.92	0.62	48.69	526
29860	4.43	4.43	1.08	53.12	498
29870	3.51	3.51	1.54	44.94	530
29880	2.23	2.23	1.99	26.56	-4211
29890	0.75	0.75	2.06	0	-4777
29900	-0.81	-0.81	1.74	-44.94	-1981
29910	-2.29	-2.29	1.3	-48.69	-532
29920	-3.55	-3.55	0.84	-41.73	-410
29930	-4.46	-4.46	0.37	-44.94	-402
29940	-4.94	-4.94	-0.08	-53.12	-406
29950	-4.94	-4.94	-0.54	-48.69	-410
29960	-4.46	-4.46	-0.99	-44.94	-417
29970	-3.54	-3.54	-1.45	-53.12	-424
29980	-2.28	-2.28	-1.89	-29.21	3758
29990	-0.78	-0.78	-2.06	-10.62	3943
30000	0.77	0.77	-1.89	41.73	4311
