0	0	0	0	0	-40
10	4.99	4.99	0.02	14.98	4542
20	4.99	4.99	0.37	41.73	1988
30	4.99	4.99	0.83	44.94	674
40	4.99	4.99	1.29	41.73	549
50	4.99	4.99	1.75	44.94	552
60	4.99	4.99	2.21	53.12	539
70	4.99	4.99	2.68	48.69	538
80	4.99	4.99	3.13	38.95	542
90	4.99	4.99	3.59	44.94	559
100	4.99	4.99	4.05	41.73	543
110	4.99	4.99	4.51	44.94	559
120	4.99	4.99	4.95	32.46	-2780
130	4.99	4.99	5.02	-19.48	-2907
140	4.99	4.99	4.98	5.9	1405
150	4.99	4.99	5	0	-806
160	4.99	4.99	4.99	0	449
170	4.99	4.99	4.99	0	32
180	4.99	4.99	4.99	0	11
190	4.99	4.99	4.99	0	42
200	4.99	4.99	4.99	0	42
210	4.99	4.99	4.99	0	43
220	4.99	4.99	4.99	0	49
230	4.99	4.99	4.98	0	779
240	4.99	4.99	4.99	0	77
250	4.99	4.99	4.99	0	58
260	4.99	4.99	4.99	0	50
270	4.99	4.99	4.99	0	44
280	4.99	4.99	4.99	0	46
290	4.99	4.99	4.99	0	64
300	4.99	4.99	4.99	0	76
310	4.99	4.99	4.99	0	79
320	4.99	4.99	4.99	0	76
330	4.99	4.99	4.99	0	69
340	4.99	4.99	4.99	0	111
350	4.99	4.99	4.99	0	73
360	4.99	4.99	4.99	0	49
370	4.99	4.99	4.99	0	61
380	4.99	4.99	4.99	0	72
390	4.99	4.99	4.99	0	71
400	4.99	4.99	4.99	0	71
410	4.99	4.99	4.99	0	71
420	4.99	4.99	4.99	0	71
430	4.99	4.99	4.99	0	71
440	4.99	4.99	4.99	0	70
450	4.99	4.99	4.99	0	71
460	4.99	4.99	4.99	0	71
470	4.99	4.99	4.99	0	71
480	4.99	4.99	4.99	0	71
490	4.99	4.99	4.99	0	70
500	4.99	4.99	4.99	0	71
510	4.99	4.99	4.99	0	71
520	4.99	4.99	4.99	0	71
530	4.99	4.99	4.99	0	72
540	4.99	4.99	4.99	0	71
550	4.99	4.99	4.99	0	71
560	4.99	4.99	4.99	0	71
570	4.99	4.99	4.99	0	71
580	4.99	4.99	4.99	0	70
590	4.99	4.99	4.99	0	71
600	4.99	4.99	4.99	0	71
610	4.99	4.99	4.99	0	71
620	4.99	4.99	4.99	0	71
630	4.99	4.99	4.99	0	71
640	4.99	4.99	4.99	0	71
650	4.99	4.99	4.99	0	71
660	4.99	4.99	4.99	0	71
670	4.99	4.99	4.99	0	70
680	4.99	4.99	4.99	0	71
690	4.99	4.99	4.99	0	71
700	4.99	4.99	4.99	0	71
710	4.99	4.99	4.99	0	72
720	4.99	4.99	4.99	0	71
730	4.99	4.99	4.99	0	71
740	4.99	4.99	4.99	0	72
750	4.99	4.99	4.99	0	70
760	4.99	4.99	4.99	0	71
770	4.99	4.99	4.99	0	72
780	4.99	4.99	4.99	0	71
790	4.99	4.99	4.99	0	71
800	4.99	4.99	4.99	0	71
810	4.99	4.99	4.99	0	71
820	4.99	4.99	4.99	0	71
830	4.99	4.99	4.99	0	71
840	4.99	4.99	4.99	0	71
850	4.99	4.99	4.99	0	70
860	4.99	4.99	4.99	0	72
870	4.99	4.99	4.99	0	70
880	4.99	4.99	4.99	0	72
890	4.99	4.99	4.99	0	71
900	4.99	4.99	4.99	0	70
910	4.99	4.99	4.99	0	71
920	4.99	4.99	4.99	0	71
930	4.99	4.99	4.99	0	72
940	4.99	4.99	4.99	0	71
950	4.99	4.99	4.99	0	71
960	4.99	4.99	4.99	0	70
970	4.99	4.99	4.99	0	71
980	4.99	4.99	4.99	0	71
990	4.99	4.99	4.99	0	70
1000	-5	-5	4.97	-13.59	-4101
1010	-5	-5	4.63	-44.94	-1705
1020	-5	-5	4.17	-53.12	-549
1030	-5	-5	3.72	-53.12	-474
1040	-5	-5	3.26	-48.69	-454
1050	-5	-5	2.8	-48.69	-455
1060	-5	-5	2.35	-48.69	-427
1070	-5	-5	1.89	-53.12	-431
1080	-5	-5	1.44	-48.69	-423
1090	-5	-5	0.98	-53.12	-437
1100	-5	-5	0.53	-48.69	-435
1110	-5	-5	0.07	-53.12	-436
1120	-5	-5	-0.39	-48.69	-429
1130	-5	-5	-0.84	-53.12	-433
1140	-5	-5	-1.29	-48.69	-443
1150	-5	-5	-1.74	-53.12	-448
1160	-5	-5	-2.2	-41.73	-432
1170	-5	-5	-2.65	-53.12	-430
1180	-5	-5	-3.11	-44.94	-428
1190	-5	-5	-3.56	-38.95	-435
1200	-5	-5	-4.02	-44.94	-433
1210	-5	-5	-4.48	-38.95	-448
1220	-5	-5	-4.93	-36.52	1643
1230	-5	-5	-5.04	15.37	3860
1240	-5	-5	-4.98	-6.95	-1707
1250	-5	-5	-5.01	0.09	810
1260	-5	-5	-5	0	-74
1270	-5	-5	-5	0	-81
1280	-5	-5	-5	0	-14
1290	-5	-5	-5	0	6
1300	-5	-5	-5	0	-2
1310	-5	-5	-5	0	-3
1320	-5	-5	-5	0	-4
1330	-5	-5	-5	0	-2
1340	-5	-5	-5	0	0
1350	-5	-5	-5	0	-1
1360	-5	-5	-5	0	0
1370	-5	-5	-5	0	-1
1380	-5	-5	-5	0	-1
1390	-5	-5	-5	0	-1
1400	-5	-5	-5	0	2
1410	-5	-5	-5	0	1
1420	-5	-5	-5	0	0
1430	-5	-5	-5	0	1
1440	-5	-5	-5	0	-1
1450	-5	-5	-5	0	0
1460	-5	-5	-5	0	0
1470	-5	-5	-5	0	1
1480	-5	-5	-5	0	-1
1490	-5	-5	-5	0	0
1500	-5	-5	-5	0	0
1510	-5	-5	-5	0	0
1520	-5	-5	-5	0	0
1530	-5	-5	-5	0	-1
1540	-5	-5	-5	0	2
1550	-5	-5	-5	0	0
1560	-5	-5	-5	0	0
1570	-5	-5	-5	0	0
1580	-5	-5	-5	0	0
1590	-5	-5	-5	0	0
1600	-5	-5	-5	0	1
1610	-5	-5	-5	0	0
1620	-5	-5	-5	0	1
1630	-5	-5	-5	0	1
1640	-5	-5	-5	0	-1
1650	-5	-5	-5	0	-1
1660	-5	-5	-5	0	0
1670	-5	-5	-5	0	0
1680	-5	-5	-5	0	-1
1690	-5	-5	-5	0	-1
1700	-5	-5	-5	0	-1
1710	-5	-5	-5	0	-1
1720	-5	-5	-5	0	1
1730	-5	-5	-5	0	0
1740	-5	-5	-5	0	0
1750	-5	-5	-5	0	-3
1760	-5	-5	-5	0	-1
1770	-5	-5	-5	0	1
1780	-5	-5	-5	0	1
1790	-5	-5	-5	0	0
1800	-5	-5	-5	0	1
1810	-5	-5	-5	0	0
1820	-5	-5	-5	0	1
1830	-5	-5	-5	0	0
1840	-5	-5	-5	0	0
1850	-5	-5	-5	0	1
1860	-5	-5	-5	0	-1
1870	-5	-5	-5	0	-1
1880	-5	-5	-5	0	-1
1890	-5	-5	-5	0	0
1900	-5	-5	-5	0	0
1910	-5	-5	-5	0	0
1920	-5	-5	-5	0	2
1930	-5	-5	-5	0	1
1940	-5	-5	-5	0	1
1950	-5	-5	-5	0	-1
1960	-5	-5	-5	0	1
1970	-5	-5	-5	0	0
1980	-5	-5	-5	0	1
1990	-5	-5	-5	0	0
2000	4.99	4.99	-4.98	16.23	4579
2010	4.99	4.99	-4.63	44.94	1925
2020	4.99	4.99	-4.17	48.69	662
2030	4.99	4.99	-3.7	53.12	537
2040	4.99	4.99	-3.26	44.94	521
2050	4.99	4.99	-2.8	44.94	535
2060	4.99	4.99	-2.35	44.94	545
2070	4.99	4.99	-1.88	44.94	525
2080	4.99	4.99	-1.43	48.69	541
2090	4.99	4.99	-0.96	58.42	540
2100	4.99	4.99	-0.5	48.69	529
2110	4.99	4.99	-0.04	41.73	525
2120	4.99	4.99	0.42	44.94	543
2130	4.99	4.99	0.88	38.95	524
2140	4.99	4.99	1.34	41.73	530
2150	4.99	4.99	1.8	44.94	524
2160	4.99	4.99	2.27	53.12	522
2170	4.99	4.99	2.72	53.12	519
2180	4.99	4.99	3.19	44.94	527
2190	4.99	4.99	3.65	41.73	534
2200	4.99	4.99	4.1	41.73	526
2210	4.99	4.99	4.57	41.73	533
2220	4.99	4.99	5	26.56	-3970
2230	4.99	4.99	5	-15.37	-1091
2240	4.99	4.99	4.98	7.59	523
2250	4.99	4.99	5	-0.09	-667
2260	4.99	4.99	4.99	0	155
2270	4.99	4.99	4.99	0	22
2280	4.99	4.99	4.99	0	444
2290	4.99	4.99	4.99	0	50
2300	4.99	4.99	4.98	0	737
2310	4.99	4.99	4.99	0	94
2320	4.99	4.99	4.99	0	74
2330	4.99	4.99	4.99	0	87
2340	4.99	4.99	4.99	0	58
2350	4.99	4.99	4.99	0	63
2360	4.99	4.99	4.99	0	70
2370	4.99	4.99	4.99	0	90
2380	4.99	4.99	4.99	0	75
2390	4.99	4.99	4.99	0	98
2400	4.99	4.99	4.99	0	77
2410	4.99	4.99	4.99	0	59
2420	4.99	4.99	4.99	0	59
2430	4.99	4.99	4.99	0	62
2440	4.99	4.99	4.99	0	79
2450	4.99	4.99	4.99	0	121
2460	4.99	4.99	4.99	0	149
2470	4.99	4.99	4.99	0	102
2480	4.99	4.99	4.99	0	134
2490	4.99	4.99	4.99	0	88
2500	4.99	4.99	4.99	0	75
2510	4.99	4.99	4.99	0	89
2520	4.99	4.99	4.99	0	93
2530	4.99	4.99	4.99	0	92
2540	4.99	4.99	4.99	0	93
2550	4.99	4.99	4.99	0	93
2560	4.99	4.99	4.99	0	93
2570	4.99	4.99	4.99	0	93
2580	4.99	4.99	4.99	0	93
2590	4.99	4.99	4.99	0	93
2600	4.99	4.99	4.99	0	92
2610	4.99	4.99	4.99	0	93
2620	4.99	4.99	4.99	0	93
2630	4.99	4.99	4.99	0	93
2640	4.99	4.99	4.99	0	93
2650	4.99	4.99	4.99	0	93
2660	4.99	4.99	4.99	0	92
2670	4.99	4.99	4.99	0	93
2680	4.99	4.99	4.99	0	93
2690	4.99	4.99	4.99	0	93
2700	4.99	4.99	4.99	0	94
2710	4.99	4.99	4.99	0	93
2720	4.99	4.99	4.99	0	93
2730	4.99	4.99	4.99	0	94
2740	4.99	4.99	4.99	0	93
2750	4.99	4.99	4.99	0	93
2760	4.99	4.99	4.99	0	93
2770	4.99	4.99	4.99	0	93
2780	4.99	4.99	4.99	0	93
2790	4.99	4.99	4.99	0	93
2800	4.99	4.99	4.99	0	93
2810	4.99	4.99	4.99	0	94
2820	4.99	4.99	4.99	0	93
2830	4.99	4.99	4.99	0	93
2840	4.99	4.99	4.99	0	93
2850	4.99	4.99	4.99	0	93
2860	4.99	4.99	4.99	0	93
2870	4.99	4.99	4.99	0	92
2880	4.99	4.99	4.99	0	93
2890	4.99	4.99	4.99	0	93
2900	4.99	4.99	4.99	0	93
2910	4.99	4.99	4.99	0	93
2920	4.99	4.99	4.99	0	93
2930	4.99	4.99	4.99	0	93
2940	4.99	4.99	4.99	0	93
2950	4.99	4.99	4.99	0	93
2960	4.99	4.99	4.99	0	93
2970	4.99	4.99	4.99	0	93
2980	4.99	4.99	4.99	0	94
2990	4.99	4.99	4.99	0	93
3000	-5	-5	4.97	-13.59	-4103
3010	-5	-5	4.64	-44.94	-1713
3020	-5	-5	4.19	-53.12	-563
3030	-5	-5	3.74	-44.94	-467
3040	-5	-5	3.28	-48.69	-463
3050	-5	-5	2.83	-53.12	-459
3060	-5	-5	2.37	-48.69	-439
3070	-5	-5	1.92	-53.12	-438
3080	-5	-5	1.46	-48.69	-426
3090	-5	-5	1	-53.12	-429
3100	-5	-5	0.55	-53.12	-429
3110	-5	-5	0.09	-53.12	-427
3120	-5	-5	-0.36	-44.94	-429
3130	-5	-5	-0.82	-53.12	-434
3140	-5	-5	-1.27	-48.69	-443
3150	-5	-5	-1.73	-58.42	-448
3160	-5	-5	-2.19	-44.94	-435
3170	-5	-5	-2.64	-53.12	-433
3180	-5	-5	-3.1	-53.12	-433
3190	-5	-5	-3.55	-41.73	-430
3200	-5	-5	-4.01	-41.73	-433
3210	-5	-5	-4.46	-53.12	-427
3220	-5	-5	-4.91	-36.52	1742
3230	-5	-5	-5.04	13.91	3243
3240	-5	-5	-4.98	-7.12	-1530
3250	-5	-5	-5.01	0	809
3260	-5	-5	-5	0	-7
3270	-5	-5	-5	0	-79
3280	-5	-5	-5	0	-7
3290	-5	-5	-5	0	6
3300	-5	-5	-5	0	5
3310	-5	-5	-5	0	0
3320	-5	-5	-5	0	2
3330	-5	-5	-5	0	2
3340	-5	-5	-5	0	2
3350	-5	-5	-5	0	2
3360	-5	-5	-5	0	3
3370	-5	-5	-5	0	2
3380	-5	-5	-5	0	2
3390	-5	-5	-5	0	2
3400	-5	-5	-5	0	2
3410	-5	-5	-5	0	1
3420	-5	-5	-5	0	2
3430	-5	-5	-5	0	2
3440	-5	-5	-5	0	2
3450	-5	-5	-5	0	2
3460	-5	-5	-5	0	1
3470	-5	-5	-5	0	2
3480	-5	-5	-5	0	2
3490	-5	-5	-5	0	2
3500	-5	-5	-5	0	3
3510	-5	-5	-5	0	2
3520	-5	-5	-5	0	2
3530	-5	-5	-5	0	2
3540	-5	-5	-5	0	2
3550	-5	-5	-5	0	2
3560	-5	-5	-5	0	3
3570	-5	-5	-5	0	4
3580	-5	-5	-5	0	2
3590	-5	-5	-5	0	2
3600	-5	-5	-5	0	2
3610	-5	-5	-5	0	2
3620	-5	-5	-5	0	2
3630	-5	-5	-5	0	2
3640	-5	-5	-5	0	2
3650	-5	-5	-5	0	2
3660	-5	-5	-5	0	2
3670	-5	-5	-5	0	1
3680	-5	-5	-5	0	2
3690	-5	-5	-5	0	2
3700	-5	-5	-5	0	2
3710	-5	-5	-5	0	2
3720	-5	-5	-5	0	3
3730	-5	-5	-5	0	2
3740	-5	-5	-5	0	2
3750	-5	-5	-5	0	2
3760	-5	-5	-5	0	3
3770	-5	-5	-5	0	2
3780	-5	-5	-5	0	2
3790	-5	-5	-5	0	2
3800	-5	-5	-5	0	2
3810	-5	-5	-5	0	2
3820	-5	-5	-5	0	2
3830	-5	-5	-5	0	2
3840	-5	-5	-5	0	2
3850	-5	-5	-5	0	2
3860	-5	-5	-5	0	2
3870	-5	-5	-5	0	2
3880	-5	-5	-5	0	3
3890	-5	-5	-5	0	3
3900	-5	-5	-5	0	2
3910	-5	-5	-5	0	1
3920	-5	-5	-5	0	2
3930	-5	-5	-5	0	3
3940	-5	-5	-5	0	2
3950	-5	-5	-5	0	4
3960	-5	-5	-5	0	2
3970	-5	-5	-5	0	2
3980	-5	-5	-5	0	2
3990	-5	-5	-5	0	1
4000	4.99	4.99	-4.98	16.23	4602
4010	4.99	4.99	-4.64	44.94	1895
4020	4.99	4.99	-4.18	48.69	665
4030	4.99	4.99	-3.73	48.69	552
4040	4.99	4.99	-3.26	44.94	516
4050	4.99	4.99	-2.8	44.94	538
4060	4.99	4.99	-2.34	44.94	534
4070	4.99	4.99	-1.88	41.73	520
4080	4.99	4.99	-1.43	48.69	552
4090	4.99	4.99	-0.96	58.42	551
4100	4.99	4.99	-0.5	48.69	533
4110	4.99	4.99	-0.04	41.73	542
4120	4.99	4.99	0.42	44.94	550
4130	4.99	4.99	0.88	48.69	512
4140	4.99	4.99	1.34	41.73	500
4150	4.99	4.99	1.8	48.69	512
4160	4.99	4.99	2.27	53.12	516
4170	4.99	4.99	2.72	53.12	532
4180	4.99	4.99	3.19	44.94	534
4190	4.99	4.99	3.65	41.73	533
4200	4.99	4.99	4.1	44.94	532
4210	4.99	4.99	4.57	44.94	539
4220	4.99	4.99	5	26.56	-3914
4230	4.99	4.99	5	-15.79	-1170
4240	4.99	4.99	4.98	7.49	527
4250	4.99	4.99	5	0	-536
4260	4.99	4.99	4.99	0	140
4270	4.99	4.99	4.99	0	2
4280	4.99	4.99	4.99	0	76
4290	4.99	4.99	4.99	0	23
4300	4.99	4.99	4.99	0	78
4310	4.99	4.99	4.99	0	483
4320	4.99	4.99	4.99	0	83
4330	4.99	4.99	4.98	0	749
4340	4.99	4.99	4.99	0	100
4350	4.99	4.99	4.99	0	55
4360	4.99	4.99	4.99	0	47
4370	4.99	4.99	4.98	0	757
4380	4.99	4.99	4.99	0	108
4390	4.99	4.99	4.99	0	71
4400	4.99	4.99	4.99	0	277
4410	4.99	4.99	4.99	0	73
4420	4.99	4.99	4.99	0	60
4430	4.99	4.99	4.99	0	65
4440	4.99	4.99	4.99	0	75
4450	4.99	4.99	4.99	0	111
4460	4.99	4.99	4.98	0	529
4470	4.99	4.99	4.99	0	93
4480	4.99	4.99	4.99	0	77
4490	4.99	4.99	4.99	0	87
4500	4.99	4.99	4.99	0	125
4510	4.99	4.99	4.99	0	185
4520	4.99	4.99	4.99	0	79
4530	4.99	4.99	4.99	0	84
4540	4.99	4.99	4.99	0	94
4550	4.99	4.99	4.99	0	93
4560	4.99	4.99	4.99	0	93
4570	4.99	4.99	4.99	0	93
4580	4.99	4.99	4.99	0	93
4590	4.99	4.99	4.99	0	93
4600	4.99	4.99	4.99	0	92
4610	4.99	4.99	4.99	0	93
4620	4.99	4.99	4.99	0	94
4630	4.99	4.99	4.99	0	93
4640	4.99	4.99	4.99	0	93
4650	4.99	4.99	4.99	0	93
4660	4.99	4.99	4.99	0	94
4670	4.99	4.99	4.99	0	93
4680	4.99	4.99	4.99	0	93
4690	4.99	4.99	4.99	0	93
4700	4.99	4.99	4.99	0	93
4710	4.99	4.99	4.99	0	93
4720	4.99	4.99	4.99	0	93
4730	4.99	4.99	4.99	0	93
4740	4.99	4.99	4.99	0	94
4750	4.99	4.99	4.99	0	93
4760	4.99	4.99	4.99	0	93
4770	4.99	4.99	4.99	0	93
4780	4.99	4.99	4.99	0	93
4790	4.99	4.99	4.99	0	94
4800	4.99	4.99	4.99	0	93
4810	4.99	4.99	4.99	0	93
4820	4.99	4.99	4.99	0	93
4830	4.99	4.99	4.99	0	93
4840	4.99	4.99	4.99	0	93
4850	4.99	4.99	4.99	0	93
4860	4.99	4.99	4.99	0	93
4870	4.99	4.99	4.99	0	93
4880	4.99	4.99	4.99	0	93
4890	4.99	4.99	4.99	0	93
4900	4.99	4.99	4.99	0	93
4910	4.99	4.99	4.99	0	93
4920	4.99	4.99	4.99	0	94
4930	4.99	4.99	4.99	0	92
4940	4.99	4.99	4.99	0	93
4950	4.99	4.99	4.99	0	93
4960	4.99	4.99	4.99	0	93
4970	4.99	4.99	4.99	0	93
4980	4.99	4.99	4.99	0	93
4990	4.99	4.99	4.99	0	93
5000	-5	-5	4.97	-13.59	-4089
5010	-5	-5	4.63	-44.94	-1599
5020	-5	-5	4.17	-53.12	-555
5030	-5	-5	3.72	-53.12	-477
5040	-5	-5	3.26	-44.94	-459
5050	-5	-5	2.8	-53.12	-448
5060	-5	-5	2.35	-48.69	-434
5070	-5	-5	1.89	-53.12	-425
5080	-5	-5	1.44	-48.69	-422
5090	-5	-5	0.98	-53.12	-424
5100	-5	-5	0.53	-53.12	-430
5110	-5	-5	0.07	-53.12	-431
5120	-5	-5	-0.39	-44.94	-430
5130	-5	-5	-0.84	-53.12	-445
5140	-5	-5	-1.3	-48.69	-456
5150	-5	-5	-1.75	-58.42	-459
5160	-5	-5	-2.2	-48.69	-435
5170	-5	-5	-2.65	-53.12	-432
5180	-5	-5	-3.12	-53.12	-426
5190	-5	-5	-3.56	-53.12	-429
5200	-5	-5	-4.03	-44.94	-434
5210	-5	-5	-4.48	-53.12	-435
5220	-5	-5	-4.93	-36.52	2117
5230	-5	-5	-5.02	13.91	2774
5240	-5	-5	-4.99	-6.95	-1109
5250	-5	-5	-5	0	515
5260	-5	-5	-5	0	-5
5270	-5	-5	-5	0	-74
5280	-5	-5	-5	0	-7
5290	-5	-5	-5	0	10
5300	-5	-5	-5	0	-2
5310	-5	-5	-5	0	-3
5320	-5	-5	-5	0	0
5330	-5	-5	-5	0	1
5340	-5	-5	-5	0	-1
5350	-5	-5	-5	0	2
5360	-5	-5	-5	0	0
5370	-5	-5	-5	0	-1
5380	-5	-5	-5	0	0
5390	-5	-5	-5	0	1
5400	-5	-5	-5	0	-1
5410	-5	-5	-5	0	0
5420	-5	-5	-5	0	2
5430	-5	-5	-5	0	-1
5440	-5	-5	-5	0	1
5450	-5	-5	-5	0	0
5460	-5	-5	-5	0	0
5470	-5	-5	-5	0	0
5480	-5	-5	-5	0	0
5490	-5	-5	-5	0	0
5500	-5	-5	-5	0	-2
5510	-5	-5	-5	0	1
5520	-5	-5	-5	0	-1
5530	-5	-5	-5	0	0
5540	-5	-5	-5	0	0
5550	-5	-5	-5	0	0
5560	-5	-5	-5	0	0
5570	-5	-5	-5	0	-1
5580	-5	-5	-5	0	1
5590	-5	-5	-5	0	1
5600	-5	-5	-5	0	-3
5610	-5	-5	-5	0	1
5620	-5	-5	-5	0	2
5630	-5	-5	-5	0	0
5640	-5	-5	-5	0	0
5650	-5	-5	-5	0	-2
5660	-5	-5	-5	0	1
5670	-5	-5	-5	0	2
5680	-5	-5	-5	0	-1
5690	-5	-5	-5	0	0
5700	-5	-5	-5	0	-2
5710	-5	-5	-5	0	0
5720	-5	-5	-5	0	0
5730	-5	-5	-5	0	0
5740	-5	-5	-5	0	0
5750	-5	-5	-5	0	0
5760	-5	-5	-5	0	0
5770	-5	-5	-5	0	0
5780	-5	-5	-5	0	-1
5790	-5	-5	-5	0	-1
5800	-5	-5	-5	0	1
5810	-5	-5	-5	0	-1
5820	-5	-5	-5	0	-2
5830	-5	-5	-5	0	1
5840	-5	-5	-5	0	0
5850	-5	-5	-5	0	-1
5860	-5	-5	-5	0	0
5870	-5	-5	-5	0	0
5880	-5	-5	-5	0	0
5890	-5	-5	-5	0	0
5900	-5	-5	-5	0	2
5910	-5	-5	-5	0	-1
5920	-5	-5	-5	0	1
5930	-5	-5	-5	0	-1
5940	-5	-5	-5	0	0
5950	-5	-5	-5	0	-1
5960	-5	-5	-5	0	1
5970	-5	-5	-5	0	-1
5980	-5	-5	-5	0	0
5990	-5	-5	-5	0	1
6000	4.99	4.99	-4.98	16.23	4572
6010	4.99	4.99	-4.64	48.69	1926
6020	4.99	4.99	-4.18	53.12	663
6030	4.99	4.99	-3.73	48.69	545
6040	4.99	4.99	-3.26	41.73	518
6050	4.99	4.99	-2.8	44.94	525
6060	4.99	4.99	-2.34	44.94	544
6070	4.99	4.99	-1.88	44.94	515
6080	4.99	4.99	-1.41	48.69	538
6090	4.99	4.99	-0.96	58.42	539
6100	4.99	4.99	-0.5	48.69	545
6110	4.99	4.99	-0.04	41.73	551
6120	4.99	4.99	0.42	44.94	558
6130	4.99	4.99	0.88	48.69	537
6140	4.99	4.99	1.34	41.73	528
6150	4.99	4.99	1.8	48.69	517
6160	4.99	4.99	2.27	53.12	530
6170	4.99	4.99	2.72	48.69	540
6180	4.99	4.99	3.19	44.94	527
6190	4.99	4.99	3.65	44.94	553
6200	4.99	4.99	4.1	44.94	543
6210	4.99	4.99	4.57	41.73	550
6220	4.99	4.99	5	25.4	-3925
6230	4.99	4.99	5	-16.23	-1164
6240	4.99	4.99	4.98	8	560
6250	4.99	4.99	5	-0.09	-659
6260	4.99	4.99	4.99	0	157
6270	4.99	4.99	4.99	0	22
6280	4.99	4.99	4.99	0	8
6290	4.99	4.99	4.99	0	44
6300	4.99	4.99	4.99	0	41
6310	4.99	4.99	4.99	0	184
6320	4.99	4.99	4.99	0	66
6330	4.99	4.99	4.99	0	35
6340	4.99	4.99	4.99	0	71
6350	4.99	4.99	4.99	0	91
6360	4.99	4.99	4.99	0	54
6370	4.99	4.99	4.99	0	345
6380	4.99	4.99	4.99	0	68
6390	4.99	4.99	4.99	0	53
6400	4.99	4.99	4.99	0	52
6410	4.99	4.99	4.99	0	54
6420	4.99	4.99	4.99	0	94
6430	4.99	4.99	4.98	0.09	596
6440	4.99	4.99	4.99	0	81
6450	4.99	4.99	4.99	0	68
6460	4.99	4.99	4.99	0	76
6470	4.99	4.99	4.99	0	113
6480	4.99	4.99	4.99	0	344
6490	4.99	4.99	4.99	0	81
6500	4.99	4.99	4.99	0	66
6510	4.99	4.99	4.99	0	73
6520	4.99	4.99	4.99	0	92
6530	4.99	4.99	4.99	0	127
6540	4.99	4.99	4.99	0	94
6550	4.99	4.99	4.99	0	79
6560	4.99	4.99	4.99	0	84
6570	4.99	4.99	4.99	0	89
6580	4.99	4.99	4.99	0	88
6590	4.99	4.99	4.99	0	88
6600	4.99	4.99	4.99	0	88
6610	4.99	4.99	4.99	0	88
6620	4.99	4.99	4.99	0	88
6630	4.99	4.99	4.99	0	88
6640	4.99	4.99	4.99	0	88
6650	4.99	4.99	4.99	0	88
6660	4.99	4.99	4.99	0	88
6670	4.99	4.99	4.99	0	87
6680	4.99	4.99	4.99	0	88
6690	4.99	4.99	4.99	0	88
6700	4.99	4.99	4.99	0	88
6710	4.99	4.99	4.99	0	88
6720	4.99	4.99	4.99	0	88
6730	4.99	4.99	4.99	0	88
6740	4.99	4.99	4.99	0	88
6750	4.99	4.99	4.99	0	88
6760	4.99	4.99	4.99	0	88
6770	4.99	4.99	4.99	0	88
6780	4.99	4.99	4.99	0	88
6790	4.99	4.99	4.99	0	88
6800	4.99	4.99	4.99	0	88
6810	4.99	4.99	4.99	0	88
6820	4.99	4.99	4.99	0	88
6830	4.99	4.99	4.99	0	88
6840	4.99	4.99	4.99	0	88
6850	4.99	4.99	4.99	0	88
6860	4.99	4.99	4.99	0	88
6870	4.99	4.99	4.99	0	88
6880	4.99	4.99	4.99	0	88
6890	4.99	4.99	4.99	0	88
6900	4.99	4.99	4.99	0	88
6910	4.99	4.99	4.99	0	88
6920	4.99	4.99	4.99	0	87
6930	4.99	4.99	4.99	0	89
6940	4.99	4.99	4.99	0	88
6950	4.99	4.99	4.99	0	88
6960	4.99	4.99	4.99	0	88
6970	4.99	4.99	4.99	0	88
6980	4.99	4.99	4.99	0	88
6990	4.99	4.99	4.99	0	88
7000	-5	-5	4.97	-13.59	-4333
7010	-5	-5	4.63	-44.94	-1599
7020	-5	-5	4.17	-53.12	-554
7030	-5	-5	3.72	-53.12	-470
7040	-5	-5	3.26	-44.94	-456
7050	-5	-5	2.8	-48.69	-448
7060	-5	-5	2.35	-48.69	-435
7070	-5	-5	1.89	-53.12	-429
7080	-5	-5	1.44	-44.94	-426
7090	-5	-5	0.98	-48.69	-424
7100	-5	-5	0.53	-48.69	-424
7110	-5	-5	0.07	-53.12	-438
7120	-5	-5	-0.39	-48.69	-431
7130	-5	-5	-0.84	-53.12	-434
7140	-5	-5	-1.3	-48.69	-444
7150	-5	-5	-1.75	-58.42	-445
7160	-5	-5	-2.21	-48.69	-430
7170	-5	-5	-2.66	-48.69	-426
7180	-5	-5	-3.12	-48.69	-432
7190	-5	-5	-3.58	-53.12	-431
7200	-5	-5	-4.03	-48.69	-426
7210	-5	-5	-4.49	-53.12	-435
7220	-5	-5	-4.93	-34.37	2155
7230	-5	-5	-5.02	12.7	2540
7240	-5	-5	-4.99	-6.49	-979
7250	-5	-5	-5	0	139
7260	-5	-5	-5	0	22
7270	-5	-5	-5	0	-44
7280	-5	-5	-5	0	-36
7290	-5	-5	-5	0	-22
7300	-5	-5	-5	0	-6
7310	-5	-5	-5	0	1
7320	-5	-5	-5	0	0
7330	-5	-5	-5	0	-6
7340	-5	-5	-5	0	-7
7350	-5	-5	-5	0	2
7360	-5	-5	-5	0	-5
7370	-5	-5	-5	0	-6
7380	-5	-5	-5	0	-9
7390	-5	-5	-5	0	-3
7400	-5	-5	-5	0	2
7410	-5	-5	-5	0	-6
7420	-5	-5	-5	0	-5
7430	-5	-5	-5	0	0
7440	-5	-5	-5	0	-6
7450	-5	-5	-5	0	-3
7460	-5	-5	-5	0	-5
7470	-5	-5	-5	0	-2
7480	-5	-5	-5	0	-5
7490	-5	-5	-5	0	-1
7500	-5	-5	-5	0	-3
7510	-5	-5	-5	0	-7
7520	-5	-5	-5	0	-6
7530	-5	-5	-5	0	-3
7540	-5	-5	-5	0	-1
7550	-5	-5	-5	0	-5
7560	-5	-5	-5	0	-4
7570	-5	-5	-5	0	-5
7580	-5	-5	-5	0	-3
7590	-5	-5	-5	0	-6
7600	-5	-5	-5	0	-5
7610	-5	-5	-5	0	-4
7620	-5	-5	-5	0	-5
7630	-5	-5	-5	0	-4
7640	-5	-5	-5	0	-6
7650	-5	-5	-5	0	-7
7660	-5	-5	-5	0	-3
7670	-5	-5	-5	0	-5
7680	-5	-5	-5	0	-3
7690	-5	-5	-5	0	-2
7700	-5	-5	-5	0	-5
7710	-5	-5	-5	0	-4
7720	-5	-5	-5	0	-5
7730	-5	-5	-5	0	-5
7740	-5	-5	-5	0	-3
7750	-5	-5	-5	0	-3
7760	-5	-5	-5	0	-4
7770	-5	-5	-5	0	-2
7780	-5	-5	-5	0	-5
7790	-5	-5	-5	0	-6
7800	-5	-5	-5	0	-3
7810	-5	-5	-5	0	-4
7820	-5	-5	-5	0	-7
7830	-5	-5	-5	0	-5
7840	-5	-5	-5	0	-1
7850	-5	-5	-5	0	-7
7860	-5	-5	-5	0	-3
7870	-5	-5	-5	0	-1
7880	-5	-5	-5	0	-4
7890	-5	-5	-5	0	-3
7900	-5	-5	-5	0	-3
7910	-5	-5	-5	0	-4
7920	-5	-5	-5	0	-5
7930	-5	-5	-5	0	-4
7940	-5	-5	-5	0	-4
7950	-5	-5	-5	0	-8
7960	-5	-5	-5	0	-5
7970	-5	-5	-5	0	-4
7980	-5	-5	-5	0	-4
7990	-5	-5	-5	0	-5
8000	4.99	4.99	-4.98	16.23	4569
8010	4.99	4.99	-4.63	48.69	1926
8020	4.99	4.99	-4.18	53.12	652
8030	4.99	4.99	-3.73	48.69	515
8040	4.99	4.99	-3.25	44.94	517
8050	4.99	4.99	-2.8	44.94	532
8060	4.99	4.99	-2.34	44.94	531
8070	4.99	4.99	-1.88	44.94	513
8080	4.99	4.99	-1.41	44.94	528
8090	4.99	4.99	-0.96	53.12	532
8100	4.99	4.99	-0.5	48.69	539
8110	4.99	4.99	-0.04	38.95	528
8120	4.99	4.99	0.42	44.94	554
8130	4.99	4.99	0.89	48.69	533
8140	4.99	4.99	1.34	41.73	503
8150	4.99	4.99	1.81	44.94	518
8160	4.99	4.99	2.27	53.12	522
8170	4.99	4.99	2.72	44.94	540
8180	4.99	4.99	3.19	44.94	508
8190	4.99	4.99	3.65	41.73	539
8200	4.99	4.99	4.11	44.94	539
8210	4.99	4.99	4.57	41.73	520
8220	4.99	4.99	5	24.34	-3984
8230	4.99	4.99	5	-15.79	-1298
8240	4.99	4.99	4.98	7.49	557
8250	4.99	4.99	4.99	0	-393
8260	4.99	4.99	4.99	0	101
8270	4.99	4.99	4.99	0	10
8280	4.99	4.99	4.99	0	319
8290	4.99	4.99	4.99	0	38
8300	4.99	4.99	4.98	0	612
8310	4.99	4.99	4.99	0	85
8320	4.99	4.99	4.98	0.09	689
8330	4.99	4.99	4.99	0	81
8340	4.99	4.99	4.99	0	43
8350	4.99	4.99	4.99	0	53
8360	4.99	4.99	4.99	0	85
8370	4.99	4.99	4.99	0	69
8380	4.99	4.99	4.99	0	213
8390	4.99	4.99	4.99	0	91
8400	4.99	4.99	4.99	0	84
8410	4.99	4.99	4.98	0	514
8420	4.99	4.99	4.99	0	66
8430	4.99	4.99	4.99	0	48
8440	4.99	4.99	4.99	0	71
8450	4.99	4.99	4.99	0	73
8460	4.99	4.99	4.99	0	73
8470	4.99	4.99	4.99	0	73
8480	4.99	4.99	4.99	0	73
8490	4.99	4.99	4.99	0	73
8500	4.99	4.99	4.99	0	73
8510	4.99	4.99	4.99	0	73
8520	4.99	4.99	4.99	0	73
8530	4.99	4.99	4.99	0	73
8540	4.99	4.99	4.99	0	73
8550	4.99	4.99	4.99	0	73
8560	4.99	4.99	4.99	0	73
8570	4.99	4.99	4.99	0	73
8580	4.99	4.99	4.99	0	73
8590	4.99	4.99	4.99	0	74
8600	4.99	4.99	4.99	0	73
8610	4.99	4.99	4.99	0	74
8620	4.99	4.99	4.99	0	74
8630	4.99	4.99	4.99	0	73
8640	4.99	4.99	4.99	0	73
8650	4.99	4.99	4.99	0	72
8660	4.99	4.99	4.99	0	73
8670	4.99	4.99	4.99	0	72
8680	4.99	4.99	4.99	0	73
8690	4.99	4.99	4.99	0	73
8700	4.99	4.99	4.99	0	74
8710	4.99	4.99	4.99	0	74
8720	4.99	4.99	4.99	0	73
8730	4.99	4.99	4.99	0	73
8740	4.99	4.99	4.99	0	73
8750	4.99	4.99	4.99	0	73
8760	4.99	4.99	4.99	0	73
8770	4.99	4.99	4.99	0	73
8780	4.99	4.99	4.99	0	73
8790	4.99	4.99	4.99	0	73
8800	4.99	4.99	4.99	0	73
8810	4.99	4.99	4.99	0	73
8820	4.99	4.99	4.99	0	73
8830	4.99	4.99	4.99	0	72
8840	4.99	4.99	4.99	0	74
8850	4.99	4.99	4.99	0	73
8860	4.99	4.99	4.99	0	73
8870	4.99	4.99	4.99	0	73
8880	4.99	4.99	4.99	0	74
8890	4.99	4.99	4.99	0	73
8900	4.99	4.99	4.99	0	73
8910	4.99	4.99	4.99	0	73
8920	4.99	4.99	4.99	0	73
8930	4.99	4.99	4.99	0	72
8940	4.99	4.99	4.99	0	73
8950	4.99	4.99	4.99	0	73
8960	4.99	4.99	4.99	0	73
8970	4.99	4.99	4.99	0	73
8980	4.99	4.99	4.99	0	73
8990	4.99	4.99	4.99	0	73
9000	-5	-5	4.97	-13.59	-4327
9010	-5	-5	4.63	-44.94	-1602
9020	-5	-5	4.17	-53.12	-554
9030	-5	-5	3.72	-53.12	-472
9040	-5	-5	3.26	-44.94	-454
9050	-5	-5	2.8	-53.12	-437
9060	-5	-5	2.35	-48.69	-427
9070	-5	-5	1.89	-53.12	-430
9080	-5	-5	1.44	-48.69	-422
9090	-5	-5	0.98	-53.12	-418
9100	-5	-5	0.53	-53.12	-433
9110	-5	-5	0.07	-53.12	-429
9120	-5	-5	-0.39	-44.94	-431
9130	-5	-5	-0.84	-53.12	-431
9140	-5	-5	-1.3	-48.69	-437
9150	-5	-5	-1.75	-53.12	-440
9160	-5	-5	-2.21	-48.69	-423
9170	-5	-5	-2.66	-48.69	-423
9180	-5	-5	-3.12	-48.69	-424
9190	-5	-5	-3.58	-53.12	-427
9200	-5	-5	-4.03	-48.69	-422
9210	-5	-5	-4.49	-53.12	-432
9220	-5	-5	-4.93	-36.52	2238
9230	-5	-5	-5.02	12.7	2734
9240	-5	-5	-4.99	-6.49	-1103
9250	-5	-5	-5	0	145
9260	-5	-5	-5	0	6
9270	-5	-5	-5	0	-79
9280	-5	-5	-5	0	-14
9290	-5	-5	-5	0	6
9300	-5	-5	-5	0	5
9310	-5	-5	-5	0	-11
9320	-5	-5	-5	0	3
9330	-5	-5	-5	0	0
9340	-5	-5	-5	0	0
9350	-5	-5	-5	0	2
9360	-5	-5	-5	0	-3
9370	-5	-5	-5	0	0
9380	-5	-5	-5	0	0
9390	-5	-5	-5	0	0
9400	-5	-5	-5	0	-1
9410	-5	-5	-5	0	0
9420	-5	-5	-5	0	1
9430	-5	-5	-5	0	0
9440	-5	-5	-5	0	-1
9450	-5	-5	-5	0	1
9460	-5	-5	-5	0	0
9470	-5	-5	-5	0	0
9480	-5	-5	-5	0	0
9490	-5	-5	-5	0	-1
9500	-5	-5	-5	0	-1
9510	-5	-5	-5	0	1
9520	-5	-5	-5	0	0
9530	-5	-5	-5	0	0
9540	-5	-5	-5	0	1
9550	-5	-5	-5	0	-2
9560	-5	-5	-5	0	0
9570	-5	-5	-5	0	0
9580	-5	-5	-5	0	-1
9590	-5	-5	-5	0	1
9600	-5	-5	-5	0	0
9610	-5	-5	-5	0	2
9620	-5	-5	-5	0	-1
9630	-5	-5	-5	0	1
9640	-5	-5	-5	0	0
9650	-5	-5	-5	0	-1
9660	-5	-5	-5	0	0
9670	-5	-5	-5	0	1
9680	-5	-5	-5	0	0
9690	-5	-5	-5	0	0
9700	-5	-5	-5	0	1
9710	-5	-5	-5	0	1
9720	-5	-5	-5	0	-1
9730	-5	-5	-5	0	1
9740	-5	-5	-5	0	0
9750	-5	-5	-5	0	2
9760	-5	-5	-5	0	0
9770	-5	-5	-5	0	0
9780	-5	-5	-5	0	0
9790	-5	-5	-5	0	0
9800	-5	-5	-5	0	-1
9810	-5	-5	-5	0	0
9820	-5	-5	-5	0	-3
9830	-5	-5	-5	0	0
9840	-5	-5	-5	0	0
9850	-5	-5	-5	0	0
9860	-5	-5	-5	0	1
9870	-5	-5	-5	0	-1
9880	-5	-5	-5	0	1
9890	-5	-5	-5	0	-2
9900	-5	-5	-5	0	0
9910	-5	-5	-5	0	0
9920	-5	-5	-5	0	0
9930	-5	-5	-5	0	0
9940	-5	-5	-5	0	-1
9950	-5	-5	-5	0	0
9960	-5	-5	-5	0	-1
9970	-5	-5	-5	0	-1
9980	-5	-5	-5	0	-1
9990	-5	-5	-5	0	0
10000	4.99	4.99	-4.98	20.14	4572
