0	0	0	0	0	-27
10	4.99	4.99	0.02	14.61	4517
20	4.99	4.99	0.36	41.73	2024
30	4.99	4.99	0.81	41.73	692
40	4.99	4.99	1.27	44.94	572
50	4.99	4.99	1.73	44.94	560
60	4.99	4.99	2.19	44.94	553
70	4.99	4.99	2.64	48.69	565
80	4.99	4.99	3.11	53.12	576
90	4.99	4.99	3.56	53.12	585
100	4.99	4.99	4.02	53.12	584
110	4.99	4.99	4.48	44.94	579
120	4.99	4.99	4.93	34.37	-2545
130	4.99	4.99	5.02	-17.71	-3034
140	4.99	4.99	4.97	5.36	1388
150	4.99	4.99	5	-0.09	-685
160	4.99	4.99	4.99	0	318
170	4.99	4.99	4.99	0	29
180	4.99	4.99	4.99	0	5
190	4.99	4.99	4.99	0	124
200	4.99	4.99	4.99	0	46
210	4.99	4.99	4.99	0	441
220	4.99	4.99	4.99	0	77
230	4.99	4.99	4.99	0	44
240	4.99	4.99	4.99	0	53
250	4.99	4.99	4.99	0	69
260	4.99	4.99	4.99	0	125
270	4.99	4.99	4.99	0	85
280	4.99	4.99	4.99	0	65
290	4.99	4.99	4.99	0	351
300	4.99	4.99	4.99	0	66
310	4.99	4.99	4.99	0	42
320	4.99	4.99	4.99	0	61
330	4.99	4.99	4.99	0	67
340	4.99	4.99	4.99	0	66
350	4.99	4.99	4.99	0	66
360	4.99	4.99	4.99	0	67
370	4.99	4.99	4.99	0	66
380	4.99	4.99	4.99	0	66
390	4.99	4.99	4.99	0	66
400	4.99	4.99	4.99	0	66
410	4.99	4.99	4.99	0	66
420	4.99	4.99	4.99	0	66
430	4.99	4.99	4.99	0	66
440	4.99	4.99	4.99	0	66
450	4.99	4.99	4.99	0	66
460	4.99	4.99	4.99	0	66
470	4.99	4.99	4.99	0	66
480	4.99	4.99	4.99	0	66
490	4.99	4.99	4.99	0	66
500	-5	-5	4.97	-13.28	-4345
510	-5	-5	4.63	-48.69	-1610
520	-5	-5	4.17	-53.12	-576
530	-5	-5	3.72	-53.12	-495
540	-5	-5	3.27	-41.73	-491
550	-5	-5	2.82	-38.95	-484
560	-5	-5	2.36	-44.94	-462
570	-5	-5	1.9	-41.73	-464
580	-5	-5	1.45	-41.73	-457
590	-5	-5	1	-44.94	-452
600	-5	-5	0.55	-41.73	-450
610	-5	-5	0.09	-44.94	-452
620	-5	-5	-0.36	-41.73	-461
630	-5	-5	-0.82	-44.94	-477
640	-5	-5	-1.27	-41.73	-474
650	-5	-5	-1.73	-44.94	-479
660	-5	-5	-2.17	-44.94	-460
670	-5	-5	-2.63	-48.69	-458
680	-5	-5	-3.08	-53.12	-454
690	-5	-5	-3.54	-48.69	-454
700	-5	-5	-4	-58.42	-457
710	-5	-5	-4.45	-48.69	-457
720	-5	-5	-4.9	-41.73	1401
730	-5	-5	-5.05	13.59	4128
740	-5	-5	-4.98	0	-1787
750	-5	-5	-5.01	0	831
760	-5	-5	-5	0	-141
770	-5	-5	-5	0	-77
780	-5	-5	-5	0	-14
790	-5	-5	-5	0	5
800	-5	-5	-5	0	1
810	-5	-5	-5	0	-5
820	-5	-5	-5	0	-1
830	-5	-5	-5	0	-1
840	-5	-5	-5	0	1
850	-5	-5	-5	0	0
860	-5	-5	-5	0	1
870	-5	-5	-5	0	1
880	-5	-5	-5	0	-2
890	-5	-5	-5	0	-1
900	-5	-5	-5	0	-1
910	-5	-5	-5	0	-1
920	-5	-5	-5	0	6
930	-5	-5	-5	0	-1
940	-5	-5	-5	0	0
950	-5	-5	-5	0	-2
960	-5	-5	-5	0	0
970	-5	-5	-5	0	0
980	-5	-5	-5	0	-1
990	-5	-5	-5	0	-1
1000	4.99	4.99	-4.98	16.23	4568
1010	4.99	4.99	-4.59	41.73	1518
1020	4.99	4.99	-4.18	53.12	688
1030	4.99	4.99	-3.73	53.12	541
1040	4.99	4.99	-3.27	48.69	556
1050	4.99	4.99	-2.8	41.73	549
1060	4.99	4.99	-2.35	41.73	542
1070	4.99	4.99	-1.89	44.94	567
1080	4.99	4.99	-1.44	48.69	586
1090	4.99	4.99	-0.97	44.94	566
1100	4.99	4.99	-0.51	44.94	574
1110	4.99	4.99	-0.06	53.12	574
1120	4.99	4.99	0.41	44.94	559
1130	4.99	4.99	0.86	48.69	562
1140	4.99	4.99	1.32	44.94	544
1150	4.99	4.99	1.79	41.73	546
1160	4.99	4.99	2.24	41.73	570
1170	4.99	4.99	2.7	41.73	555
1180	4.99	4.99	3.17	44.94	550
1190	4.99	4.99	3.62	48.69	585
1200	4.99	4.99	4.08	41.73	581
1210	4.99	4.99	4.53	48.69	562
1220	4.99	4.99	4.98	36.52	-3179
1230	4.99	4.99	5.01	-14.98	-2329
1240	4.99	4.99	4.98	7.59	1055
1250	4.99	4.99	5	0	-688
1260	4.99	4.99	4.99	0	157
1270	4.99	4.99	4.99	0	10
1280	4.99	4.99	4.99	0	118
1290	4.99	4.99	4.99	0	32
1300	4.99	4.99	4.99	0	73
1310	4.99	4.99	4.99	0	41
1320	4.99	4.99	4.99	0	55
1330	4.99	4.99	4.99	0	48
1340	4.99	4.99	4.99	0	49
1350	4.99	4.99	4.99	0	62
1360	4.99	4.99	4.99	0	69
1370	4.99	4.99	4.98	0.09	553
1380	4.99	4.99	4.99	0	85
1390	4.99	4.99	4.99	0	70
1400	4.99	4.99	4.99	0	81
1410	4.99	4.99	4.99	0	86
1420	4.99	4.99	4.99	0	81
1430	4.99	4.99	4.99	0	46
1440	4.99	4.99	4.99	0	67
1450	4.99	4.99	4.99	0	72
1460	4.99	4.99	4.99	0	73
1470	4.99	4.99	4.99	0	73
1480	4.99	4.99	4.99	0	73
1490	4.99	4.99	4.99	0	73
1500	-5	-5	4.97	-13.91	-4262
1510	-5	-5	4.63	-48.69	-1602
1520	-5	-5	4.17	-48.69	-569
1530	-5	-5	3.73	-48.69	-476
1540	-5	-5	3.27	-44.94	-480
1550	-5	-5	2.82	-41.73	-480
1560	-5	-5	2.36	-44.94	-471
1570	-5	-5	1.9	-38.95	-457
1580	-5	-5	1.45	-41.73	-447
1590	-5	-5	0.99	-41.73	-458
1600	-5	-5	0.55	-44.94	-452
1610	-5	-5	0.09	-44.94	-462
1620	-5	-5	-0.36	-41.73	-462
1630	-5	-5	-0.82	-48.69	-462
1640	-5	-5	-1.27	-41.73	-469
1650	-5	-5	-1.73	-41.73	-482
1660	-5	-5	-2.19	-44.94	-456
1670	-5	-5	-2.63	-44.94	-455
1680	-5	-5	-3.08	-44.94	-456
1690	-5	-5	-3.54	-48.69	-448
1700	-5	-5	-4	-53.12	-462
1710	-5	-5	-4.45	-48.69	-461
1720	-5	-5	-4.91	-38.95	1577
1730	-5	-5	-5.04	12.98	3325
1740	-5	-5	-4.98	-5.79	-1316
1750	-5	-5	-5	0	348
1760	-5	-5	-5	0	12
1770	-5	-5	-5	0	-55
1780	-5	-5	-5	0	-40
1790	-5	-5	-5	0	-7
1800	-5	-5	-5	0	7
1810	-5	-5	-5	0	-7
1820	-5	-5	-5	0	-3
1830	-5	-5	-5	0	-5
1840	-5	-5	-5	0	-6
1850	-5	-5	-5	0	-3
1860	-5	-5	-5	0	-4
1870	-5	-5	-5	0	-6
1880	-5	-5	-5	0	-2
1890	-5	-5	-5	0	-3
1900	-5	-5	-5	0	-5
1910	-5	-5	-5	0	-4
1920	-5	-5	-5	0	-3
1930	-5	-5	-5	0	-5
1940	-5	-5	-5	0	-5
1950	-5	-5	-5	0	-1
1960	-5	-5	-5	0	-3
1970	-5	-5	-5	0	-4
1980	-5	-5	-5	0	1
1990	-5	-5	-5	0	-1
2000	4.99	4.99	-4.98	9.13	4402
2010	4.99	4.99	-4.64	41.73	2053
2020	4.99	4.99	-4.15	48.69	646
2030	4.99	4.99	-3.69	53.12	549
2040	4.99	4.99	-3.27	48.69	554
2050	4.99	4.99	-2.8	48.69	553
2060	4.99	4.99	-2.35	53.12	542
2070	4.99	4.99	-1.89	48.69	568
2080	4.99	4.99	-1.43	48.69	560
2090	4.99	4.99	-0.97	48.69	550
2100	4.99	4.99	-0.51	41.73	550
2110	4.99	4.99	-0.06	53.12	579
2120	4.99	4.99	0.41	48.69	555
2130	4.99	4.99	0.86	44.94	567
2140	4.99	4.99	1.32	44.94	548
2150	4.99	4.99	1.79	44.94	514
2160	4.99	4.99	2.24	44.94	559
2170	4.99	4.99	2.7	53.12	554
2180	4.99	4.99	3.17	48.69	549
2190	4.99	4.99	3.62	41.73	554
2200	4.99	4.99	4.08	53.12	572
2210	4.99	4.99	4.55	48.69	591
2220	4.99	4.99	4.98	30.75	-3321
2230	4.99	4.99	5	-14.25	-1956
2240	4.99	4.99	4.98	6.88	814
2250	4.99	4.99	4.99	0	-403
2260	4.99	4.99	4.99	0	85
2270	4.99	4.99	4.99	0	25
2280	4.99	4.99	4.98	0.09	677
2290	4.99	4.99	4.99	0	57
2300	4.99	4.99	4.99	0	63
2310	4.99	4.99	4.99	0	61
2320	4.99	4.99	4.99	0	44
2330	4.99	4.99	4.99	-0.09	186
2340	4.99	4.99	4.99	0	93
2350	4.99	4.99	4.99	0	70
2360	4.99	4.99	4.99	0	66
2370	4.99	4.99	4.99	0	79
2380	4.99	4.99	4.99	0	77
2390	4.99	4.99	4.99	0	74
2400	4.99	4.99	4.99	0	54
2410	4.99	4.99	4.99	0	56
2420	4.99	4.99	4.99	0	54
2430	4.99	4.99	4.99	0	69
2440	4.99	4.99	4.99	0	69
2450	4.99	4.99	4.99	0	69
2460	4.99	4.99	4.99	0	69
2470	4.99	4.99	4.99	0	69
2480	4.99	4.99	4.99	0	68
2490	4.99	4.99	4.99	0	69
2500	-5	-5	4.97	-9.58	-4098
2510	-5	-5	4.63	-48.69	-1587
2520	-5	-5	4.17	-38.95	-581
2530	-5	-5	3.72	-48.69	-489
2540	-5	-5	3.26	-41.73	-483
2550	-5	-5	2.82	-41.73	-458
2560	-5	-5	2.36	-44.94	-463
2570	-5	-5	1.9	-44.94	-450
2580	-5	-5	1.45	-44.94	-439
2590	-5	-5	0.99	-44.94	-445
2600	-5	-5	0.54	-53.12	-453
2610	-5	-5	0.08	-48.69	-447
2620	-5	-5	-0.36	-58.42	-457
2630	-5	-5	-0.81	-48.69	-468
2640	-5	-5	-1.26	-48.69	-461
2650	-5	-5	-1.72	-48.69	-468
2660	-5	-5	-2.16	-48.69	-455
2670	-5	-5	-2.62	-44.94	-455
2680	-5	-5	-3.07	-41.73	-443
2690	-5	-5	-3.53	-44.94	-458
2700	-5	-5	-3.98	-41.73	-459
2710	-5	-5	-4.44	-41.73	-450
2720	-5	-5	-4.9	-41.73	1242
2730	-5	-5	-5.05	14.25	4280
2740	-5	-5	-4.98	0	-1961
2750	-5	-5	-5.01	0	859
2760	-5	-5	-5	0	-30
2770	-5	-5	-5	0	-70
2780	-5	-5	-5	0	-13
2790	-5	-5	-5	0	3
2800	-5	-5	-5	0	11
2810	-5	-5	-5	0	-2
2820	-5	-5	-5	0	-7
2830	-5	-5	-5	0	5
2840	-5	-5	-5	0	0
2850	-5	-5	-5	0	2
2860	-5	-5	-5	0	0
2870	-5	-5	-5	0	1
2880	-5	-5	-5	0	0
2890	-5	-5	-5	0	2
2900	-5	-5	-5	0	4
2910	-5	-5	-5	0	3
2920	-5	-5	-5	0	3
2930	-5	-5	-5	0	2
2940	-5	-5	-5	0	1
2950	-5	-5	-5	0	1
2960	-5	-5	-5	0	1
2970	-5	-5	-5	0	3
2980	-5	-5	-5	0	1
2990	-5	-5	-5	0	2
3000	4.99	4.99	-4.98	16.23	4584
3010	4.99	4.99	-4.64	44.94	1937
3020	4.99	4.99	-4.18	53.12	685
3030	4.99	4.99	-3.73	48.69	579
3040	4.99	4.99	-3.21	41.73	564
3050	4.99	4.99	-2.8	44.94	541
3060	4.99	4.99	-2.35	38.95	551
3070	4.99	4.99	-1.89	44.94	566
3080	4.99	4.99	-1.43	48.69	584
3090	4.99	4.99	-0.97	44.94	570
3100	4.99	4.99	-0.51	44.94	571
3110	4.99	4.99	-0.05	53.12	574
3120	4.99	4.99	0.41	48.69	555
3130	4.99	4.99	0.86	53.12	575
3140	4.99	4.99	1.33	44.94	528
3150	4.99	4.99	1.79	44.94	519
3160	4.99	4.99	2.24	44.94	569
3170	4.99	4.99	2.71	44.94	558
3180	4.99	4.99	3.17	41.73	554
3190	4.99	4.99	3.62	48.69	592
3200	4.99	4.99	4.09	53.12	560
3210	4.99	4.99	4.55	48.69	562
3220	4.99	4.99	4.98	29.21	-3671
3230	4.99	4.99	5.01	-16.23	-1831
3240	4.99	4.99	4.98	7.79	822
3250	4.99	4.99	5	0	-776
3260	4.99	4.99	4.99	0	220
3270	4.99	4.99	4.99	0	16
3280	4.99	4.99	4.98	0	464
3290	4.99	4.99	4.99	0	78
3300	4.99	4.99	4.99	0	26
3310	4.99	4.99	4.98	0.09	682
3320	4.99	4.99	4.99	0	79
3330	4.99	4.99	4.99	0	47
3340	4.99	4.99	4.99	0	50
3350	4.99	4.99	4.99	0	58
3360	4.99	4.99	4.99	0	47
3370	4.99	4.99	4.99	0	42
3380	4.99	4.99	4.99	0	51
3390	4.99	4.99	4.99	0	161
3400	4.99	4.99	4.99	0	85
3410	4.99	4.99	4.99	0	67
3420	4.99	4.99	4.99	0	560
3430	4.99	4.99	4.99	0	73
3440	4.99	4.99	4.99	0	49
3450	4.99	4.99	4.99	0	49
3460	4.99	4.99	4.99	0	64
3470	4.99	4.99	4.99	0	66
3480	4.99	4.99	4.99	0	66
3490	4.99	4.99	4.99	0	66
3500	-5	-5	4.97	-13.59	-4348
3510	-5	-5	4.63	-44.94	-1610
3520	-5	-5	4.17	-53.12	-586
3530	-5	-5	3.72	-53.12	-489
3540	-5	-5	3.26	-44.94	-475
3550	-5	-5	2.82	-38.95	-470
3560	-5	-5	2.36	-44.94	-459
3570	-5	-5	1.9	-38.95	-448
3580	-5	-5	1.45	-41.73	-440
3590	-5	-5	0.99	-44.94	-444
3600	-5	-5	0.54	-44.94	-449
3610	-5	-5	0.08	-38.95	-450
3620	-5	-5	-0.37	-44.94	-455
3630	-5	-5	-0.83	-41.73	-459
3640	-5	-5	-1.27	-41.73	-469
3650	-5	-5	-1.73	-44.94	-462
3660	-5	-5	-2.19	-44.94	-453
3670	-5	-5	-2.64	-44.94	-450
3680	-5	-5	-3.1	-41.73	-446
3690	-5	-5	-3.55	-48.69	-456
3700	-5	-5	-4.01	-41.73	-450
3710	-5	-5	-4.46	-44.94	-456
3720	-5	-5	-4.91	-44.94	1608
3730	-5	-5	-5.04	14.25	3471
3740	-5	-5	-4.98	-7.21	-1538
3750	-5	-5	-5.01	0	816
3760	-5	-5	-5	0	-68
3770	-5	-5	-5	0	-78
3780	-5	-5	-5	0	-14
3790	-5	-5	-5	0	9
3800	-5	-5	-5	0	12
3810	-5	-5	-5	0	-3
3820	-5	-5	-5	0	1
3830	-5	-5	-5	0	5
3840	-5	-5	-5	0	4
3850	-5	-5	-5	0	5
3860	-5	-5	-5	0	4
3870	-5	-5	-5	0	3
3880	-5	-5	-5	0	5
3890	-5	-5	-5	0	4
3900	-5	-5	-5	0	4
3910	-5	-5	-5	0	4
3920	-5	-5	-5	0	4
3930	-5	-5	-5	0	4
3940	-5	-5	-5	0	5
3950	-5	-5	-5	0	5
3960	-5	-5	-5	0	4
3970	-5	-5	-5	0	4
3980	-5	-5	-5	0	4
3990	-5	-5	-5	0	4
4000	4.99	4.99	-4.98	16.23	4561
4010	4.99	4.99	-4.64	44.94	1955
4020	4.99	4.99	-4.18	48.69	679
4030	4.99	4.99	-3.73	53.12	545
4040	4.99	4.99	-3.27	44.94	535
4050	4.99	4.99	-2.73	44.94	552
4060	4.99	4.99	-2.35	41.73	529
4070	4.99	4.99	-1.89	41.73	560
4080	4.99	4.99	-1.43	48.69	570
4090	4.99	4.99	-0.97	41.73	555
4100	4.99	4.99	-0.5	48.69	565
4110	4.99	4.99	-0.05	53.12	553
4120	4.99	4.99	0.41	48.69	552
4130	4.99	4.99	0.86	41.73	545
4140	4.99	4.99	1.33	44.94	524
4150	4.99	4.99	1.79	44.94	523
4160	4.99	4.99	2.26	44.94	548
4170	4.99	4.99	2.71	44.94	559
4180	4.99	4.99	3.17	53.12	543
4190	4.99	4.99	3.63	48.69	562
4200	4.99	4.99	4.09	58.42	579
4210	4.99	4.99	4.55	48.69	564
4220	4.99	4.99	4.98	29.21	-3856
4230	4.99	4.99	5	-15.37	-1516
4240	4.99	4.99	4.98	7.59	757
4250	4.99	4.99	5	0	-775
4260	4.99	4.99	4.99	0	308
4270	4.99	4.99	4.99	0	31
4280	4.99	4.99	4.99	-0.09	163
4290	4.99	4.99	4.99	0	92
4300	4.99	4.99	4.99	0	42
4310	4.99	4.99	4.99	0	58
4320	4.99	4.99	4.99	0	47
4330	4.99	4.99	4.98	0	541
4340	4.99	4.99	4.99	0	86
4350	4.99	4.99	4.98	0	758
4360	4.99	4.99	4.99	0	96
4370	4.99	4.99	4.99	0	79
4380	4.99	4.99	4.98	0	356
4390	4.99	4.99	4.99	0	63
4400	4.99	4.99	4.99	0	50
4410	4.99	4.99	4.99	0	60
4420	4.99	4.99	4.99	0	70
4430	4.99	4.99	4.99	0	70
4440	4.99	4.99	4.99	0	69
4450	4.99	4.99	4.99	0	69
4460	4.99	4.99	4.99	0	69
4470	4.99	4.99	4.99	0	69
4480	4.99	4.99	4.99	0	69
4490	4.99	4.99	4.99	0	69
4500	-5	-5	4.97	-13.59	-4331
4510	-5	-5	4.6	-48.69	-1594
4520	-5	-5	4.17	-53.12	-569
4530	-5	-5	3.72	-53.12	-484
4540	-5	-5	3.27	-48.69	-472
4550	-5	-5	2.82	-41.73	-461
4560	-5	-5	2.36	-44.94	-460
4570	-5	-5	1.9	-41.73	-445
4580	-5	-5	1.45	-44.94	-439
4590	-5	-5	0.99	-44.94	-444
4600	-5	-5	0.54	-44.94	-440
4610	-5	-5	0.08	-38.95	-446
4620	-5	-5	-0.37	-44.94	-451
4630	-5	-5	-0.83	-41.73	-460
4640	-5	-5	-1.27	-44.94	-464
4650	-5	-5	-1.73	-44.94	-461
4660	-5	-5	-2.19	-44.94	-442
4670	-5	-5	-2.64	-44.94	-449
4680	-5	-5	-3.1	-41.73	-444
4690	-5	-5	-3.55	-44.94	-450
4700	-5	-5	-4.01	-44.94	-450
4710	-5	-5	-4.46	-48.69	-450
4720	-5	-5	-4.91	-44.94	1660
4730	-5	-5	-5.05	13.59	3921
4740	-5	-5	-4.98	0	-1933
4750	-5	-5	-5.01	0	852
4760	-5	-5	-5	0	-327
4770	-5	-5	-5	0	-90
4780	-5	-5	-5	0	-15
4790	-5	-5	-5	0	13
4800	-5	-5	-5	0	10
4810	-5	-5	-5	0	2
4820	-5	-5	-5	0	7
4830	-5	-5	-5	0	7
4840	-5	-5	-5	0	8
4850	-5	-5	-5	0	7
4860	-5	-5	-5	0	8
4870	-5	-5	-5	0	7
4880	-5	-5	-5	0	8
4890	-5	-5	-5	0	6
4900	-5	-5	-5	0	8
4910	-5	-5	-5	0	8
4920	-5	-5	-5	0	7
4930	-5	-5	-5	0	7
4940	-5	-5	-5	0	7
4950	-5	-5	-5	0	7
4960	-5	-5	-5	0	7
4970	-5	-5	-5	0	7
4980	-5	-5	-5	0	7
4990	-5	-5	-5	0	8
5000	4.99	4.99	-4.98	16.23	4591
5010	4.99	4.99	-4.64	48.69	1922
5020	4.99	4.99	-4.18	53.12	679
5030	4.99	4.99	-3.73	53.12	548
5040	4.99	4.99	-3.27	44.94	541
5050	4.99	4.99	-2.8	44.94	543
5060	4.99	4.99	-2.28	41.73	535
5070	4.99	4.99	-1.89	44.94	540
5080	4.99	4.99	-1.43	48.69	560
5090	4.99	4.99	-0.97	41.73	576
5100	4.99	4.99	-0.51	53.12	552
5110	4.99	4.99	-0.05	53.12	556
5120	4.99	4.99	0.41	48.69	550
5130	4.99	4.99	0.86	44.94	544
5140	4.99	4.99	1.33	44.94	526
5150	4.99	4.99	1.79	44.94	520
5160	4.99	4.99	2.24	44.94	549
5170	4.99	4.99	2.71	44.94	537
5180	4.99	4.99	3.17	41.73	547
5190	4.99	4.99	3.63	44.94	560
5200	4.99	4.99	4.09	53.12	549
5210	4.99	4.99	4.55	48.69	548
5220	4.99	4.99	4.98	30.75	-3826
5230	4.99	4.99	5	-15.37	-1514
5240	4.99	4.99	4.98	7.59	764
5250	4.99	4.99	5	0	-530
5260	4.99	4.99	4.99	0	152
5270	4.99	4.99	4.99	0	26
5280	4.99	4.99	4.98	0	467
5290	4.99	4.99	4.99	0	86
5300	4.99	4.99	4.99	0	39
5310	4.99	4.99	4.99	0	45
5320	4.99	4.99	4.99	0	50
5330	4.99	4.99	4.99	0	51
5340	4.99	4.99	4.99	0	98
5350	4.99	4.99	4.99	0	71
5360	4.99	4.99	4.99	0	45
5370	4.99	4.99	4.99	0	72
5380	4.99	4.99	4.99	0	74
5390	4.99	4.99	4.99	0	71
5400	4.99	4.99	4.99	0	107
5410	4.99	4.99	4.99	0	52
5420	4.99	4.99	4.99	0	57
5430	4.99	4.99	4.99	0	70
5440	4.99	4.99	4.99	0	69
5450	4.99	4.99	4.99	0	69
5460	4.99	4.99	4.99	0	69
5470	4.99	4.99	4.99	0	69
5480	4.99	4.99	4.99	0	69
5490	4.99	4.99	4.99	0	69
5500	4.99	4.99	4.99	0	68
5510	-5	-5	4.97	-13.59	-4082
5520	-5	-5	4.63	-48.69	-1698
5530	-5	-5	4.17	-53.12	-571
5540	-5	-5	3.72	-53.12	-485
5550	-5	-5	3.26	-48.69	-473
5560	-5	-5	2.82	-53.12	-468
5570	-5	-5	2.36	-44.94	-454
5580	-5	-5	1.9	-41.73	-439
5590	-5	-5	1.45	-41.73	-439
5600	-5	-5	1.02	-44.94	-440
5610	-5	-5	0.54	-41.73	-440
5620	-5	-5	0.11	-48.69	-443
5630	-5	-5	-0.37	-44.94	-451
5640	-5	-5	-0.81	-48.69	-450
5650	-5	-5	-1.26	-48.69	-452
5660	-5	-5	-1.72	-48.69	-463
5670	-5	-5	-2.17	-53.12	-453
5680	-5	-5	-2.63	-44.94	-450
5690	-5	-5	-3.08	-53.12	-442
5700	-5	-5	-3.53	-48.69	-441
5710	-5	-5	-3.98	-53.12	-441
5720	-5	-5	-4.46	-41.73	-452
5730	-5	-5	-4.9	-38.95	1372
5740	-5	-5	-5.05	13.91	4272
5750	-5	-5	-4.98	0	-1956
5760	-5	-5	-5.01	0	854
5770	-5	-5	-5	0	-75
5780	-5	-5	-5	0	-65
5790	-5	-5	-5	0	-23
5800	-5	-5	-5	0	1
5810	-5	-5	-5	0	10
5820	-5	-5	-5	0	-2
5830	-5	-5	-5	0	-7
5840	-5	-5	-5	0	0
5850	-5	-5	-5	0	-1
5860	-5	-5	-5	0	0
5870	-5	-5	-5	0	2
5880	-5	-5	-5	0	0
5890	-5	-5	-5	0	0
5900	-5	-5	-5	0	0
5910	-5	-5	-5	0	0
5920	-5	-5	-5	0	-1
5930	-5	-5	-5	0	0
5940	-5	-5	-5	0	1
5950	-5	-5	-5	0	-2
5960	-5	-5	-5	0	0
5970	-5	-5	-5	0	0
5980	-5	-5	-5	0	0
5990	-5	-5	-5	0	0
6000	4.99	4.99	-4.98	16.23	4587
6010	4.99	4.99	-4.64	44.94	1930
6020	4.99	4.99	-4.18	53.12	686
6030	4.99	4.99	-3.73	53.12	540
6040	4.99	4.99	-3.27	44.94	558
6050	4.99	4.99	-2.8	44.94	533
6060	4.99	4.99	-2.35	41.73	526
6070	4.99	4.99	-1.83	44.94	544
6080	4.99	4.99	-1.43	48.69	550
6090	4.99	4.99	-0.97	41.73	548
6100	4.99	4.99	-0.51	48.69	557
6110	4.99	4.99	-0.05	53.12	571
6120	4.99	4.99	0.41	44.94	536
6130	4.99	4.99	0.92	44.94	553
6140	4.99	4.99	1.34	41.73	534
6150	4.99	4.99	1.79	44.94	517
6160	4.99	4.99	2.26	48.69	545
6170	4.99	4.99	2.72	44.94	560
6180	4.99	4.99	3.17	44.94	545
6190	4.99	4.99	3.65	44.94	564
6200	4.99	4.99	4.09	58.42	580
6210	4.99	4.99	4.55	48.69	540
6220	4.99	4.99	4.98	30.75	-3878
6230	4.99	4.99	5	-15.37	-1485
6240	4.99	4.99	4.98	7.59	540
6250	4.99	4.99	5	0	-528
6260	4.99	4.99	4.99	0	152
6270	4.99	4.99	4.99	0	44
6280	4.99	4.99	4.99	0	9
6290	4.99	4.99	4.99	0	8
6300	4.99	4.99	4.99	0	124
6310	4.99	4.99	4.99	0	58
6320	4.99	4.99	4.99	0	40
6330	4.99	4.99	4.99	0	25
6340	4.99	4.99	4.99	0	63
6350	4.99	4.99	4.99	0	35
6360	4.99	4.99	4.99	0	45
6370	4.99	4.99	4.99	0	432
6380	4.99	4.99	4.99	0	67
6390	4.99	4.99	4.99	0	73
6400	4.99	4.99	4.99	0	55
6410	4.99	4.99	4.98	0	552
6420	4.99	4.99	4.99	0	70
6430	4.99	4.99	4.99	0	38
6440	4.99	4.99	4.99	0	52
6450	4.99	4.99	4.99	0	60
6460	4.99	4.99	4.99	0	59
6470	4.99	4.99	4.99	0	59
6480	4.99	4.99	4.99	0	59
6490	4.99	4.99	4.99	0	58
6500	-5	-5	4.97	-13.59	-4330
6510	-5	-5	4.63	-48.69	-1590
6520	-5	-5	4.17	-53.12	-572
6530	-5	-5	3.72	-53.12	-488
6540	-5	-5	3.26	-48.69	-470
6550	-5	-5	2.82	-53.12	-455
6560	-5	-5	2.36	-44.94	-466
6570	-5	-5	1.9	-38.95	-445
6580	-5	-5	1.45	-41.73	-438
6590	-5	-5	0.99	-41.73	-445
6600	-5	-5	0.54	-41.73	-460
6610	-5	-5	0.08	-41.73	-438
6620	-5	-5	-0.37	-44.94	-452
6630	-5	-5	-0.83	-41.73	-467
6640	-5	-5	-1.27	-44.94	-459
6650	-5	-5	-1.73	-44.94	-458
6660	-5	-5	-2.19	-44.94	-441
6670	-5	-5	-2.64	-44.94	-450
6680	-5	-5	-3.1	-41.73	-443
6690	-5	-5	-3.55	-48.69	-441
6700	-5	-5	-4.01	-41.73	-445
6710	-5	-5	-4.46	-48.69	-456
6720	-5	-5	-4.91	-44.94	1628
6730	-5	-5	-5.05	14.61	3748
6740	-5	-5	-4.98	0	-1817
6750	-5	-5	-5.01	0	875
6760	-5	-5	-5	0	-69
6770	-5	-5	-5	0	-91
6780	-5	-5	-5	0	-24
6790	-5	-5	-5	0	5
6800	-5	-5	-5	0	5
6810	-5	-5	-5	0	-7
6820	-5	-5	-5	0	-11
6830	-5	-5	-5	0	-10
6840	-5	-5	-5	0	-3
6850	-5	-5	-5	0	-5
6860	-5	-5	-5	0	-3
6870	-5	-5	-5	0	-5
6880	-5	-5	-5	0	-3
6890	-5	-5	-5	0	-1
6900	-5	-5	-5	0	-3
6910	-5	-5	-5	0	-5
6920	-5	-5	-5	0	-6
6930	-5	-5	-5	0	-5
6940	-5	-5	-5	0	0
6950	-5	-5	-5	0	-2
6960	-5	-5	-5	0	-4
6970	-5	-5	-5	0	-4
6980	-5	-5	-5	0	-5
6990	-5	-5	-5	0	-3
7000	4.99	4.99	-4.98	16.23	4567
7010	4.99	4.99	-4.64	44.94	1926
7020	4.99	4.99	-4.18	53.12	674
7030	4.99	4.99	-3.73	53.12	541
7040	4.99	4.99	-3.27	44.94	527
7050	4.99	4.99	-2.8	41.73	544
7060	4.99	4.99	-2.35	41.73	516
7070	4.99	4.99	-1.89	44.94	561
7080	4.99	4.99	-1.39	44.94	554
7090	4.99	4.99	-0.97	41.73	548
7100	4.99	4.99	-0.5	48.69	553
7110	4.99	4.99	-0.05	53.12	564
7120	4.99	4.99	0.47	44.94	563
7130	4.99	4.99	0.88	41.73	543
7140	4.99	4.99	1.33	44.94	543
7150	4.99	4.99	1.79	44.94	521
7160	4.99	4.99	2.26	44.94	549
7170	4.99	4.99	2.71	44.94	538
7180	4.99	4.99	3.18	53.12	546
7190	4.99	4.99	3.63	48.69	545
7200	4.99	4.99	4.09	53.12	553
7210	4.99	4.99	4.55	44.94	570
7220	4.99	4.99	4.99	29.21	-3690
7230	4.99	4.99	5.01	-15.79	-1593
7240	4.99	4.99	4.98	7.39	815
7250	4.99	4.99	5	-0.09	-664
7260	4.99	4.99	4.99	0	220
7270	4.99	4.99	4.99	0	26
7280	4.99	4.99	4.99	0	14
7290	4.99	4.99	4.99	0	31
7300	4.99	4.99	4.99	0	39
7310	4.99	4.99	4.99	0	137
7320	4.99	4.99	4.99	0	72
7330	4.99	4.99	4.99	0	44
7340	4.99	4.99	4.98	0	574
7350	4.99	4.99	4.99	0	59
7360	4.99	4.99	4.99	0	28
7370	4.99	4.99	4.99	0	17
7380	4.99	4.99	4.99	0	38
7390	4.99	4.99	4.99	0	41
7400	4.99	4.99	4.99	0	42
7410	4.99	4.99	4.99	0	42
7420	4.99	4.99	4.99	0	42
7430	4.99	4.99	4.99	0	43
7440	4.99	4.99	4.99	0	42
7450	4.99	4.99	4.99	0	42
7460	4.99	4.99	4.99	0	42
7470	4.99	4.99	4.99	0	42
7480	4.99	4.99	4.99	0	42
7490	4.99	4.99	4.99	0	42
7500	4.99	4.99	4.99	0	42
7510	-5	-5	4.97	-22.47	-4328
7520	-5	-5	4.63	-44.94	-1595
7530	-5	-5	4.17	-48.69	-563
7540	-5	-5	3.72	-53.12	-484
7550	-5	-5	3.26	-44.94	-461
7560	-5	-5	2.82	-41.73	-461
7570	-5	-5	2.36	-44.94	-454
7580	-5	-5	1.9	-41.73	-447
7590	-5	-5	1.45	-41.73	-435
7600	-5	-5	0.99	-41.73	-434
7610	-5	-5	0.54	-44.94	-440
7620	-5	-5	0.08	-44.94	-442
7630	-5	-5	-0.37	-44.94	-448
7640	-5	-5	-0.83	-48.69	-460
7650	-5	-5	-1.29	-44.94	-463
7660	-5	-5	-1.73	-53.12	-449
7670	-5	-5	-2.19	-44.94	-441
7680	-5	-5	-2.64	-44.94	-447
7690	-5	-5	-3.1	-41.73	-442
7700	-5	-5	-3.55	-48.69	-440
7710	-5	-5	-4.01	-41.73	-441
7720	-5	-5	-4.46	-48.69	-449
7730	-5	-5	-4.91	-44.94	1793
7740	-5	-5	-5.04	14.25	3208
7750	-5	-5	-4.98	-6.64	-1320
7760	-5	-5	-5.01	0.09	673
7770	-5	-5	-5	0	0
7780	-5	-5	-5	0	-62
7790	-5	-5	-5	0	-14
7800	-5	-5	-5	0	4
7810	-5	-5	-5	0	5
7820	-5	-5	-5	0	-5
7830	-5	-5	-5	0	2
7840	-5	-5	-5	0	4
7850	-5	-5	-5	0	0
7860	-5	-5	-5	0	5
7870	-5	-5	-5	0	1
7880	-5	-5	-5	0	1
7890	-5	-5	-5	0	2
7900	-5	-5	-5	0	2
7910	-5	-5	-5	0	2
7920	-5	-5	-5	0	2
7930	-5	-5	-5	0	3
7940	-5	-5	-5	0	2
7950	-5	-5	-5	0	2
7960	-5	-5	-5	0	2
7970	-5	-5	-5	0	2
7980	-5	-5	-5	0	3
7990	-5	-5	-5	0	2
8000	4.99	4.99	-4.98	16.23	4569
8010	4.99	4.99	-4.64	44.94	1938
8020	4.99	4.99	-4.18	48.69	682
8030	4.99	4.99	-3.73	48.69	549
8040	4.99	4.99	-3.27	41.73	537
8050	4.99	4.99	-2.8	44.94	548
8060	4.99	4.99	-2.35	41.73	504
8070	4.99	4.99	-1.88	41.73	533
8080	4.99	4.99	-1.43	48.69	549
8090	4.99	4.99	-0.95	48.69	546
8100	4.99	4.99	-0.5	53.12	540
8110	4.99	4.99	-0.05	53.12	549
8120	4.99	4.99	0.41	48.69	548
8130	4.99	4.99	0.92	53.12	522
8140	4.99	4.99	1.33	44.94	529
8150	4.99	4.99	1.79	44.94	499
8160	4.99	4.99	2.26	44.94	537
8170	4.99	4.99	2.71	44.94	543
8180	4.99	4.99	3.17	48.69	545
8190	4.99	4.99	3.63	48.69	549
8200	4.99	4.99	4.09	53.12	551
8210	4.99	4.99	4.55	44.94	556
8220	4.99	4.99	4.99	29.21	-3784
8230	4.99	4.99	5.01	-15.37	-1607
8240	4.99	4.99	4.98	7.3	825
8250	4.99	4.99	5	0	-528
8260	4.99	4.99	4.99	0	152
8270	4.99	4.99	4.99	0	26
8280	4.99	4.99	4.99	0	10
8290	4.99	4.99	4.99	0	58
8300	4.99	4.99	4.99	0	43
8310	4.99	4.99	4.98	0	562
8320	4.99	4.99	4.99	0	78
8330	4.99	4.99	4.99	0	37
8340	4.99	4.99	4.99	-0.09	188
8350	4.99	4.99	4.99	0	40
8360	4.99	4.99	4.99	0	34
8370	4.99	4.99	4.99	0	20
8380	4.99	4.99	4.99	0	33
8390	4.99	4.99	4.99	0	44
8400	4.99	4.99	4.99	0	42
8410	4.99	4.99	4.99	0	42
8420	4.99	4.99	4.99	0	42
8430	4.99	4.99	4.99	0	42
8440	4.99	4.99	4.99	0	42
8450	4.99	4.99	4.99	0	43
8460	4.99	4.99	4.99	0	42
8470	4.99	4.99	4.99	0	43
8480	4.99	4.99	4.99	0	42
8490	4.99	4.99	4.99	0	42
8500	-5	-5	4.97	-13.59	-4311
8510	-5	-5	4.6	-48.69	-1581
8520	-5	-5	4.16	-53.12	-570
8530	-5	-5	3.7	-53.12	-474
8540	-5	-5	3.25	-48.69	-461
8550	-5	-5	2.79	-53.12	-460
8560	-5	-5	2.34	-44.94	-454
8570	-5	-5	1.88	-38.95	-444
8580	-5	-5	1.43	-41.73	-433
8590	-5	-5	0.99	-41.73	-439
8600	-5	-5	0.54	-41.73	-444
8610	-5	-5	0.08	-38.95	-443
8620	-5	-5	-0.37	-44.94	-458
8630	-5	-5	-0.83	-41.73	-455
8640	-5	-5	-1.29	-41.73	-467
8650	-5	-5	-1.73	-41.73	-460
8660	-5	-5	-2.19	-44.94	-446
8670	-5	-5	-2.64	-44.94	-448
8680	-5	-5	-3.1	-41.73	-437
8690	-5	-5	-3.55	-44.94	-438
8700	-5	-5	-4.01	-41.73	-454
8710	-5	-5	-4.46	-44.94	-453
8720	-5	-5	-4.92	-44.94	1849
8730	-5	-5	-5.04	13.91	3177
8740	-5	-5	-4.98	-6.28	-1283
8750	-5	-5	-5	0	361
8760	-5	-5	-5	0	10
8770	-5	-5	-5	0	-68
8780	-5	-5	-5	0	-21
8790	-5	-5	-5	0	1
8800	-5	-5	-5	0	7
8810	-5	-5	-5	0	-6
8820	-5	-5	-5	0	-1
8830	-5	-5	-5	0	-1
8840	-5	-5	-5	0	0
8850	-5	-5	-5	0	0
8860	-5	-5	-5	0	0
8870	-5	-5	-5	0	0
8880	-5	-5	-5	0	1
8890	-5	-5	-5	0	-1
8900	-5	-5	-5	0	0
8910	-5	-5	-5	0	0
8920	-5	-5	-5	0	0
8930	-5	-5	-5	0	-1
8940	-5	-5	-5	0	-1
8950	-5	-5	-5	0	1
8960	-5	-5	-5	0	-1
8970	-5	-5	-5	0	-1
8980	-5	-5	-5	0	-1
8990	-5	-5	-5	0	1
9000	4.99	4.99	-4.98	16.23	4579
9010	4.99	4.99	-4.64	44.94	1922
9020	4.99	4.99	-4.18	53.12	679
9030	4.99	4.99	-3.73	48.69	547
9040	4.99	4.99	-3.27	44.94	520
9050	4.99	4.99	-2.8	44.94	547
9060	4.99	4.99	-2.35	38.95	536
9070	4.99	4.99	-1.88	41.73	537
9080	4.99	4.99	-1.43	48.69	560
9090	4.99	4.99	-0.97	44.94	540
9100	4.99	4.99	-0.47	53.12	556
9110	4.99	4.99	-0.05	53.12	564
9120	4.99	4.99	0.49	44.94	554
9130	4.99	4.99	0.88	38.95	528
9140	4.99	4.99	1.33	44.94	541
9150	4.99	4.99	1.79	44.94	522
9160	4.99	4.99	2.26	44.94	540
9170	4.99	4.99	2.71	44.94	552
9180	4.99	4.99	3.18	53.12	545
9190	4.99	4.99	3.63	48.69	548
9200	4.99	4.99	4.09	53.12	565
9210	4.99	4.99	4.55	44.94	559
9220	4.99	4.99	4.99	29.21	-3658
9230	4.99	4.99	5.01	-15.37	-1610
9240	4.99	4.99	4.98	7.49	816
9250	4.99	4.99	5	-0.09	-661
9260	4.99	4.99	4.99	0	225
9270	4.99	4.99	4.99	0	22
9280	4.99	4.99	4.99	0	9
9290	4.99	4.99	4.99	0	62
9300	4.99	4.99	4.99	0	41
9310	4.99	4.99	4.99	0	250
9320	4.99	4.99	4.99	0	73
9330	4.99	4.99	4.99	0	35
9340	4.99	4.99	4.99	0	49
9350	4.99	4.99	4.99	0	66
9360	4.99	4.99	4.99	0	36
9370	4.99	4.99	4.99	0	23
9380	4.99	4.99	4.99	0	23
9390	4.99	4.99	4.99	0	39
9400	4.99	4.99	4.99	0	42
9410	4.99	4.99	4.99	0	42
9420	4.99	4.99	4.99	0	42
9430	4.99	4.99	4.99	0	42
9440	4.99	4.99	4.99	0	43
9450	4.99	4.99	4.99	0	42
9460	4.99	4.99	4.99	0	43
9470	4.99	4.99	4.99	0	41
9480	4.99	4.99	4.99	0	43
9490	4.99	4.99	4.99	0	42
9500	4.99	4.99	4.99	0	42
9510	-5	-5	4.97	-13.91	-4333
9520	-5	-5	4.6	-48.69	-1581
9530	-5	-5	4.16	-53.12	-574
9540	-5	-5	3.7	-53.12	-486
9550	-5	-5	3.25	-48.69	-470
9560	-5	-5	2.82	-53.12	-457
9570	-5	-5	2.36	-44.94	-457
9580	-5	-5	1.9	-38.95	-449
9590	-5	-5	1.45	-41.73	-439
9600	-5	-5	0.99	-41.73	-442
9610	-5	-5	0.54	-44.94	-451
9620	-5	-5	0.08	-41.73	-451
9630	-5	-5	-0.37	-44.94	-455
9640	-5	-5	-0.83	-38.95	-463
9650	-5	-5	-1.29	-44.94	-461
9660	-5	-5	-1.73	-44.94	-459
9670	-5	-5	-2.19	-44.94	-439
9680	-5	-5	-2.64	-44.94	-447
9690	-5	-5	-3.1	-41.73	-433
9700	-5	-5	-3.55	-44.94	-438
9710	-5	-5	-4.01	-41.73	-447
9720	-5	-5	-4.46	-44.94	-454
9730	-5	-5	-4.92	-44.94	1842
9740	-5	-5	-5.04	13.91	3167
9750	-5	-5	-4.98	-6.95	-1302
9760	-5	-5	-5.01	0	806
9770	-5	-5	-5	0	-33
9780	-5	-5	-5	0	-86
9790	-5	-5	-5	0	-10
9800	-5	-5	-5	0	8
9810	-5	-5	-5	0	-1
9820	-5	-5	-5	0	-7
9830	-5	-5	-5	0	0
9840	-5	-5	-5	0	-1
9850	-5	-5	-5	0	1
9860	-5	-5	-5	0	0
9870	-5	-5	-5	0	0
9880	-5	-5	-5	0	0
9890	-5	-5	-5	0	0
9900	-5	-5	-5	0	-1
9910	-5	-5	-5	0	0
9920	-5	-5	-5	0	0
9930	-5	-5	-5	0	0
9940	-5	-5	-5	0	0
9950	-5	-5	-5	0	0
9960	-5	-5	-5	0	0
9970	-5	-5	-5	0	0
9980	-5	-5	-5	0	0
9990	-5	-5	-5	0	0
10000	4.99	4.99	-4.98	16.23	4570
