0	0	0	0	0	272
10	4.99	0	0	0	287
20	4.99	0.01	0.01	0.02	770
30	4.99	0.04	0.05	6.56	338
40	4.99	0.08	0.07	2.04	871
50	4.99	0.14	0.15	10.62	213
60	4.99	0.22	0.22	4.99	858
70	4.99	0.32	0.34	12.7	150
80	4.99	0.43	0.43	10.07	967
90	4.99	0.56	0.58	15.37	235
100	4.99	0.71	0.71	13.91	861
110	4.99	0.88	0.9	17.18	369
120	4.99	1.06	1.08	16.23	755
130	4.99	1.26	1.29	22.47	476
140	4.99	1.48	1.5	20.14	627
150	4.99	1.72	1.74	26.56	705
160	4.99	1.97	1.99	24.34	521
170	4.99	2.24	2.27	29.21	740
180	4.99	2.54	2.56	32.46	403
190	4.99	2.82	2.84	27.82	163
200	4.99	3.08	3.11	25.4	216
210	4.99	3.34	3.35	25.4	423
220	4.99	3.58	3.6	20.14	-81
230	4.99	3.8	3.81	20.14	496
240	4.99	4	4.02	18.85	-50
250	4.99	4.18	4.19	15.37	297
260	4.99	4.35	4.36	16.23	58
270	4.99	4.49	4.51	12.17	-71
280	4.99	4.62	4.62	10.43	501
290	4.99	4.73	4.74	11.46	-287
300	4.99	4.81	4.83	8.23	319
310	4.99	4.87	4.88	6.49	21
320	4.99	4.93	4.93	4.46	240
330	4.99	4.97	4.97	3.38	50
340	4.99	4.99	4.99	3.11	403
350	4.99	4.99	4.99	0	-540
360	4.99	4.99	4.99	0	825
370	4.99	4.99	5	-4.3	-998
380	4.99	4.99	4.98	0	1018
390	4.99	4.99	5	0	-1168
400	4.99	4.99	4.98	0	1356
410	4.99	4.99	5	0	-1262
420	4.99	4.99	4.98	4.95	1532
430	4.99	4.99	5	-5.73	-1257
440	4.99	4.99	4.99	5.62	1353
450	4.99	4.99	5	-5.79	-1145
460	4.99	4.99	4.99	5.9	1220
470	4.99	4.99	5	-5.9	-1097
480	4.99	4.99	4.99	5.84	1225
490	4.99	4.99	5	-5.96	-1131
500	4.99	4.99	4.99	5.96	1206
510	4.99	4.99	5	-5.9	-999
520	4.99	4.99	4.99	5.9	1028
530	4.99	4.99	4.99	-5.96	-915
540	4.99	4.99	4.99	8.47	747
550	4.99	4.99	4.99	-6.02	-769
560	4.99	4.99	4.99	8	557
570	4.99	4.99	4.99	-7.79	-346
580	4.99	4.99	5	8.35	301
590	4.99	4.99	4.98	-8	-183
600	4.99	4.99	5	7.79	204
610	4.99	4.99	4.98	-8.11	-100
620	4.99	4.99	5	6.49	-38
630	4.99	4.99	4.98	-6.56	184
640	4.99	4.99	5	6.42	-488
650	4.99	4.99	4.98	-5.96	697
660	4.99	4.99	5.01	6.49	-907
670	4.99	4.99	4.97	-6.35	999
680	4.99	4.99	5.01	5.84	-1163
690	4.99	4.99	4.97	-6.28	1184
700	4.99	4.99	5.01	4.79	-1317
710	4.99	4.99	4.97	-6.15	1289
720	4.99	4.99	5.01	4.46	-1359
730	4.99	4.99	4.97	-4.09	1492
740	4.99	4.99	5.01	3.74	-1503
750	4.99	4.99	4.97	-3.38	1735
760	4.99	4.99	5.01	0	-1565
770	4.99	4.99	4.97	0.09	1665
780	4.99	4.99	4.99	-5.73	-861
790	4.99	4.99	4.99	5.9	944
800	4.99	4.99	5	-5.84	-784
810	4.99	4.99	4.98	0	1478
820	4.99	4.99	5	-5.73	-1321
830	4.99	4.99	4.98	5.96	1185
840	4.99	4.99	4.99	-5.73	-973
850	4.99	4.99	4.99	5.79	756
860	4.99	4.99	4.99	-5.84	-810
870	4.99	4.99	4.99	8	604
880	4.99	4.99	4.98	-8.23	-304
890	4.99	4.99	5	8	209
900	4.99	4.99	4.98	-7.69	-90
910	4.99	4.99	5	6.22	-127
920	4.99	4.99	4.98	-6.56	436
930	4.99	4.99	5.01	6.15	-662
940	4.99	4.99	4.97	-6.42	924
950	4.99	4.99	5.01	6.42	-1076
960	4.99	4.99	4.97	-6.49	1143
970	4.99	4.99	5.01	5.46	-1250
980	4.99	4.99	4.97	-4.3	1425
990	4.99	4.99	5.01	4.03	-1429
1000	-5	4.99	4.97	-3.5	1601
1010	-5	4.98	5.01	0	-2129
1020	-5	4.95	4.93	-4.09	1590
1030	-5	4.91	4.93	-4.53	-1628
1040	-5	4.85	4.83	-9.42	991
1050	-5	4.77	4.79	-7.3	-1854
1060	-5	4.67	4.65	-11.24	769
1070	-5	4.56	4.58	-10.43	-1745
1080	-5	4.43	4.41	-13.91	432
1090	-5	4.29	4.29	-15.37	-1476
1100	-5	4.11	4.09	-19.48	-87
1110	-5	3.93	3.91	-16.23	-742
1120	-5	3.72	3.7	-26.56	-450
1130	-5	3.49	3.48	-20.86	-493
1140	-5	3.25	3.24	-26.56	-710
1150	-5	2.99	2.97	-27.82	-264
1160	-5	2.71	2.7	-27.82	-896
1170	-5	2.42	2.4	-30.75	-175
1180	-5	2.1	2.09	-34.37	-855
1190	-5	1.78	1.75	-41.73	-409
1200	-5	1.44	1.41	-30.75	-599
1210	-5	1.06	1.04	-36.52	-604
1220	-5	0.7	0.67	-32.46	-214
1230	-5	0.33	0.3	-41.73	-624
1240	-5	-0.04	-0.07	-30.75	-216
1250	-5	-0.41	-0.43	-38.95	-809
1260	-5	-0.78	-0.82	-36.52	211
1270	-5	-1.16	-1.18	-34.37	-928
1280	-5	-1.57	-1.6	-34.37	174
1290	-5	-1.86	-1.9	-34.37	-657
1300	-5	-2.2	-2.23	-34.37	268
1310	-5	-2.51	-2.54	-32.46	-573
1320	-5	-2.76	-2.78	-30.75	-203
1330	-5	-3.03	-3.06	-23.37	59
1340	-5	-3.28	-3.31	-21.64	-468
1350	-5	-3.53	-3.55	-22.47	85
1360	-5	-3.74	-3.76	-19.48	-203
1370	-5	-3.95	-3.96	-18.85	-72
1380	-5	-4.12	-4.15	-14.61	-145
1390	-5	-4.3	-4.31	-14.98	-262
1400	-5	-4.45	-4.46	-12.98	187
1410	-5	-4.58	-4.58	-14.25	-355
1420	-5	-4.69	-4.7	-10.07	62
1430	-5	-4.78	-4.79	-8.23	-429
1440	-5	-4.87	-4.87	-7.21	261
1450	-5	-4.93	-4.93	-5.96	-223
1460	-5	-4.98	-4.98	-4.06	71
1470	-5	-5	-5	-2.03	-223
1480	-5	-5.01	-5.01	0.09	45
1490	-5	-5	-5.01	0	298
1500	-5	-5	-4.99	2.61	-546
1510	-5	-5	-5.01	-2.16	658
1520	-5	-5	-4.99	2.67	-821
1530	-5	-5	-5.02	-3.92	910
1540	-5	-5	-4.99	3.67	-797
1550	-5	-5	-5	-5.41	-401
1560	-5	-5	-5	4.03	683
1570	-5	-5	-5	0	-784
1580	-5	-5	-5.01	4.87	1325
1590	-5	-5	-4.99	-4.64	-1470
1600	-5	-5	-5.01	0	1476
1610	-5	-5	-4.99	0	-1611
1620	-5	-5	-5.02	0	1434
1630	-5	-5	-4.99	0	-1701
1640	-5	-5	-5.02	0	1575
1650	-5	-5	-4.99	0	-1678
1660	-5	-5	-5.02	0	1573
1670	-5	-5	-4.98	0	-1697
1680	-5	-5	-5.02	0	1653
1690	-5	-5	-4.98	-0.09	-1682
1700	-5	-5	-5.02	0	1613
1710	-5	-5	-4.98	3.48	-1678
1720	-5	-5	-5.02	0	1591
1730	-5	-5	-4.98	3.92	-1546
1740	-5	-5	-5.02	0	1581
1750	-5	-5	-4.98	4.06	-1495
1760	-5	-5	-5.02	0	1549
1770	-5	-5	-4.98	4.64	-1441
1780	-5	-5	-5.02	-3.74	1493
1790	-5	-5	-4.98	0	-1577
1800	-5	-5	-5.02	0	1580
1810	-5	-5	-4.98	0	-1678
1820	-5	-5	-5.02	0	1701
1830	-5	-5	-4.98	3.87	-1565
1840	-5	-5	-5.02	0	1607
1850	-5	-5	-4.98	5.36	-1140
1860	-5	-5	-5.02	-6.42	1000
1870	-5	-5	-4.98	5.84	-866
1880	-5	-5	-5.02	-6.88	884
1890	-5	-5	-4.99	5.62	-704
1900	-5	-5	-5.02	-6.72	766
1910	-5	-5	-4.98	6.09	-1075
1920	-5	-5	-5.01	-6.79	428
1930	-5	-5	-4.99	5.79	-307
1940	-5	-5	-5.01	-6.72	311
1950	-5	-5	-4.99	5.62	-227
1960	-5	-5	-5.01	-6.79	292
1970	-5	-5	-4.99	6.28	-165
1980	-5	-5	-5.01	-6.79	267
1990	-5	-5	-4.99	6.28	-163
2000	4.99	-5	-5.01	-6.95	185
2010	4.99	-4.99	-4.99	7.69	414
2020	4.99	-4.97	-4.97	-3.67	-309
2030	4.99	-4.92	-4.92	11.92	943
2040	4.99	-4.86	-4.86	0	-127
2050	4.99	-4.78	-4.79	15.37	1433
2060	4.99	-4.69	-4.67	6.79	-442
2070	4.99	-4.57	-4.58	18.26	1498
2080	4.99	-4.44	-4.43	11.68	-213
2090	4.99	-4.3	-4.3	15.37	1312
2100	4.99	-4.12	-4.11	17.71	152
2110	4.99	-3.94	-3.93	20.86	725
2120	4.99	-3.73	-3.73	24.34	430
2130	4.99	-3.51	-3.51	23.37	721
2140	4.99	-3.26	-3.25	23.37	587
2150	4.99	-3	-2.99	30.75	506
2160	4.99	-2.72	-2.72	25.4	813
2170	4.99	-2.43	-2.42	30.75	436
2180	4.99	-2.11	-2.11	30.75	753
2190	4.99	-1.79	-1.76	41.73	663
2200	4.99	-1.45	-1.41	36.52	526
2210	4.99	-1.08	-1.05	41.73	976
2220	4.99	-0.71	-0.69	41.73	52
2230	4.99	-0.34	-0.32	34.37	912
2240	4.99	0.02	0.06	36.52	176
2250	4.99	0.4	0.41	36.52	819
2260	4.99	0.77	0.79	32.46	216
2270	4.99	1.15	1.16	36.52	514
2280	4.99	1.5	1.52	36.52	192
2290	4.99	1.87	1.9	30.75	419
2300	4.99	2.17	2.22	27.82	-15
2310	4.99	2.49	2.51	30.75	515
2320	4.99	2.77	2.79	29.21	270
2330	4.99	3.05	3.07	22.47	34
2340	4.99	3.27	3.28	24.34	475
2350	4.99	3.52	3.54	20.86	4
2360	4.99	3.73	3.74	20.86	376
2370	4.99	3.94	3.95	19.48	22
2380	4.99	4.11	4.12	15.37	215
2390	4.99	4.29	4.29	15.79	252
2400	4.99	4.44	4.45	13.59	-60
2410	4.99	4.57	4.57	12.7	291
2420	4.99	4.67	4.67	10.07	181
2430	4.99	4.77	4.78	10.07	296
2440	4.99	4.86	4.86	7.21	23
2450	4.99	4.92	4.92	5.73	109
2460	4.99	4.97	4.97	4	11
2470	4.99	4.99	5	3.44	151
2480	4.99	5	5	0	-119
2490	4.99	4.99	5	0	-306
2500	4.99	4.99	4.98	-2.98	494
2510	4.99	4.99	5	3.48	-349
2520	4.99	4.99	4.98	-4.87	379
2530	4.99	4.99	5	4.71	-92
2540	4.99	4.99	4.98	-6.42	468
2550	4.99	4.99	5	5.51	-228
2560	4.99	4.99	4.98	-5.41	493
2570	4.99	4.99	5.01	6.22	-638
2580	4.99	4.99	4.97	-6.49	824
2590	4.99	4.99	5.01	6.88	-1020
2600	4.99	4.99	4.98	-6.35	701
2610	4.99	4.99	5.01	6.64	-927
2620	4.99	4.99	4.97	-6.28	912
2630	4.99	4.99	5.01	6.49	-1044
2640	4.99	4.99	4.97	-6.02	1157
2650	4.99	4.99	5.01	4.71	-1306
2660	4.99	4.99	4.97	-6.28	1115
2670	4.99	4.99	5.01	5.46	-1212
2680	4.99	4.99	4.97	-6.09	1253
2690	4.99	4.99	5.01	4.67	-1364
2700	4.99	4.99	4.97	-5.41	1457
2710	4.99	4.99	5.01	3.67	-1506
2720	4.99	4.99	4.97	-5.08	1485
2730	4.99	4.99	5.01	3.7	-1501
2740	4.99	4.99	4.97	-4.57	1534
2750	4.99	4.99	5.01	3.77	-1475
2760	4.99	4.99	4.97	0	1646
2770	4.99	4.99	5.01	3.14	-1599
2780	4.99	4.99	4.97	0	1679
2790	4.99	4.99	5	0	-1396
2800	4.99	4.99	4.98	0	1571
2810	4.99	4.99	5.01	0	-1531
2820	4.99	4.99	4.98	0	1615
2830	4.99	4.99	5	0	-1499
2840	4.99	4.99	4.98	0	1498
2850	4.99	4.99	5	0	-1396
2860	4.99	4.99	4.98	5.96	1326
2870	4.99	4.99	5	-5.67	-1165
2880	4.99	4.99	4.99	5.9	1064
2890	4.99	4.99	4.99	-5.67	-855
2900	4.99	4.99	4.99	7.89	727
2910	4.99	4.99	4.99	-8.23	-522
2920	4.99	4.99	5	5.96	-601
2930	4.99	4.99	4.98	-6.56	86
2940	4.99	4.99	5	6.22	-83
2950	4.99	4.99	4.98	-6.88	304
2960	4.99	4.99	5	5.96	-602
2970	4.99	4.99	4.97	-6.49	905
2980	4.99	4.99	5.01	6.42	-1078
2990	4.99	4.99	4.97	-6.28	1208
3000	-5	4.99	5.01	4.87	-1329
3010	-5	4.98	4.97	-4.64	824
3020	-5	4.95	4.97	-0.94	-800
3030	-5	4.91	4.91	-6.09	-48
3040	-5	4.85	4.86	-5.62	-742
3050	-5	4.77	4.77	-9.74	-379
3060	-5	4.67	4.67	-12.43	-468
3070	-5	4.56	4.57	-12.7	-621
3080	-5	4.43	4.43	-16.23	-303
3090	-5	4.29	4.29	-16.23	-784
3100	-5	4.11	4.11	-18.85	-493
3110	-5	3.93	3.91	-17.71	-421
3120	-5	3.72	3.72	-21.64	-709
3130	-5	3.49	3.48	-26.56	-340
3140	-5	3.25	3.25	-26.56	-689
3150	-5	2.99	2.98	-26.56	-340
3160	-5	2.71	2.71	-25.4	-754
3170	-5	2.42	2.41	-32.46	-420
3180	-5	2.1	2.1	-29.21	-609
3190	-5	1.79	1.76	-36.52	-582
3200	-5	1.44	1.43	-34.37	-375
3210	-5	1.06	1.05	-36.52	-804
3220	-5	0.71	0.68	-32.46	113
3230	-5	0.34	0.32	-41.73	-816
3240	-5	-0.02	-0.06	-34.37	-4
3250	-5	-0.4	-0.42	-36.52	-931
3260	-5	-0.77	-0.81	-36.52	54
3270	-5	-1.15	-1.17	-34.37	-557
3280	-5	-1.5	-1.53	-36.52	49
3290	-5	-1.87	-1.9	-32.46	-663
3300	-5	-2.2	-2.24	-27.82	115
3310	-5	-2.5	-2.54	-26.56	-391
3320	-5	-2.77	-2.79	-30.75	-217
3330	-5	-3.03	-3.06	-25.4	52
3340	-5	-3.28	-3.31	-22.47	-340
3350	-5	-3.54	-3.55	-22.47	22
3360	-5	-3.74	-3.76	-20.14	-212
3370	-5	-3.95	-3.97	-18.26	-33
3380	-5	-4.14	-4.15	-14.61	-70
3390	-5	-4.3	-4.32	-15.79	-59
3400	-5	-4.45	-4.46	-12.17	-58
3410	-5	-4.58	-4.59	-12.17	-206
3420	-5	-4.7	-4.71	-9.74	56
3430	-5	-4.79	-4.8	-9.58	-100
3440	-5	-4.87	-4.88	-5.04	-46
3450	-5	-4.94	-4.94	-7.04	-92
3460	-5	-4.98	-4.99	-2.23	-9
3470	-5	-5.01	-5.01	-5.51	-569
3480	-5	-5.02	-5.02	0	682
3490	-5	-5.01	-5.01	0	-275
3500	-5	-5	-5	3.87	694
3510	-5	-5	-5	-5.51	-665
3520	-5	-5	-5	4.99	939
3530	-5	-5	-5	-3.87	-1006
3540	-5	-5	-5	5.46	1182
3550	-5	-5	-5	-5.12	-1224
3560	-5	-5	-5.01	6.22	1219
3570	-5	-5	-5	-4.99	-1321
3580	-5	-5	-5.01	0	1292
3590	-5	-5	-4.99	0	-1441
3600	-5	-5	-5.01	0	1439
3610	-5	-5	-4.99	0	-1600
3620	-5	-5	-5.01	0	1500
3630	-5	-5	-4.99	0	-1634
3640	-5	-5	-5.02	0.09	1532
3650	-5	-5	-4.99	0	-1722
3660	-5	-5	-5.02	0	1635
3670	-5	-5	-4.99	0	-1700
3680	-5	-5	-5.02	0	1651
3690	-5	-5	-4.98	-0.09	-1693
3700	-5	-5	-5.02	0	1672
3710	-5	-5	-4.98	2.87	-1676
3720	-5	-5	-5.02	0	1662
3730	-5	-5	-4.98	3.46	-1653
3740	-5	-5	-5.02	0	1668
3750	-5	-5	-4.98	3.54	-1625
3760	-5	-5	-5.02	0	1619
3770	-5	-5	-4.98	4.5	-1529
3780	-5	-5	-5.02	-3.72	1580
3790	-5	-5	-4.98	3.11	-1646
3800	-5	-5	-5.02	0	1767
3810	-5	-5	-4.98	5.08	-1506
3820	-5	-5	-5.02	0	1748
3830	-5	-5	-4.98	0	-1632
3840	-5	-5	-5.02	-4.75	1472
3850	-5	-5	-4.98	5.79	-1309
3860	-5	-5	-5.02	-5.17	1348
3870	-5	-5	-4.98	5.46	-1023
3880	-5	-5	-5.02	-6.95	1154
3890	-5	-5	-4.98	5.84	-966
3900	-5	-5	-5.02	-7.04	977
3910	-5	-5	-4.99	5.73	-787
3920	-5	-5	-5.02	-6.79	864
3930	-5	-5	-4.99	5.67	-940
3940	-5	-5	-5.02	-5.36	1352
3950	-5	-5	-4.99	5.46	-433
3960	-5	-5	-5.01	-6.88	565
3970	-5	-5	-4.99	5.62	-424
3980	-5	-5	-5.01	-6.49	480
3990	-5	-5	-4.99	5.73	-391
4000	4.99	-5	-5.01	-6.72	346
4010	4.99	-4.99	-4.98	7.79	292
4020	4.99	-4.97	-4.98	-3.89	8
4030	4.99	-4.92	-4.92	12.17	662
4040	4.99	-4.86	-4.86	0	103
4050	4.99	-4.78	-4.78	12.98	1024
4060	4.99	-4.69	-4.67	7.69	-154
4070	4.99	-4.57	-4.58	17.71	1301
4080	4.99	-4.44	-4.43	11.46	-222
4090	4.99	-4.29	-4.3	14.98	1311
4100	4.99	-4.12	-4.1	17.18	-4
4110	4.99	-3.94	-3.94	17.18	1022
4120	4.99	-3.73	-3.73	21.64	315
4130	4.99	-3.51	-3.49	23.37	860
4140	4.99	-3.26	-3.25	29.21	477
4150	4.99	-3	-2.99	26.56	535
4160	4.99	-2.72	-2.72	29.21	902
4170	4.99	-2.43	-2.42	32.46	256
4180	4.99	-2.11	-2.1	32.46	905
4190	4.99	-1.79	-1.76	30.75	429
4200	4.99	-1.44	-1.44	30.75	837
4210	4.99	-1.08	-1.06	38.95	428
4220	4.99	-0.71	-0.68	34.37	412
4230	4.99	-0.34	-0.32	34.37	715
4240	4.99	0.04	0.06	32.46	325
4250	4.99	0.41	0.43	38.95	524
4260	4.99	0.77	0.79	32.46	436
4270	4.99	1.15	1.16	32.46	511
4280	4.99	1.5	1.52	34.37	-13
4290	4.99	1.83	1.85	30.75	617
4300	4.99	2.17	2.22	27.82	-38
4310	4.99	2.49	2.52	32.46	430
4320	4.99	2.79	2.82	27.82	269
4330	4.99	3.04	3.1	25.4	-88
4340	4.99	3.31	3.34	21.64	530
4350	4.99	3.56	3.6	20.86	45
4360	4.99	3.76	3.8	20.86	286
4370	4.99	3.98	4	18.26	10
4380	4.99	4.16	4.17	16.23	456
4390	4.99	4.3	4.31	14.98	-44
4400	4.99	4.45	4.45	11.68	230
4410	4.99	4.58	4.59	12.7	133
4420	4.99	4.7	4.7	8.72	150
4430	4.99	4.78	4.79	8.85	67
4440	4.99	4.85	4.85	5.08	186
4450	4.99	4.91	4.91	5.51	389
4460	4.99	4.95	4.95	3.84	-41
4470	4.99	4.98	4.98	1.83	369
4480	4.99	4.99	4.99	0	-63
4490	4.99	4.99	4.99	0	41
4500	4.99	4.99	4.99	0	145
4510	4.99	4.99	5	-0.09	-306
4520	4.99	4.99	4.99	0	-25
4530	4.99	4.99	4.99	0.09	23
4540	4.99	4.99	4.99	0	-58
4550	4.99	4.99	4.99	0	44
4560	4.99	4.99	5	0	-156
4570	4.99	4.99	4.99	0	-53
4580	4.99	4.99	4.99	0	10
4590	4.99	4.99	4.99	0	100
4600	4.99	4.99	5	0	-359
4610	4.99	4.99	4.99	0	-14
4620	4.99	4.99	4.99	0	32
4630	4.99	4.99	4.99	0	81
4640	4.99	4.99	5	-0.09	-361
4650	4.99	4.99	4.99	0	-15
4660	4.99	4.99	4.99	0	-4
4670	4.99	4.99	4.99	0	63
4680	4.99	4.99	4.99	0	51
4690	4.99	4.99	4.99	0	-218
4700	4.99	4.99	4.99	0	-10
4710	4.99	4.99	4.99	0	175
4720	4.99	4.99	4.99	0	89
4730	4.99	4.99	4.99	0	-108
4740	4.99	4.99	4.98	-1	533
4750	4.99	4.99	5	1.61	-319
4760	4.99	4.99	4.98	-2.26	415
4770	4.99	4.99	5	3.52	-276
4780	4.99	4.99	4.98	-4.6	319
4790	4.99	4.99	5	4.75	-243
4800	4.99	4.99	4.99	-4.6	-233
4810	4.99	4.99	4.98	0	792
4820	4.99	4.99	5	0	-981
4830	4.99	4.99	4.98	0	1026
4840	4.99	4.99	5	0	-1102
4850	4.99	4.99	4.98	0	932
4860	4.99	4.99	5	0	-858
4870	4.99	4.99	4.98	-2.92	755
4880	4.99	4.99	5	3.84	-450
4890	4.99	4.99	4.98	-4.6	-70
4900	4.99	4.99	4.99	0	559
4910	4.99	4.99	5	-0.09	-783
4920	4.99	4.99	4.98	0	885
4930	4.99	4.99	5	0	-887
4940	4.99	4.99	4.98	-2.65	802
4950	4.99	4.99	5	2.5	-749
4960	4.99	4.99	4.98	-4.67	226
4970	4.99	4.99	4.99	4.5	397
4980	4.99	4.99	4.99	0	-549
4990	4.99	4.99	4.98	0	875
5000	-5	4.99	5	0	-827
5010	-5	4.98	4.97	-3.77	606
5020	-5	4.95	4.97	0	-1331
5030	-5	4.91	4.9	-5.17	708
5040	-5	4.85	4.86	-7.59	-1335
5050	-5	4.77	4.76	-9.58	295
5060	-5	4.67	4.67	-13.91	-940
5070	-5	4.56	4.56	-12.17	-245
5080	-5	4.43	4.43	-15.79	-642
5090	-5	4.29	4.28	-14.98	-546
5100	-5	4.11	4.1	-18.26	-679
5110	-5	3.93	3.91	-22.47	-342
5120	-5	3.72	3.7	-18.85	-785
5130	-5	3.49	3.47	-22.47	-280
5140	-5	3.25	3.24	-24.34	-616
5150	-5	2.99	2.97	-29.21	-429
5160	-5	2.71	2.7	-26.56	-740
5170	-5	2.42	2.4	-34.37	-456
5180	-5	2.1	2.09	-29.21	-627
5190	-5	1.78	1.75	-36.52	-564
5200	-5	1.44	1.4	-34.37	-361
5210	-5	1.06	1.04	-38.95	-691
5220	-5	0.7	0.67	-32.46	-135
5230	-5	0.33	0.3	-41.73	-586
5240	-5	-0.04	-0.07	-34.37	-132
5250	-5	-0.41	-0.43	-44.94	-930
5260	-5	-0.78	-0.83	-38.95	300
5270	-5	-1.16	-1.18	-36.52	-916
5280	-5	-1.51	-1.55	-30.75	445
5290	-5	-1.87	-1.9	-38.95	-846
5300	-5	-2.21	-2.24	-27.82	288
5310	-5	-2.5	-2.52	-34.37	-525
5320	-5	-2.79	-2.83	-26.56	-98
5330	-5	-3.08	-3.11	-29.21	-139
5340	-5	-3.3	-3.33	-22.47	-253
5350	-5	-3.54	-3.55	-22.47	4
5360	-5	-3.75	-3.77	-20.86	-239
5370	-5	-3.95	-3.97	-18.85	86
5380	-5	-4.14	-4.15	-14.98	-359
5390	-5	-4.31	-4.34	-16.23	84
5400	-5	-4.46	-4.48	-12.43	-192
5410	-5	-4.58	-4.59	-11.92	-45
5420	-5	-4.7	-4.71	-9.74	-196
5430	-5	-4.79	-4.8	-9.27	28
5440	-5	-4.87	-4.88	-4.95	-109
5450	-5	-4.94	-4.95	-7.12	67
5460	-5	-4.98	-4.98	-1.88	-254
5470	-5	-5.01	-5.01	-5.51	-195
5480	-5	-5.02	-5.01	3.44	227
5490	-5	-5.01	-5.02	0	31
5500	-5	-5	-5	4.57	525
5510	-5	-5	-5	0	-788
5520	-5	-5	-5.01	0	1331
5530	-5	-5	-4.99	0	-1389
5540	-5	-5	-5.01	0	1612
5550	-5	-5	-4.99	0	-1577
5560	-5	-5	-5.02	0.09	1498
5570	-5	-5	-4.99	0	-1670
5580	-5	-5	-5.02	0	1610
5590	-5	-5	-4.98	-0.09	-1746
5600	-5	-5	-5.02	0	1652
5610	-5	-5	-4.98	-0.09	-1696
5620	-5	-5	-5.02	0	1630
5630	-5	-5	-4.98	3.54	-1658
5640	-5	-5	-5.02	0	1650
5650	-5	-5	-4.98	3.56	-1671
5660	-5	-5	-5.02	0	1601
5670	-5	-5	-4.98	4.5	-1654
5680	-5	-5	-5.02	0	1596
5690	-5	-5	-4.98	4.36	-1568
5700	-5	-5	-5.02	-3.48	1601
5710	-5	-5	-4.98	4.39	-1537
5720	-5	-5	-5.02	-3.63	1606
5730	-5	-5	-4.98	4.5	-1507
5740	-5	-5	-5.02	-3.95	1556
5750	-5	-5	-4.98	5.36	-1339
5760	-5	-5	-5.02	-4.95	1397
5770	-5	-5	-4.98	5.62	-1266
5780	-5	-5	-5.02	-5.12	1313
5790	-5	-5	-4.98	4.5	-1514
5800	-5	-5	-5.02	-4.11	1623
5810	-5	-5	-4.98	5.79	-973
5820	-5	-5	-5.02	-7.21	718
5830	-5	-5	-4.99	5.67	-302
5840	-5	-5	-5.01	-6.88	302
5850	-5	-5	-4.99	6.42	-90
5860	-5	-5	-5.01	-7.89	-21
5870	-5	-5	-4.99	8	8
5880	-5	-5	-5.01	-8.11	188
5890	-5	-5	-4.99	8.23	-12
5900	-5	-5	-5.01	-7.49	-93
5910	-5	-5	-4.99	8.59	125
5920	-5	-5	-5.01	-8.72	-320
5930	-5	-5	-5	8.47	355
5940	-5	-5	-5.01	-8.85	-359
5950	-5	-5	-5	8.59	388
5960	-5	-5	-5	-8.72	-446
5970	-5	-5	-5	8.47	585
5980	-5	-5	-5	-8.47	-675
5990	-5	-5	-5	8.23	673
6000	4.99	-5	-5	-8.47	-694
6010	4.99	-4.99	-5	10.07	1277
6020	4.99	-4.97	-4.95	0	-655
6030	4.99	-4.92	-4.93	8.47	1574
6040	4.99	-4.86	-4.85	0	-850
6050	4.99	-4.79	-4.79	14.25	1496
6060	4.99	-4.69	-4.67	8.59	-491
6070	4.99	-4.58	-4.59	16.69	1513
6080	4.99	-4.44	-4.43	12.43	-226
6090	4.99	-4.3	-4.3	18.26	1325
6100	4.99	-4.14	-4.11	18.26	252
6110	4.99	-3.94	-3.94	20.14	671
6120	4.99	-3.74	-3.73	20.86	458
6130	4.99	-3.52	-3.51	24.34	721
6140	4.99	-3.27	-3.26	27.82	528
6150	4.99	-3.01	-2.99	26.56	518
6160	4.99	-2.73	-2.72	27.82	774
6170	4.99	-2.44	-2.42	34.37	324
6180	4.99	-2.14	-2.11	30.75	802
6190	4.99	-1.8	-1.78	32.46	578
6200	4.99	-1.46	-1.44	34.37	617
6210	4.99	-1.09	-1.06	41.73	886
6220	4.99	-0.72	-0.69	34.37	-22
6230	4.99	-0.35	-0.33	44.94	861
6240	4.99	0.01	0.05	30.75	173
6250	4.99	0.39	0.41	38.95	891
6260	4.99	0.76	0.79	41.73	-129
6270	4.99	1.13	1.16	41.73	915
6280	4.99	1.48	1.52	34.37	-267
6290	4.99	1.87	1.89	34.37	729
6300	4.99	2.16	2.23	32.46	-30
6310	4.99	2.49	2.52	30.75	427
6320	4.99	2.79	2.82	26.56	237
6330	4.99	3.03	3.05	30.75	-24
6340	4.99	3.27	3.3	27.82	457
6350	4.99	3.52	3.54	22.47	82
6360	4.99	3.73	3.75	18.85	339
6370	4.99	3.94	3.96	20.14	-28
6380	4.99	4.12	4.14	16.23	200
6390	4.99	4.29	4.31	15.79	108
6400	4.99	4.44	4.45	11.68	122
6410	4.99	4.57	4.58	12.98	164
6420	4.99	4.69	4.7	8.47	261
6430	4.99	4.78	4.79	9.42	24
6440	4.99	4.86	4.87	5.73	145
6450	4.99	4.93	4.93	7.04	41
6460	4.99	4.97	4.98	2.28	82
6470	4.99	5	5	4.17	92
6480	4.99	5.01	5.01	0	-210
6490	4.99	5	5	0	-362
6500	4.99	4.99	4.98	-3.04	556
6510	4.99	4.99	5	3.77	-231
6520	4.99	4.99	4.98	-4.75	603
6530	4.99	4.99	5	4.57	-471
6540	4.99	4.99	4.98	-5.12	468
6550	4.99	4.99	5.01	6.02	-870
6560	4.99	4.99	4.97	-6.35	1122
6570	4.99	4.99	5.01	5.22	-1224
6580	4.99	4.99	4.97	-5.67	1038
6590	4.99	4.99	5.01	4.83	-1125
6600	4.99	4.99	4.97	-5.41	1306
6610	4.99	4.99	5.01	4.46	-1295
6620	4.99	4.99	4.97	-4.53	1582
6630	4.99	4.99	5.01	3.46	-1524
6640	4.99	4.99	4.97	-4.43	1603
6650	4.99	4.99	5.01	3.38	-1535
6660	4.99	4.99	4.97	-3.97	1660
6670	4.99	4.99	5.01	3.26	-1536
6680	4.99	4.99	4.97	-3.32	1763
6690	4.99	4.99	5.01	0	-1629
6700	4.99	4.99	4.97	-3.44	1784
6710	4.99	4.99	5.01	0	-1586
6720	4.99	4.99	4.97	-3.58	1781
6730	4.99	4.99	5.01	0	-1590
6740	4.99	4.99	4.97	-3.11	1785
6750	4.99	4.99	5.01	0	-1651
6760	4.99	4.99	4.97	0	1773
6770	4.99	4.99	5.01	0	-1653
6780	4.99	4.99	4.97	0.09	1723
6790	4.99	4.99	5.01	-0.09	-1523
6800	4.99	4.99	4.98	0	1347
6810	4.99	4.99	5	-5.9	-1181
6820	4.99	4.99	4.98	5.79	1331
6830	4.99	4.99	5	-6.15	-1188
6840	4.99	4.99	4.98	6.22	1099
6850	4.99	4.99	4.99	-5.84	-860
6860	4.99	4.99	4.99	5.96	473
6870	4.99	4.99	4.99	-8	-660
6880	4.99	4.99	4.99	8	150
6890	4.99	4.99	4.98	-8.23	-159
6900	4.99	4.99	4.99	8.11	821
6910	4.99	4.99	4.99	-8.11	-624
6920	4.99	4.99	4.99	8	438
6930	4.99	4.99	4.98	-8.23	-229
6940	4.99	4.99	5	8.11	183
6950	4.99	4.99	4.98	-7.49	-71
6960	4.99	4.99	5	6.35	-141
6970	4.99	4.99	4.97	-6.35	1081
6980	4.99	4.99	5	6.09	-304
6990	4.99	4.99	4.97	-6.42	650
7000	-5	4.99	5.01	6.15	-815
7010	-5	4.98	4.97	-5.41	559
7020	-5	4.95	4.97	0	-544
7030	-5	4.91	4.91	-9.74	-178
7040	-5	4.85	4.86	-2.58	-590
7050	-5	4.78	4.77	-12.7	-509
7060	-5	4.67	4.67	-6.72	-276
7070	-5	4.57	4.57	-14.98	-824
7080	-5	4.43	4.43	-14.98	-205
7090	-5	4.29	4.29	-17.18	-848
7100	-5	4.12	4.11	-16.69	-360
7110	-5	3.93	3.91	-18.26	-586
7120	-5	3.73	3.72	-20.14	-519
7130	-5	3.51	3.48	-26.56	-443
7140	-5	3.26	3.25	-25.4	-665
7150	-5	3	2.98	-26.56	-418
7160	-5	2.72	2.71	-25.4	-721
7170	-5	2.43	2.41	-32.46	-461
7180	-5	2.13	2.1	-29.21	-542
7190	-5	1.79	1.76	-36.52	-637
7200	-5	1.45	1.43	-32.46	-328
7210	-5	1.08	1.05	-36.52	-838
7220	-5	0.71	0.68	-30.75	179
7230	-5	0.34	0.32	-41.73	-912
7240	-5	-0.02	-0.06	-34.37	125
7250	-5	-0.4	-0.42	-44.94	-1032
7260	-5	-0.77	-0.81	-36.52	123
7270	-5	-1.15	-1.17	-41.73	-709
7280	-5	-1.5	-1.53	-34.37	217
7290	-5	-1.83	-1.86	-32.46	-644
7300	-5	-2.2	-2.23	-32.46	277
7310	-5	-2.49	-2.52	-26.56	-487
7320	-5	-2.79	-2.82	-26.56	-155
7330	-5	-3.04	-3.06	-24.34	-17
7340	-5	-3.28	-3.31	-27.82	-260
7350	-5	-3.53	-3.55	-23.37	-100
7360	-5	-3.74	-3.76	-18.26	-86
7370	-5	-3.95	-3.97	-20.86	-218
7380	-5	-4.14	-4.16	-17.18	-26
7390	-5	-4.3	-4.31	-17.18	-409
7400	-5	-4.45	-4.48	-11.92	282
7410	-5	-4.58	-4.59	-12.7	-411
7420	-5	-4.69	-4.71	-9.74	208
7430	-5	-4.79	-4.8	-9.9	-321
7440	-5	-4.87	-4.88	-5.67	245
7450	-5	-4.94	-4.94	-7.39	-335
7460	-5	-4.98	-4.99	-3.38	409
7470	-5	-5.01	-5	-0.95	-1269
7480	-5	-5.02	-5.02	0	866
7490	-5	-5.01	-5.01	0	-686
7500	-5	-5	-5.01	0	1179
7510	-5	-5	-4.99	0	-1090
7520	-5	-5	-5.02	-3.11	1531
7530	-5	-5	-4.99	0	-1230
7540	-5	-5	-5.02	-4.36	860
7550	-5	-5	-4.99	4.26	-545
7560	-5	-5	-5.02	-6.42	876
7570	-5	-5	-4.99	5.04	-613
7580	-5	-5	-5.02	-7.12	827
7590	-5	-5	-4.99	5.79	-401
7600	-5	-5	-5.02	-7.12	558
7610	-5	-5	-4.99	6.88	-227
7620	-5	-5	-5.01	-6.95	207
7630	-5	-5	-4.99	8.23	-83
7640	-5	-5	-5.01	-7.3	-55
7650	-5	-5	-4.99	8.11	37
7660	-5	-5	-5.01	-8.35	-266
7670	-5	-5	-5	8.11	461
7680	-5	-5	-5	-8.72	-533
7690	-5	-5	-5	6.28	741
7700	-5	-5	-5	-8.85	-879
7710	-5	-5	-5.01	6.42	1035
7720	-5	-5	-4.99	-5.22	-1225
7730	-5	-5	-5.01	0	1364
7740	-5	-5	-4.99	-5.26	-1425
7750	-5	-5	-5.01	0	1445
7760	-5	-5	-4.99	0	-1541
7770	-5	-5	-5.01	0	1541
7780	-5	-5	-4.99	0	-1544
7790	-5	-5	-5.01	0	1560
7800	-5	-5	-5	-8.59	-854
7810	-5	-5	-5.01	0	1390
7820	-5	-5	-4.99	0	-1531
7830	-5	-5	-5.02	0	1612
7840	-5	-5	-4.99	0	-1585
7850	-5	-5	-5.02	0	1610
7860	-5	-5	-4.99	0	-1570
7870	-5	-5	-5.02	0.09	1651
7880	-5	-5	-4.99	0	-1554
7890	-5	-5	-5.02	0.09	1625
7900	-5	-5	-4.98	0	-1637
7910	-5	-5	-5.02	0.09	1658
7920	-5	-5	-4.98	-0.09	-1672
7930	-5	-5	-5.02	0	1698
7940	-5	-5	-4.98	0	-1647
7950	-5	-5	-5.02	0	1739
7960	-5	-5	-4.98	2.97	-1605
7970	-5	-5	-5.02	0	1811
7980	-5	-5	-4.98	2.98	-1594
7990	-5	-5	-5.02	0	1815
8000	4.99	-5	-4.98	2.97	-1598
8010	4.99	-4.99	-5.02	0.09	2425
8020	4.99	-4.97	-4.93	5.46	-1791
8030	4.99	-4.92	-4.95	0	2320
8040	4.99	-4.86	-4.84	9.42	-1472
8050	4.99	-4.78	-4.81	1.42	2369
8060	4.99	-4.69	-4.66	13.59	-905
8070	4.99	-4.57	-4.59	8.35	1881
8080	4.99	-4.44	-4.42	17.18	-399
8090	4.99	-4.29	-4.3	15.37	1352
8100	4.99	-4.12	-4.11	18.85	129
8110	4.99	-3.94	-3.94	14.98	851
8120	4.99	-3.74	-3.73	21.64	544
8130	4.99	-3.52	-3.52	20.86	568
8140	4.99	-3.28	-3.27	26.56	751
8150	4.99	-3.03	-3.01	25.4	455
8160	4.99	-2.75	-2.75	32.46	968
8170	4.99	-2.45	-2.44	29.21	148
8180	4.99	-2.14	-2.14	34.37	933
8190	4.99	-1.81	-1.8	30.75	389
8200	4.99	-1.46	-1.46	32.46	901
8210	4.99	-1.1	-1.09	34.37	435
8220	4.99	-0.72	-0.71	36.52	551
8230	4.99	-0.35	-0.34	38.95	671
8240	4.99	0.02	0.04	34.37	172
8250	4.99	0.39	0.4	38.95	766
8260	4.99	0.76	0.77	32.46	200
8270	4.99	1.13	1.15	38.95	938
8280	4.99	1.5	1.52	34.37	-469
8290	4.99	1.83	1.85	30.75	735
8300	4.99	2.17	2.23	30.75	-93
8310	4.99	2.49	2.52	30.75	440
8320	4.99	2.77	2.82	26.56	216
8330	4.99	3.06	3.08	26.56	98
8340	4.99	3.3	3.32	24.34	485
8350	4.99	3.54	3.56	20.14	-50
8360	4.99	3.75	3.75	22.47	308
8370	4.99	3.95	3.96	23.37	107
8380	4.99	4.14	4.14	18.85	270
8390	4.99	4.3	4.31	15.79	167
8400	4.99	4.45	4.45	11.46	131
8410	4.99	4.58	4.59	12.98	170
8420	4.99	4.7	4.7	8.47	182
8430	4.99	4.79	4.8	9.9	109
8440	4.99	4.87	4.87	5.46	201
8450	4.99	4.93	4.94	7.12	18
8460	4.99	4.98	4.98	2.48	-46
8470	4.99	5	5	4.23	281
8480	4.99	5.01	5.01	0	-177
8490	4.99	5	5.01	0	-702
8500	4.99	4.99	4.98	-4.91	621
8510	4.99	4.99	5	4.87	-427
8520	4.99	4.99	4.98	-5.51	759
8530	4.99	4.99	5.01	6.02	-876
8540	4.99	4.99	4.97	-6.28	1102
8550	4.99	4.99	5.01	5.17	-1205
8560	4.99	4.99	4.98	-5.9	869
8570	4.99	4.99	5.01	6.64	-1012
8580	4.99	4.99	4.97	-6.28	879
8590	4.99	4.99	5.01	6.64	-1034
8600	4.99	4.99	4.97	-6.02	1015
8610	4.99	4.99	5.01	5.84	-1126
8620	4.99	4.99	4.97	-6.09	1001
8630	4.99	4.99	5.01	6.22	-1113
8640	4.99	4.99	4.97	-6.09	1316
8650	4.99	4.99	5.01	4.11	-1427
8660	4.99	4.99	4.97	-6.02	1361
8670	4.99	4.99	5.01	4.36	-1360
8680	4.99	4.99	4.97	-4.79	1448
8690	4.99	4.99	5.01	4.17	-1421
8700	4.99	4.99	4.97	-3.58	1610
8710	4.99	4.99	5.01	3.28	-1567
8720	4.99	4.99	4.97	0	1785
8730	4.99	4.99	5.01	0	-1596
8740	4.99	4.99	4.97	0.09	1688
8750	4.99	4.99	5.01	-0.09	-1580
8760	4.99	4.99	4.97	0	1611
8770	4.99	4.99	5.01	0	-1505
8780	4.99	4.99	4.98	0	1633
8790	4.99	4.99	5	-5.67	-966
8800	4.99	4.99	4.99	6.09	565
8810	4.99	4.99	5	0	-1304
8820	4.99	4.99	4.98	6.09	1275
8830	4.99	4.99	5	-5.9	-1100
8840	4.99	4.99	4.99	6.22	1040
8850	4.99	4.99	4.99	-6.02	-925
8860	4.99	4.99	4.99	8.23	864
8870	4.99	4.99	4.99	-8.23	-745
8880	4.99	4.99	4.99	8.23	562
8890	4.99	4.99	4.99	-8.23	-375
8900	4.99	4.99	5	8.11	277
8910	4.99	4.99	4.98	-8.11	-171
8920	4.99	4.99	5	7.39	101
8930	4.99	4.99	4.98	-7.69	-30
8940	4.99	4.99	5	6.28	-207
8950	4.99	4.99	4.98	-6.56	477
8960	4.99	4.99	5.01	6.28	-680
8970	4.99	4.99	4.97	-6.42	873
8980	4.99	4.99	5.01	6.22	-1013
8990	4.99	4.99	4.97	-3.61	1659
9000	-5	4.99	5.01	4.87	-1351
9010	-5	4.98	4.97	-4.57	826
9020	-5	4.95	4.95	-1.05	-667
9030	-5	4.91	4.91	-6.15	-195
9040	-5	4.85	4.85	-5.41	-595
9050	-5	4.77	4.77	-10.07	-408
9060	-5	4.67	4.67	-11.92	-352
9070	-5	4.56	4.56	-12.98	-661
9080	-5	4.43	4.42	-13.91	-128
9090	-5	4.28	4.28	-16.23	-946
9100	-5	4.11	4.1	-17.18	-163
9110	-5	3.93	3.93	-19.48	-778
9120	-5	3.73	3.72	-23.37	-378
9130	-5	3.51	3.51	-20.86	-614
9140	-5	3.27	3.26	-26.56	-522
9150	-5	3.01	3.01	-22.47	-543
9160	-5	2.73	2.73	-26.56	-815
9170	-5	2.44	2.43	-26.56	-159
9180	-5	2.13	2.13	-32.46	-829
9190	-5	1.8	1.79	-34.37	-293
9200	-5	1.45	1.45	-34.37	-728
9210	-5	1.09	1.08	-38.95	-460
9220	-5	0.71	0.7	-32.46	-291
9230	-5	0.34	0.33	-36.52	-621
9240	-5	-0.04	-0.05	-34.37	-93
9250	-5	-0.4	-0.41	-38.95	-588
9260	-5	-0.77	-0.78	-41.73	-299
9270	-5	-1.15	-1.16	-38.95	-772
9280	-5	-1.51	-1.53	-32.46	640
9290	-5	-1.85	-1.87	-36.52	-890
9300	-5	-2.19	-2.23	-25.4	375
9310	-5	-2.49	-2.52	-29.21	-726
9320	-5	-2.79	-2.82	-23.37	264
9330	-5	-3.05	-3.08	-24.34	-521
9340	-5	-3.31	-3.33	-24.34	169
9350	-5	-3.56	-3.59	-23.37	-343
9360	-5	-3.76	-3.8	-19.48	95
9370	-5	-3.97	-4	-18.26	-198
9380	-5	-4.16	-4.18	-16.23	-4
9390	-5	-4.35	-4.36	-16.23	-292
9400	-5	-4.46	-4.49	-15.79	67
9410	-5	-4.58	-4.59	-10.82	-173
9420	-5	-4.7	-4.71	-12.98	-107
9430	-5	-4.79	-4.79	-8	-135
9440	-5	-4.87	-4.87	-7.69	-103
9450	-5	-4.93	-4.93	-5.12	-12
9460	-5	-4.98	-4.98	-3.92	-177
9470	-5	-5	-5.01	-3.54	331
9480	-5	-5.01	-5	0	-312
9490	-5	-5.01	-5.01	-2.42	-33
9500	-5	-5	-5	3.42	436
9510	-5	-5	-5	-5.41	-561
9520	-5	-5	-5	5.36	867
9530	-5	-5	-5	-4.91	-1021
9540	-5	-5	-5.01	6.09	992
9550	-5	-5	-4.99	-4.79	-1210
9560	-5	-5	-5.01	0	1245
9570	-5	-5	-4.99	-5.08	-1462
9580	-5	-5	-5.01	0	1406
9590	-5	-5	-4.99	0	-1601
9600	-5	-5	-5.02	0	1488
9610	-5	-5	-4.99	0	-1619
9620	-5	-5	-5.02	0.09	1634
9630	-5	-5	-4.99	0	-1673
9640	-5	-5	-5.02	0	1641
9650	-5	-5	-4.98	2.88	-1746
9660	-5	-5	-5.02	0	1644
9670	-5	-5	-4.98	3.54	-1677
9680	-5	-5	-5.02	0	1627
9690	-5	-5	-4.98	4.39	-1576
9700	-5	-5	-5.02	0	1583
9710	-5	-5	-4.98	5.36	-1466
9720	-5	-5	-5.02	-4.15	1533
9730	-5	-5	-4.98	5.41	-1409
9740	-5	-5	-5.02	-4.75	1462
9750	-5	-5	-4.98	5.41	-1325
9760	-5	-5	-5.02	-5.08	1400
9770	-5	-5	-4.98	5.79	-1267
9780	-5	-5	-5.02	-5.84	1341
9790	-5	-5	-4.98	5.73	-1164
9800	-5	-5	-5.02	-3.82	1614
9810	-5	-5	-4.98	5.04	-1481
9820	-5	-5	-5.02	-5.73	1157
9830	-5	-5	-4.98	5.67	-962
9840	-5	-5	-5.02	-6.79	776
9850	-5	-5	-4.99	5.96	-619
9860	-5	-5	-5.01	-6.88	529
9870	-5	-5	-4.99	5.62	-326
9880	-5	-5	-5.01	-7.04	386
9890	-5	-5	-4.99	6.09	-186
9900	-5	-5	-5.01	-7.04	428
9910	-5	-5	-4.99	8.11	-50
9920	-5	-5	-5.01	-7.21	9
9930	-5	-5	-4.99	8.11	-24
9940	-5	-5	-5.01	-7.59	-76
9950	-5	-5	-4.99	8.47	124
9960	-5	-5	-5.01	-8.59	-303
9970	-5	-5	-5	8.59	361
9980	-5	-5	-5	-8.59	-439
9990	-5	-5	-5	8.59	515
10000	4.99	-5	-5.01	-8.59	73
