0	0	0	0.01	-5.67	-1493
10	0	0	-0.02	0	1849
20	0	0	0.02	0	-1696
30	0	0	-0.02	0	1850
40	0	0	0.02	0	-1755
50	0	0	-0.02	0	1854
60	0	0	0.02	0	-1734
70	0.01	0	-0.02	0	1924
80	0.01	0.01	0.05	0	-2501
90	0.02	0.01	-0.01	0	1920
100	0.02	0.02	0.06	5.56	-2337
110	0.02	0.02	0	0	1880
120	0.04	0.02	0.05	0	-1635
130	0.05	0.04	0.02	0	985
140	0.05	0.05	0.07	4.67	-1542
150	0.06	0.05	0.02	0	1793
160	0.07	0.06	0.09	6.42	-2175
170	0.07	0.07	0.05	-4.46	1597
180	0.08	0.07	0.09	3.77	-1541
190	0.09	0.08	0.07	-2.97	778
200	0.11	0.09	0.12	5.22	-1274
210	0.12	0.11	0.11	-3.8	-66
220	0.13	0.12	0.13	6.35	-469
230	0.14	0.13	0.13	0	-314
240	0.15	0.14	0.15	6.95	48
250	0.16	0.15	0.15	0	-595
260	0.18	0.16	0.16	3.63	794
270	0.19	0.18	0.19	0	-1156
280	0.21	0.19	0.19	0	913
290	0.22	0.21	0.23	0	-1667
300	0.23	0.22	0.21	0	1236
310	0.26	0.23	0.26	3.89	-1549
320	0.27	0.26	0.25	0	767
330	0.29	0.27	0.29	3.54	-1481
340	0.3	0.29	0.29	6.42	1050
350	0.33	0.3	0.32	0	-1404
360	0.34	0.33	0.34	10.07	580
370	0.36	0.34	0.34	-6.64	517
380	0.39	0.36	0.4	8.85	-1605
390	0.4	0.39	0.37	-3.06	79
400	0.42	0.4	0.4	6.42	614
410	0.44	0.42	0.43	0	-958
420	0.47	0.44	0.46	4.09	65
430	0.49	0.47	0.48	2.91	-733
440	0.51	0.49	0.49	5.12	908
450	0.54	0.51	0.54	3.23	-1645
460	0.56	0.54	0.54	6.56	1159
470	0.58	0.56	0.58	0	-1641
480	0.61	0.58	0.57	5.46	1319
490	0.63	0.61	0.63	0	-1834
500	0.65	0.63	0.62	4.5	1316
510	0.69	0.65	0.68	0	-1627
520	0.71	0.69	0.69	9.27	1264
530	0.74	0.71	0.74	-0.09	-1653
540	0.77	0.74	0.74	8.35	795
550	0.79	0.77	0.79	4.57	-1479
560	0.83	0.79	0.78	0	653
570	0.85	0.83	0.86	6.64	-1672
580	0.89	0.85	0.84	-3.3	666
590	0.91	0.89	0.92	8.72	-1165
600	0.95	0.91	0.9	-5.04	572
610	0.98	0.95	0.98	12.98	-792
620	1	0.98	0.97	-3.97	622
630	1.04	1	1.04	8	-1704
640	1.08	1.04	1.03	0	1190
650	1.11	1.08	1.11	8.47	-1789
660	1.15	1.11	1.1	0	747
670	1.18	1.15	1.18	10.43	-1553
680	1.22	1.18	1.17	-2.67	630
690	1.25	1.22	1.25	10.07	-1385
700	1.29	1.25	1.25	1.16	71
710	1.32	1.29	1.31	8.11	-497
720	1.36	1.32	1.32	0	29
730	1.39	1.36	1.37	11.24	-210
740	1.43	1.39	1.4	1.51	-212
750	1.46	1.43	1.44	7.79	88
760	1.51	1.46	1.46	0	-101
770	1.54	1.51	1.51	10.82	578
780	1.58	1.54	1.55	0	-889
790	1.62	1.58	1.58	9.27	810
800	1.66	1.62	1.64	4.39	-664
810	1.69	1.66	1.66	5.31	182
820	1.74	1.69	1.71	4.33	-535
830	1.78	1.74	1.74	6.56	892
840	1.82	1.78	1.8	2.89	-1621
850	1.86	1.82	1.8	11.68	2564
860	1.9	1.86	1.89	3.92	-2458
870	1.94	1.9	1.88	11.68	2289
880	1.99	1.94	1.96	-9.27	-1425
890	2.03	1.99	1.97	15.37	2242
900	2.07	2.03	2.06	3.46	-1820
910	2.11	2.07	2.06	10.82	1684
920	2.16	2.11	2.14	5.62	-1462
930	2.21	2.16	2.15	9.58	1481
940	2.24	2.21	2.23	6.02	-1344
950	2.29	2.24	2.23	4.79	1075
960	2.34	2.29	2.3	6.64	-806
970	2.38	2.34	2.33	3.52	1145
980	2.43	2.38	2.41	8	-998
990	2.48	2.43	2.42	0	1326
1000	2.51	2.48	2.5	9.42	-578
1010	2.56	2.51	2.5	0	764
1020	2.61	2.56	2.57	11.24	72
1030	2.65	2.61	2.59	0	713
1040	2.7	2.65	2.68	14.61	-16
1050	2.75	2.7	2.69	0	606
1060	2.79	2.75	2.76	12.7	66
1070	2.84	2.79	2.78	0	590
1080	2.89	2.84	2.86	12.43	-8
1090	2.93	2.89	2.87	0	701
1100	2.98	2.93	2.96	14.98	35
1110	3.03	2.98	2.97	0	678
1120	3.07	3.03	3.05	12.7	33
1130	3.12	3.07	3.06	0	575
1140	3.17	3.12	3.14	12.43	-20
1150	3.21	3.17	3.15	0	682
1160	3.26	3.21	3.23	14.98	23
1170	3.31	3.26	3.25	0	684
1180	3.35	3.31	3.33	12.7	11
1190	3.39	3.35	3.34	0	614
1200	3.44	3.39	3.41	9.74	-644
1210	3.48	3.44	3.42	0	1030
1220	3.53	3.48	3.49	8.85	-506
1230	3.58	3.53	3.52	0	1271
1240	3.62	3.58	3.6	9.42	-676
1250	3.67	3.62	3.61	0	1345
1260	3.72	3.67	3.69	10.25	-790
1270	3.75	3.72	3.7	0	1235
1280	3.8	3.75	3.77	6.64	-1359
1290	3.84	3.8	3.77	0	2367
1300	3.88	3.84	3.87	6.79	-1379
1310	3.93	3.88	3.87	0	749
1320	3.97	3.93	3.95	11.02	-173
1330	4.01	3.97	3.96	0	575
1340	4.05	4.01	4.03	9.9	-904
1350	4.09	4.05	4.04	0	1257
1360	4.14	4.09	4.12	7.12	-1502
1370	4.17	4.14	4.11	0	2158
1380	4.22	4.17	4.21	-0.09	-2041
1390	4.25	4.22	4.23	14.61	-331
1400	4.29	4.25	4.27	0	-856
1410	4.32	4.29	4.3	7.59	505
1420	4.36	4.32	4.35	0	-1584
1430	4.41	4.36	4.34	6.09	2195
1440	4.44	4.41	4.43	7.39	-1248
1450	4.46	4.44	4.43	0	829
1460	4.5	4.46	4.5	6.28	-1941
1470	4.53	4.5	4.5	6.42	1333
1480	4.57	4.53	4.57	6.56	-1907
1490	4.6	4.57	4.57	6.95	1321
1500	4.63	4.6	4.64	6.09	-2039
1510	4.66	4.63	4.62	0.09	1116
1520	4.69	4.66	4.7	7.04	-1867
1530	4.71	4.69	4.67	-2.54	968
1540	4.74	4.71	4.74	6.15	-2006
1550	4.77	4.74	4.73	0	879
1560	4.79	4.77	4.8	6.22	-1933
1570	4.81	4.79	4.78	0.09	1089
1580	4.84	4.81	4.85	4.83	-2164
1590	4.85	4.84	4.83	0	1791
1600	4.87	4.85	4.87	0	-2224
1610	4.88	4.87	4.87	7.59	1172
1620	4.91	4.88	4.9	0	-1391
1630	4.92	4.91	4.91	11.02	942
1640	4.93	4.92	4.93	-6.56	-1201
1650	4.94	4.93	4.93	8.35	894
1660	4.95	4.94	4.95	0	-1342
1670	4.97	4.95	4.95	7.12	958
1680	4.98	4.97	4.98	-6.95	-948
1690	4.98	4.98	4.98	9.13	691
1700	4.99	4.98	4.99	-6.28	-1001
1710	4.99	4.99	4.99	9.13	599
1720	4.99	4.99	4.99	-8.11	-635
1730	4.99	4.99	4.99	6.79	266
1740	4.99	4.99	4.98	-6.64	-134
1750	4.99	4.99	5	6.72	-59
1760	4.99	4.99	4.98	-7.39	300
1770	4.98	4.99	5	6.28	-652
1780	4.97	4.98	4.95	-7.04	1472
1790	4.97	4.97	4.99	6.72	-873
1800	4.94	4.97	4.94	-5.96	1264
1810	4.93	4.94	4.95	0	-521
1820	4.92	4.93	4.91	-4.33	1338
1830	4.91	4.92	4.93	2.8	-543
1840	4.88	4.91	4.88	-5.62	1433
1850	4.86	4.88	4.88	0	-211
1860	4.84	4.86	4.85	-5.51	411
1870	4.81	4.84	4.84	0	114
1880	4.79	4.81	4.79	-5.22	1336
1890	4.76	4.79	4.8	0	-350
1900	4.72	4.76	4.74	-10.07	471
1910	4.7	4.72	4.72	0	-35
1920	4.66	4.7	4.67	-5.96	791
1930	4.62	4.66	4.66	-1.32	-503
1940	4.58	4.62	4.6	-7.69	288
1950	4.53	4.58	4.58	0	176
1960	4.5	4.53	4.53	-12.7	-531
1970	4.45	4.5	4.49	0	888
1980	4.41	4.45	4.45	-13.91	-908
1990	4.35	4.41	4.39	-2.03	387
2000	4.3	4.35	4.35	-15.37	-885
2010	4.24	4.3	4.3	0	165
2020	4.18	4.24	4.24	-18.26	-1249
2030	4.12	4.19	4.18	0	554
2040	4.07	4.12	4.14	-16.69	-1461
2050	4.01	4.08	4.07	0	424
2060	3.94	4.01	4.01	-13.59	-1211
2070	3.87	3.94	3.94	-2.33	-312
2080	3.8	3.87	3.87	-13.91	-495
2090	3.73	3.8	3.81	-4.43	-917
2100	3.66	3.73	3.72	-13.91	121
2110	3.58	3.66	3.68	-2.04	-1173
2120	3.51	3.59	3.56	-13.59	375
2130	3.42	3.52	3.52	-4.99	-1326
2140	3.34	3.44	3.42	-10.07	333
2150	3.25	3.35	3.37	-5.73	-1912
2160	3.17	3.25	3.23	-13.91	945
2170	3.07	3.18	3.19	-7.69	-1474
2180	2.99	3.08	3.08	-16.69	-692
2190	2.9	2.99	2.97	-8.47	1378
2200	2.8	2.91	2.94	-14.25	-2811
2210	2.7	2.82	2.77	-11.92	2000
2220	2.61	2.71	2.75	-17.18	-2925
2230	2.5	2.61	2.57	-9.27	2411
2240	2.41	2.51	2.55	-13.91	-3301
2250	2.3	2.41	2.36	-11.68	3399
2260	2.2	2.33	2.37	0	-3978
2270	2.09	2.21	2.16	-15.79	2007
2280	1.97	2.1	2.13	0	-2151
2290	1.87	2	1.97	-13.59	438
2300	1.75	1.88	1.88	-11.68	-1076
2310	1.64	1.76	1.75	-14.98	-198
2320	1.53	1.65	1.64	-13.91	-616
2330	1.41	1.54	1.53	-9.74	-1
2340	1.29	1.44	1.45	-14.25	-1866
2350	1.17	1.31	1.29	-15.79	60
2360	1.05	1.18	1.17	-12.17	-543
2370	0.93	1.06	1.05	-13.91	-306
2380	0.81	0.93	0.91	-15.37	836
2390	0.68	0.83	0.83	-13.59	-1821
2400	0.56	0.69	0.67	-16.69	912
2410	0.43	0.56	0.55	-11.02	-290
2420	0.3	0.43	0.4	-8.59	2439
2430	0.18	0.33	0.39	-17.71	-4095
2440	0.05	0.19	0.12	-16.69	3416
2450	-0.08	0.07	0.12	-0.09	-3158
2460	-0.21	-0.05	-0.05	-30.75	-1782
2470	-0.34	-0.19	-0.21	-4.17	1408
2480	-0.47	-0.32	-0.3	-22.47	-2458
2490	-0.6	-0.44	-0.47	-7.04	1368
2500	-0.72	-0.58	-0.56	-26.56	-2446
2510	-0.85	-0.7	-0.72	-8	1175
2520	-0.98	-0.84	-0.82	-19.48	-2177
2530	-1.11	-0.96	-0.98	-9.13	945
2540	-1.24	-1.09	-1.08	-18.26	-2086
2550	-1.37	-1.22	-1.24	-11.24	806
2560	-1.5	-1.34	-1.33	-21.64	-1882
2570	-1.62	-1.47	-1.5	-9.9	510
2580	-1.75	-1.61	-1.62	-17.71	-463
2590	-1.88	-1.73	-1.72	-4.83	-1471
2600	-2.01	-1.86	-1.88	-17.71	-284
2610	-2.13	-2	-2.02	-11.68	364
2620	-2.26	-2.11	-2.13	-13.28	-439
2630	-2.37	-2.24	-2.26	-17.18	-706
2640	-2.5	-2.37	-2.4	-12.43	1058
2650	-2.62	-2.47	-2.43	-11.24	-3491
2660	-2.73	-2.61	-2.66	-20.14	2281
2670	-2.85	-2.72	-2.7	-11.92	-2575
2680	-2.97	-2.83	-2.85	-12.7	534
2690	-3.07	-2.94	-2.94	-16.23	-1336
2700	-3.19	-3.06	-3.11	-12.43	1499
2710	-3.3	-3.18	-3.15	-15.79	-2161
2720	-3.4	-3.27	-3.3	-7.59	304
2730	-3.51	-3.39	-3.41	-16.69	23
2740	-3.61	-3.51	-3.49	-7.69	-980
2750	-3.7	-3.6	-3.63	-13.59	968
2760	-3.8	-3.69	-3.68	-11.46	-1899
2770	-3.89	-3.79	-3.82	-12.17	1200
2780	-3.98	-3.88	-3.86	-11.46	-2342
2790	-4.07	-3.97	-4.01	-11.46	1654
2800	-4.15	-4.07	-4.04	-1.49	-2212
2810	-4.23	-4.14	-4.17	-12.43	2068
2820	-4.31	-4.23	-4.21	-14.61	-2353
2830	-4.38	-4.31	-4.35	-8.72	2304
2840	-4.45	-4.38	-4.36	-9.9	-1885
2850	-4.52	-4.45	-4.48	-8.35	1172
2860	-4.58	-4.52	-4.55	-10.62	553
2870	-4.64	-4.58	-4.57	-4.46	-996
2880	-4.7	-4.64	-4.66	-5.9	1405
2890	-4.74	-4.7	-4.7	-11.68	-358
2900	-4.79	-4.74	-4.76	-2.98	447
2910	-4.84	-4.79	-4.77	-1.41	-1905
2920	-4.87	-4.84	-4.88	-8.35	3058
2930	-4.91	-4.87	-4.86	0	-1738
2940	-4.93	-4.91	-4.94	-4.67	2345
2950	-4.95	-4.93	-4.92	0	-1670
2960	-4.98	-4.95	-4.99	0	2369
2970	-4.99	-4.98	-4.97	0	-1161
2980	-5	-4.99	-5.01	0	1540
2990	-5	-5	-4.99	0	-1126
3000	-5	-5	-5.02	-4	1509
3010	-5	-5	-4.98	4.5	-1579
3020	-4.99	-5	-5.02	0	1612
3030	-4.98	-4.99	-4.97	0	-1871
3040	-4.95	-4.98	-4.99	-3.67	597
3050	-4.93	-4.95	-4.93	9.58	-910
3060	-4.9	-4.93	-4.94	-3.42	294
3070	-4.86	-4.9	-4.87	13.59	-855
3080	-4.83	-4.86	-4.87	-3.63	336
3090	-4.78	-4.83	-4.8	11.68	-1220
3100	-4.73	-4.78	-4.8	0	1298
3110	-4.67	-4.73	-4.71	8.85	-1316
3120	-4.6	-4.67	-4.69	1.38	1358
3130	-4.55	-4.6	-4.6	9.74	10
3140	-4.48	-4.55	-4.55	4.11	-338
3150	-4.39	-4.48	-4.49	15.37	1358
3160	-4.31	-4.41	-4.39	6.02	-420
3170	-4.23	-4.31	-4.34	11.02	1644
3180	-4.14	-4.23	-4.21	7.79	-1530
3190	-4.04	-4.15	-4.18	16.23	2754
3200	-3.94	-4.05	-4.02	11.68	-1995
3210	-3.83	-3.95	-3.97	14.61	2761
3220	-3.72	-3.83	-3.81	14.25	-1501
3230	-3.61	-3.72	-3.75	12.7	2519
3240	-3.48	-3.61	-3.58	13.59	-1889
3250	-3.37	-3.51	-3.53	13.28	2663
3260	-3.24	-3.39	-3.35	12.98	-1418
3270	-3.1	-3.25	-3.27	17.71	2249
3280	-2.97	-3.12	-3.1	17.71	-770
3290	-2.83	-2.99	-2.99	12.98	943
3300	-2.68	-2.85	-2.84	17.18	331
3310	-2.54	-2.71	-2.71	16.69	985
3320	-2.38	-2.56	-2.54	14.98	-503
3330	-2.22	-2.42	-2.43	17.71	1848
3340	-2.07	-2.26	-2.23	18.26	-470
3350	-1.9	-2.1	-2.09	11.92	590
3360	-1.74	-1.94	-1.94	21.64	593
3370	-1.58	-1.78	-1.76	14.98	235
3380	-1.4	-1.58	-1.53	18.85	-1433
3390	-1.24	-1.43	-1.43	16.23	1443
3400	-1.06	-1.3	-1.29	17.18	629
3410	-0.89	-1.13	-1.13	25.4	1271
3420	-0.71	-0.93	-0.89	20.86	-1268
3430	-0.53	-0.75	-0.76	15.79	1760
3440	-0.35	-0.57	-0.55	21.64	-9
3450	-0.18	-0.39	-0.37	16.69	304
3460	0.01	-0.21	-0.2	20.86	528
3470	0.19	-0.02	-0.02	17.71	585
3480	0.37	0.15	0.16	19.48	295
3490	0.56	0.33	0.34	18.26	932
3500	0.74	0.51	0.54	19.48	-156
3510	0.92	0.69	0.7	21.64	996
3520	1.1	0.88	0.9	19.48	71
3530	1.27	1.06	1.08	19.48	409
3540	1.46	1.24	1.25	21.64	434
3550	1.64	1.43	1.44	22.47	442
3560	1.81	1.6	1.61	20.86	471
3570	1.99	1.78	1.79	20.86	405
3580	2.15	1.95	1.96	21.64	449
3590	2.33	2.11	2.14	19.48	236
3600	2.49	2.29	2.3	16.23	569
3610	2.65	2.47	2.47	19.48	559
3620	2.8	2.63	2.64	16.23	77
3630	2.96	2.78	2.78	15.79	705
3640	3.11	2.93	2.94	18.85	245
3650	3.26	3.08	3.1	15.37	678
3660	3.4	3.23	3.24	12.7	357
3670	3.54	3.38	3.39	19.48	15
3680	3.67	3.52	3.52	12.17	919
3690	3.8	3.66	3.67	16.69	-185
3700	3.93	3.77	3.79	13.28	500
3710	4.04	3.91	3.91	20.14	552
3720	4.15	4.03	4.04	9.58	-190
3730	4.25	4.14	4.15	14.61	1021
3740	4.36	4.24	4.27	8.35	-544
3750	4.45	4.35	4.34	14.98	1832
3760	4.53	4.44	4.48	8.85	-1361
3770	4.62	4.52	4.52	8.47	1369
3780	4.69	4.6	4.62	10.43	290
3790	4.76	4.69	4.7	8.11	-556
3800	4.81	4.76	4.74	10.43	1635
3810	4.86	4.81	4.84	5.79	-1649
3820	4.9	4.86	4.85	6.42	1900
3830	4.93	4.9	4.93	4.99	-2037
3840	4.97	4.93	4.92	0	1598
3850	4.98	4.97	5	5.67	-2115
3860	4.99	4.98	4.95	-4.95	1756
3870	4.99	4.99	5.02	0	-2262
3880	4.99	4.99	4.97	0.09	1819
3890	4.98	4.99	5.01	0	-1899
3900	4.95	4.98	4.95	-4.5	1733
3910	4.92	4.95	4.97	0	-540
3920	4.88	4.92	4.9	-9.9	692
3930	4.84	4.88	4.88	0	116
3940	4.78	4.84	4.83	-11.24	-253
3950	4.71	4.78	4.79	-1.51	-572
3960	4.64	4.72	4.71	-12.98	-903
3970	4.56	4.64	4.64	-4.33	103
3980	4.48	4.57	4.59	-11.24	-1864
3990	4.37	4.49	4.46	-10.25	606
4000	4.28	4.38	4.41	-12.98	-2334
4010	4.16	4.28	4.25	-8.23	1433
4020	4.04	4.18	4.22	-13.59	-3476
4030	3.91	4.05	4.02	-16.23	1935
4040	3.77	3.94	3.97	-11.92	-3281
4050	3.63	3.81	3.77	-16.69	861
4060	3.48	3.67	3.69	-12.98	-2419
4070	3.33	3.52	3.49	-20.14	68
4080	3.17	3.37	3.38	-11.68	-1716
4090	3	3.2	3.17	-21.64	625
4100	2.83	3.06	3.1	-6.64	-3046
4110	2.64	2.87	2.84	-32.46	207
4120	2.45	2.7	2.72	-9.9	-2668
4130	2.27	2.51	2.48	-26.56	381
4140	2.07	2.34	2.35	-11.92	-2273
4150	1.87	2.13	2.11	-24.34	-373
4160	1.67	1.93	1.94	-14.98	-1343
4170	1.46	1.72	1.67	-29.21	335
4180	1.25	1.52	1.53	-14.61	-1987
4190	1.04	1.31	1.27	-26.56	72
4200	0.82	1.1	1.1	-15.79	-1146
4210	0.61	0.88	0.85	-27.82	-554
4220	0.39	0.67	0.64	-16.23	52
4230	0.16	0.46	0.44	-27.82	-1374
4240	-0.06	0.23	0.21	-22.47	290
4250	-0.28	0.01	0	-30.75	-1077
4260	-0.5	-0.21	-0.23	-20.86	108
4270	-0.72	-0.43	-0.44	-23.37	-942
4280	-0.95	-0.65	-0.68	-23.37	-112
4290	-1.17	-0.88	-0.89	-24.34	-659
4300	-1.38	-1.1	-1.12	-27.82	-251
4310	-1.6	-1.32	-1.34	-25.4	-265
4320	-1.81	-1.54	-1.55	-25.4	-861
4330	-2.02	-1.75	-1.79	-20.86	409
4340	-2.23	-1.95	-1.95	-26.56	-1265
4350	-2.43	-2.16	-2.19	-21.64	247
4360	-2.63	-2.38	-2.38	-22.47	-783
4370	-2.82	-2.58	-2.59	-18.85	36
4380	-3	-2.79	-2.83	-18.26	1052
4390	-3.19	-2.96	-2.93	-23.37	-2969
4400	-3.35	-3.17	-3.21	-18.26	2671
4410	-3.53	-3.31	-3.27	-14.98	-3699
4420	-3.69	-3.48	-3.53	-22.47	1386
4430	-3.84	-3.63	-3.62	-10.07	-1481
4440	-3.98	-3.79	-3.81	-29.21	-522
4450	-4.12	-3.96	-3.98	-9.42	721
4460	-4.25	-4.1	-4.1	-20.86	-1279
4470	-4.37	-4.24	-4.25	-12.43	633
4480	-4.48	-4.36	-4.36	-14.25	-636
4490	-4.58	-4.48	-4.49	-10.43	-24
4500	-4.67	-4.57	-4.58	-11.46	-114
4510	-4.74	-4.66	-4.66	-11.24	-722
4520	-4.81	-4.74	-4.77	-7.39	1060
4530	-4.87	-4.81	-4.79	-9.13	-2014
4540	-4.93	-4.87	-4.9	-5.67	1955
4550	-4.97	-4.93	-4.9	-5.79	-2518
4560	-4.99	-4.97	-5	-3.87	2666
4570	-5	-4.99	-4.98	-8	-1344
4580	-5	-5	-5.02	0	1915
4590	-5	-5	-4.99	0	-1771
4600	-4.98	-5	-5.02	0	1664
4610	-4.94	-4.98	-4.94	6.42	-2512
4620	-4.9	-4.94	-4.95	0	1475
4630	-4.85	-4.9	-4.87	6.88	-1692
4640	-4.78	-4.85	-4.87	0	1226
4650	-4.7	-4.78	-4.76	16.23	-525
4660	-4.62	-4.71	-4.73	0	2060
4670	-4.51	-4.62	-4.6	15.37	-693
4680	-4.41	-4.52	-4.53	5.56	1460
4690	-4.28	-4.42	-4.41	17.18	-26
4700	-4.15	-4.29	-4.3	10.43	866
4710	-4.01	-4.16	-4.16	16.23	495
4720	-3.84	-4.03	-4.02	12.7	474
4730	-3.68	-3.87	-3.87	18.85	952
4740	-3.52	-3.72	-3.7	14.25	-24
4750	-3.33	-3.55	-3.54	20.14	761
4760	-3.14	-3.38	-3.38	17.18	694
4770	-2.94	-3.19	-3.18	21.64	443
4780	-2.73	-3	-2.99	20.86	610
4790	-2.52	-2.8	-2.8	19.48	921
4800	-2.3	-2.59	-2.58	22.47	403
4810	-2.08	-2.36	-2.37	24.34	914
4820	-1.85	-2.15	-2.14	21.64	278
4830	-1.61	-1.92	-1.92	24.34	915
4840	-1.37	-1.69	-1.68	26.56	476
4850	-1.12	-1.46	-1.45	26.56	704
4860	-0.86	-1.2	-1.2	29.21	742
4870	-0.62	-0.96	-0.95	27.82	514
4880	-0.36	-0.7	-0.68	27.82	104
4890	-0.11	-0.46	-0.46	23.37	1174
4900	0.15	-0.22	-0.19	30.75	173
4910	0.41	0.04	0.06	29.21	457
4920	0.67	0.29	0.32	26.56	576
4930	0.91	0.55	0.58	29.21	145
4940	1.17	0.81	0.83	32.46	620
4950	1.41	1.04	1.06	24.34	736
4960	1.67	1.3	1.32	27.82	631
4970	1.9	1.57	1.58	25.4	436
4980	2.15	1.81	1.83	23.37	156
4990	2.38	2.07	2.06	26.56	1251
5000	2.61	2.3	2.33	23.37	-47
5010	2.83	2.54	2.55	23.37	780
5020	3.04	2.76	2.77	22.47	349
5030	3.25	2.98	2.99	22.47	443
5040	3.44	3.19	3.19	19.48	373
5050	3.62	3.38	3.4	20.14	396
5060	3.8	3.56	3.58	21.64	420
5070	3.97	3.76	3.76	20.86	486
5080	4.12	3.94	3.94	15.37	500
5090	4.27	4.1	4.1	17.71	206
5100	4.41	4.24	4.25	12.98	56
5110	4.52	4.38	4.38	17.71	993
5120	4.63	4.51	4.53	14.25	-407
5130	4.72	4.63	4.62	12.7	1192
5140	4.8	4.72	4.73	10.62	-789
5150	4.87	4.8	4.79	10.82	1466
5160	4.92	4.87	4.9	8.11	-1041
5170	4.97	4.92	4.91	0	1266
5180	4.99	4.97	4.98	10.07	-555
5190	4.99	4.99	4.99	0	-366
5200	4.99	4.99	4.99	0	723
5210	4.97	4.99	4.99	-5.08	-833
5220	4.93	4.97	4.95	0	1132
5230	4.88	4.93	4.93	-8.47	-714
5240	4.81	4.88	4.87	-4.79	456
5250	4.73	4.81	4.83	-11.68	-1285
5260	4.64	4.74	4.74	-4.67	-212
5270	4.53	4.65	4.65	-17.18	-1192
5280	4.42	4.55	4.53	-7.3	527
5290	4.28	4.44	4.46	-15.37	-2103
5300	4.12	4.3	4.29	-13.91	31
5310	3.96	4.15	4.15	-16.23	-449
5320	3.79	4	4.01	-14.98	-1491
5330	3.6	3.82	3.8	-18.85	296
5340	3.4	3.65	3.66	-14.61	-1603
5350	3.19	3.46	3.45	-29.21	-452
5360	2.97	3.26	3.26	-18.85	-1143
5370	2.73	3.05	3.04	-26.56	-834
5380	2.5	2.83	2.82	-25.4	-917
5390	2.26	2.56	2.51	-26.56	1831
5400	2	2.34	2.36	-20.14	-3280
5410	1.73	2.09	2.06	-30.75	526
5420	1.46	1.87	1.88	-13.28	-1036
5430	1.19	1.59	1.58	-41.73	-1276
5440	0.91	1.3	1.27	-18.26	798
5450	0.63	1.03	1.03	-36.52	-1590
5460	0.34	0.76	0.75	-18.85	-12
5470	0.06	0.47	0.46	-41.73	-1338
5480	-0.23	0.18	0.15	-19.48	565
5490	-0.51	-0.12	-0.13	-32.46	-1665
5500	-0.81	-0.4	-0.43	-24.34	968
5510	-1.09	-0.68	-0.67	-32.46	-1947
5520	-1.37	-0.97	-0.99	-29.21	617
5530	-1.64	-1.25	-1.25	-32.46	-1276
5540	-1.92	-1.52	-1.54	-29.21	170
5550	-2.17	-1.79	-1.79	-27.82	-1368
5560	-2.43	-2.06	-2.09	-29.21	576
5570	-2.69	-2.33	-2.33	-26.56	-1349
5580	-2.93	-2.59	-2.63	-30.75	142
5590	-3.15	-2.85	-2.86	-20.86	-446
5600	-3.38	-3.08	-3.11	-27.82	-111
5610	-3.6	-3.31	-3.32	-19.48	-617
5620	-3.8	-3.53	-3.54	-27.82	-571
5630	-3.97	-3.74	-3.76	-18.26	191
5640	-4.15	-3.93	-3.94	-20.14	-388
5650	-4.31	-4.1	-4.11	-18.26	-287
5660	-4.45	-4.28	-4.29	-20.86	-391
5670	-4.58	-4.44	-4.45	-13.91	495
5680	-4.7	-4.56	-4.57	-14.61	-785
5690	-4.79	-4.69	-4.7	-13.91	344
5700	-4.86	-4.78	-4.79	-11.02	-219
5710	-4.93	-4.86	-4.87	-6.49	410
5720	-4.97	-4.93	-4.92	-11.46	-1712
5730	-5	-4.97	-5	0	2560
5740	-5	-5	-4.99	-8.85	-1672
5750	-5	-5	-5.01	10.25	1581
5760	-4.97	-5	-5	-6.56	-1259
5770	-4.92	-4.97	-4.95	15.79	679
5780	-4.86	-4.92	-4.92	-0.09	-187
5790	-4.78	-4.86	-4.85	14.61	617
5800	-4.67	-4.79	-4.8	1.79	1458
5810	-4.56	-4.69	-4.67	17.71	209
5820	-4.43	-4.57	-4.58	8.99	750
5830	-4.28	-4.44	-4.44	18.26	768
5840	-4.1	-4.3	-4.31	13.59	900
5850	-3.93	-4.14	-4.14	18.85	453
5860	-3.73	-3.97	-3.97	16.69	945
5870	-3.52	-3.77	-3.76	21.64	750
5880	-3.28	-3.59	-3.56	19.48	629
5890	-3.05	-3.35	-3.33	24.34	208
5900	-2.79	-3.12	-3.11	19.48	706
5910	-2.54	-2.86	-2.86	30.75	576
5920	-2.27	-2.68	-2.66	16.69	321
5930	-1.99	-2.38	-2.38	41.73	1324
5940	-1.69	-2.1	-2.1	17.71	151
5950	-1.39	-1.81	-1.81	38.95	1204
5960	-1.1	-1.52	-1.51	25.4	-472
5970	-0.78	-1.23	-1.23	36.52	1700
5980	-0.48	-0.93	-0.92	27.82	-26
5990	-0.16	-0.63	-0.63	30.75	1003
6000	0.15	-0.33	-0.3	32.46	842
6010	0.47	-0.01	0.01	29.21	452
6020	0.78	0.3	0.32	30.75	645
6030	1.09	0.62	0.64	29.21	567
6040	1.39	0.93	0.96	30.75	582
6050	1.69	1.25	1.25	29.21	579
6060	1.99	1.55	1.57	32.46	816
6070	2.28	1.83	1.87	29.21	94
6080	2.56	2.13	2.14	30.75	970
6090	2.83	2.42	2.44	30.75	-149
6100	3.08	2.71	2.72	27.82	1058
6110	3.33	2.98	3	29.21	-386
6120	3.56	3.25	3.24	27.82	1152
6130	3.77	3.48	3.51	27.82	-184
6140	3.97	3.7	3.72	26.56	618
6150	4.16	3.93	3.93	20.86	485
6160	4.34	4.11	4.12	16.69	50
6170	4.49	4.29	4.29	17.18	927
6180	4.62	4.45	4.46	16.23	-198
6190	4.73	4.59	4.6	14.61	660
6200	4.83	4.72	4.74	12.98	-342
6210	4.9	4.83	4.83	8.85	417
6220	4.95	4.9	4.9	7.21	-2
6230	4.98	4.94	4.94	5.96	537
6240	4.99	4.98	4.99	0	-972
6250	4.98	4.99	4.99	0	41
6260	4.95	4.98	4.97	-5.67	254
6270	4.9	4.95	4.95	-2.06	140
6280	4.83	4.9	4.9	-12.98	-829
6290	4.73	4.83	4.85	0	-1057
6300	4.62	4.74	4.73	-17.18	-278
6310	4.48	4.63	4.64	-8.23	-1142
6320	4.31	4.5	4.5	-16.69	-615
6330	4.14	4.36	4.36	-12.98	-965
6340	3.95	4.18	4.17	-23.37	-527
6350	3.74	4	4	-19.48	-801
6360	3.51	3.81	3.8	-27.82	-863
6370	3.26	3.59	3.58	-24.34	-479
6380	3	3.35	3.35	-27.82	-957
6390	2.72	3.08	3.05	-23.37	389
6400	2.44	2.82	2.8	-24.34	-894
6410	2.14	2.57	2.56	-30.75	-811
6420	1.83	2.35	2.34	-26.56	-1041
6430	1.52	2.02	1.99	-34.37	-538
6440	1.19	1.69	1.67	-26.56	-301
6450	0.86	1.36	1.34	-44.94	-1186
6460	0.53	1.04	1.02	-30.75	90
6470	0.19	0.71	0.7	-36.52	-1307
6480	-0.15	0.4	0.35	-29.21	187
6490	-0.49	0.06	0.04	-36.52	-1431
6500	-0.83	-0.29	-0.32	-30.75	83
6510	-1.16	-0.62	-0.64	-34.37	-1206
6520	-1.5	-0.97	-0.99	-36.52	-36
6530	-1.81	-1.3	-1.32	-38.95	-1154
6540	-2.13	-1.64	-1.67	-32.46	318
6550	-2.43	-1.94	-1.96	-36.52	-1096
6560	-2.72	-2.26	-2.3	-38.95	-232
6570	-3.01	-2.58	-2.59	-26.56	-591
6580	-3.27	-2.85	-2.89	-30.75	-643
6590	-3.53	-3.15	-3.17	-26.56	-293
6600	-3.76	-3.41	-3.44	-26.56	-603
6610	-3.98	-3.67	-3.69	-23.37	30
6620	-4.18	-3.9	-3.91	-30.75	-910
6630	-4.37	-4.11	-4.14	-18.85	96
6640	-4.52	-4.3	-4.32	-21.64	-791
6650	-4.66	-4.49	-4.51	-16.69	295
6660	-4.78	-4.63	-4.64	-15.37	-834
6670	-4.87	-4.76	-4.78	-13.28	188
6680	-4.94	-4.86	-4.87	-10.62	-269
6690	-4.99	-4.94	-4.95	-7.49	110
6700	-5	-4.99	-4.98	-6.95	-1158
6710	-5	-5	-5.02	0.09	1714
6720	-4.97	-5	-4.99	0	-1732
6730	-4.92	-4.97	-4.98	14.98	1433
6740	-4.84	-4.92	-4.91	3	-845
6750	-4.73	-4.85	-4.87	17.18	2280
6760	-4.62	-4.76	-4.76	6.88	368
6770	-4.46	-4.64	-4.63	20.14	660
6780	-4.29	-4.5	-4.51	11.92	1521
6790	-4.09	-4.34	-4.32	23.37	405
6800	-3.88	-4.16	-4.17	17.18	1658
6810	-3.65	-3.95	-3.94	32.46	603
6820	-3.39	-3.74	-3.75	18.26	1498
6830	-3.12	-3.51	-3.49	32.46	1142
6840	-2.83	-3.25	-3.25	21.64	759
6850	-2.52	-2.98	-2.97	32.46	1481
6860	-2.21	-2.69	-2.66	24.34	110
6870	-1.88	-2.38	-2.38	27.82	1440
6880	-1.54	-2.08	-2.03	34.37	307
6890	-1.19	-1.71	-1.67	38.95	482
6900	-0.84	-1.43	-1.4	36.52	789
6910	-0.48	-1.08	-1.04	36.52	1052
6920	-0.12	-0.68	-0.64	29.21	320
6930	0.25	-0.39	-0.36	41.73	1448
6940	0.61	-0.02	0.01	41.73	116
6950	0.96	0.34	0.36	34.37	700
6960	1.32	0.71	0.72	38.95	851
6970	1.66	1.08	1.1	30.75	406
6980	2.01	1.43	1.45	44.94	881
6990	2.34	1.78	1.79	29.21	621
7000	2.65	2.14	2.17	41.73	686
7010	2.96	2.48	2.51	34.37	-537
7020	3.24	2.8	2.83	44.94	1401
7030	3.52	3.11	3.15	23.37	-1061
7040	3.76	3.4	3.4	30.75	1989
7050	4	3.68	3.73	29.21	-1124
7060	4.21	3.93	3.93	20.14	1226
7070	4.39	4.15	4.18	24.34	-360
7080	4.56	4.35	4.36	13.91	513
7090	4.7	4.53	4.56	25.4	105
7100	4.81	4.69	4.7	12.17	-295
7110	4.9	4.81	4.83	14.61	340
7120	4.95	4.9	4.92	4.83	-1050
7130	4.99	4.95	4.93	9.13	1824
7140	4.99	4.99	5.02	4.33	-2452
7150	4.97	4.99	4.97	0	1783
7160	4.92	4.97	4.98	-4.5	-1007
7170	4.84	4.92	4.9	-6.49	1270
7180	4.73	4.85	4.86	-12.43	-1834
7190	4.59	4.74	4.73	-14.25	-219
7200	4.44	4.62	4.62	-15.37	-852
7210	4.25	4.46	4.45	-17.71	-461
7220	4.04	4.29	4.29	-17.71	-1013
7230	3.81	4.09	4.08	-19.48	-494
7240	3.55	3.88	3.87	-26.56	-726
7250	3.27	3.65	3.63	-24.34	-676
7260	2.98	3.38	3.37	-27.82	-1106
7270	2.66	3.08	3.07	-30.75	-466
7280	2.33	2.79	2.78	-30.75	-772
7290	1.99	2.48	2.47	-32.46	-792
7300	1.64	2.15	2.13	-29.21	-355
7310	1.26	1.81	1.8	-38.95	-937
7320	0.89	1.47	1.45	-41.73	-454
7330	0.51	1.12	1.1	-36.52	-450
7340	0.13	0.76	0.74	-36.52	-550
7350	-0.26	0.4	0.37	-41.73	-456
7360	-0.64	0.02	-0.01	-36.52	-133
7370	-1.02	-0.35	-0.37	-41.73	-586
7380	-1.39	-0.71	-0.76	-32.46	-428
7390	-1.76	-1.11	-1.17	-36.52	-552
7400	-2.11	-1.51	-1.55	-38.95	-23
7410	-2.47	-1.87	-1.92	-41.73	-191
7420	-2.79	-2.23	-2.26	-36.52	-477
7430	-3.11	-2.58	-2.63	-32.46	129
7440	-3.4	-2.92	-2.97	-34.37	-100
7450	-3.68	-3.25	-3.28	-36.52	-263
7460	-3.94	-3.54	-3.55	-30.75	-305
7470	-4.16	-3.8	-3.82	-30.75	-175
7480	-4.37	-4.07	-4.1	-27.82	439
7490	-4.55	-4.3	-4.32	-21.64	-282
7500	-4.7	-4.51	-4.53	-20.86	372
7510	-4.81	-4.67	-4.69	-14.98	-494
7520	-4.91	-4.81	-4.84	-13.28	1181
7530	-4.97	-4.91	-4.9	-9.58	-1345
7540	-5	-4.97	-4.99	-4.87	1871
7550	-5	-5	-4.99	-6.02	-1110
7560	-4.97	-5	-5.01	0	1528
7570	-4.91	-4.97	-4.93	6.35	-2012
7580	-4.81	-4.91	-4.93	11.46	2268
7590	-4.69	-4.83	-4.83	7.39	174
7600	-4.53	-4.7	-4.71	23.37	1453
7610	-4.35	-4.56	-4.56	14.25	305
7620	-4.14	-4.38	-4.39	22.47	1156
7630	-3.9	-4.21	-4.21	15.79	605
7640	-3.65	-3.98	-3.98	27.82	1181
7650	-3.35	-3.74	-3.74	25.4	229
7660	-3.05	-3.48	-3.49	32.46	1666
7670	-2.71	-3.2	-3.19	29.21	463
7680	-2.37	-2.89	-2.89	30.75	1332
7690	-2.01	-2.56	-2.55	32.46	335
7700	-1.64	-2.22	-2.22	30.75	980
7710	-1.25	-1.87	-1.86	44.94	794
7720	-0.85	-1.51	-1.5	38.95	295
7730	-0.44	-1.15	-1.13	38.95	1081
7740	-0.05	-0.77	-0.75	30.75	-464
7750	0.36	-0.41	-0.41	38.95	1517
7760	0.76	-0.04	0	36.52	-395
7770	1.17	0.34	0.34	38.95	947
7780	1.55	0.7	0.71	36.52	461
7790	1.94	1.08	1.09	44.94	322
7800	2.3	1.44	1.45	34.37	722
7810	2.66	1.81	1.83	38.95	123
7820	3	2.17	2.19	36.52	699
7830	3.32	2.54	2.55	36.52	612
7840	3.61	2.91	2.93	30.75	261
7850	3.88	3.28	3.3	38.95	524
7860	4.12	3.65	3.67	36.52	227
7870	4.35	3.98	4.03	34.37	-538
7880	4.53	4.29	4.32	20.14	-1141
7890	4.69	4.46	4.46	18.85	1424
7900	4.81	4.66	4.69	22.47	-1106
7910	4.91	4.8	4.79	10.62	1106
7920	4.97	4.9	4.92	10.25	-933
7930	4.99	4.97	4.98	4.06	-13
7940	4.99	4.99	5	2.95	-624
7950	4.94	4.99	4.98	-3.65	614
7960	4.86	4.94	4.97	-6.42	-1592
7970	4.74	4.87	4.87	-9.13	-36
7980	4.6	4.77	4.78	-20.14	-1448
7990	4.43	4.63	4.63	-12.98	55
8000	4.22	4.48	4.49	-19.48	-1809
8010	3.97	4.28	4.27	-20.86	-55
8020	3.7	4.05	4.07	-25.4	-1509
8030	3.41	3.8	3.8	-29.21	-445
8040	3.1	3.53	3.54	-23.37	-1164
8050	2.76	3.25	3.25	-34.37	-1005
8060	2.4	2.93	2.93	-34.37	-666
8070	2.01	2.59	2.59	-44.94	-1189
8080	1.62	2.24	2.23	-34.37	-153
8090	1.22	1.88	1.88	-38.95	-965
8100	0.79	1.51	1.5	-34.37	107
8110	0.37	1.16	1.15	-38.95	-958
8120	-0.05	0.78	0.76	-38.95	-190
8130	-0.47	0.41	0.39	-32.46	-256
8140	-0.89	0.04	0.01	-38.95	-516
8150	-1.31	-0.34	-0.35	-36.52	-127
8160	-1.72	-0.7	-0.71	-38.95	-676
8170	-2.11	-1.08	-1.11	-41.73	-84
8180	-2.49	-1.44	-1.45	-34.37	-869
8190	-2.85	-1.81	-1.83	-41.73	-144
8200	-3.2	-2.19	-2.2	-32.46	-526
8210	-3.52	-2.56	-2.58	-38.95	-105
8220	-3.81	-2.92	-2.93	-34.37	-617
8230	-4.08	-3.28	-3.3	-41.73	-564
8240	-4.31	-3.66	-3.68	-32.46	-45
8250	-4.51	-4.02	-4.03	-44.94	-609
8260	-4.69	-4.36	-4.39	-36.52	931
8270	-4.81	-4.63	-4.64	-20.86	131
8280	-4.92	-4.79	-4.81	-13.91	1107
8290	-4.98	-4.91	-4.9	-17.18	-1394
8300	-5	-4.98	-5	0	2029
8310	-4.99	-5	-4.99	0	-723
8320	-4.94	-4.99	-4.99	0	405
8330	-4.85	-4.94	-4.93	11.46	-89
8340	-4.73	-4.86	-4.88	8.99	2186
8350	-4.57	-4.74	-4.73	17.71	-535
8360	-4.37	-4.62	-4.64	13.91	2540
8370	-4.14	-4.43	-4.41	27.82	83
8380	-3.88	-4.23	-4.24	16.23	1476
8390	-3.59	-3.96	-3.94	29.21	-242
8400	-3.26	-3.68	-3.68	22.47	1325
8410	-2.92	-3.41	-3.41	34.37	1703
8420	-2.55	-3.14	-3.12	36.52	489
8430	-2.16	-2.78	-2.76	36.52	864
8440	-1.75	-2.41	-2.38	41.73	399
8450	-1.33	-2.04	-2.01	38.95	388
8460	-0.9	-1.67	-1.66	36.52	429
8470	-0.47	-1.31	-1.27	38.95	465
8480	-0.02	-0.95	-0.91	30.75	172
8490	0.42	-0.57	-0.57	36.52	1147
8500	0.86	-0.21	-0.19	34.37	-293
8510	1.3	0.14	0.16	36.52	1101
8520	1.73	0.51	0.55	48.69	165
8530	2.14	0.89	0.92	32.46	444
8540	2.54	1.27	1.29	38.95	464
8550	2.91	1.64	1.66	32.46	307
8560	3.26	1.99	2.01	36.52	931
8570	3.59	2.36	2.38	30.75	148
8580	3.88	2.71	2.73	41.73	881
8590	4.15	3.08	3.11	36.52	171
8600	4.38	3.45	3.46	36.52	799
8610	4.58	3.8	3.83	38.95	436
8620	4.74	4.17	4.18	41.73	474
8630	4.86	4.53	4.55	34.37	344
8640	4.94	4.8	4.86	19.48	-2738
8650	4.99	4.94	4.95	8.99	154
8660	4.99	4.99	5.01	4.39	-1526
8670	4.95	4.99	4.97	-4	1569
8680	4.87	4.95	4.97	0	-1139
8690	4.74	4.88	4.87	-12.17	225
8700	4.58	4.77	4.8	-16.69	-2888
8710	4.38	4.62	4.58	-23.37	805
8720	4.15	4.43	4.45	-20.86	-2611
8730	3.88	4.23	4.19	-24.34	221
8740	3.58	3.98	4	-23.37	-1957
8750	3.24	3.7	3.68	-36.52	-306
8760	2.87	3.4	3.4	-32.46	-1456
8770	2.49	3.06	3.04	-38.95	-475
8780	2.08	2.72	2.71	-30.75	-690
8790	1.66	2.35	2.34	-48.69	-771
8800	1.22	1.97	1.95	-34.37	106
8810	0.77	1.62	1.6	-34.37	-898
8820	0.3	1.25	1.22	-34.37	100
8830	-0.15	0.89	0.86	-32.46	-780
8840	-0.62	0.53	0.49	-41.73	-360
8850	-1.08	0.15	0.12	-34.37	-419
8860	-1.52	-0.22	-0.26	-36.52	-377
8870	-1.95	-0.6	-0.63	-41.73	-209
8880	-2.37	-0.99	-1.03	-41.73	-791
8890	-2.77	-1.4	-1.45	-32.46	7
8900	-3.15	-1.76	-1.79	-41.73	-920
8910	-3.49	-2.08	-2.09	-38.95	-310
8920	-3.82	-2.43	-2.47	-32.46	-271
8930	-4.1	-2.8	-2.84	-38.95	-750
8940	-4.36	-3.23	-3.28	-36.52	-175
8950	-4.57	-3.6	-3.63	-36.52	-899
8960	-4.73	-3.93	-3.96	-36.52	316
8970	-4.87	-4.3	-4.31	-38.95	-1179
8980	-4.95	-4.66	-4.71	-34.37	569
8990	-5	-4.91	-4.95	-12.17	2142
9000	-5	-5	-5.02	-8.99	471
9010	-4.95	-5	-4.99	7.12	-460
9020	-4.87	-4.95	-4.95	3.87	802
9030	-4.73	-4.88	-4.87	12.43	494
9040	-4.56	-4.78	-4.8	12.17	2442
9050	-4.35	-4.59	-4.57	25.4	-96
9060	-4.09	-4.42	-4.43	11.02	1924
9070	-3.8	-4.18	-4.17	36.52	1094
9080	-3.47	-3.93	-3.93	26.56	774
9090	-3.11	-3.63	-3.63	32.46	1997
9100	-2.72	-3.31	-3.27	34.37	-366
9110	-2.31	-2.96	-2.96	36.52	2072
9120	-1.88	-2.59	-2.55	36.52	-485
9130	-1.43	-2.22	-2.21	41.73	1319
9140	-0.97	-1.86	-1.82	34.37	-28
9150	-0.49	-1.5	-1.47	38.95	825
9160	-0.01	-1.12	-1.09	44.94	599
9170	0.47	-0.75	-0.71	32.46	152
9180	0.95	-0.37	-0.35	38.95	1037
9190	1.41	0	0.05	34.37	-322
9200	1.87	0.37	0.4	36.52	1160
9210	2.3	0.72	0.76	34.37	-218
9220	2.72	1.1	1.12	44.94	1026
9230	3.11	1.46	1.5	38.95	429
9240	3.47	1.83	1.87	36.52	513
9250	3.81	2.21	2.24	44.94	469
9260	4.1	2.58	2.61	38.95	552
9270	4.36	2.94	2.97	36.52	300
9280	4.57	3.32	3.34	32.46	492
9290	4.74	3.68	3.7	44.94	947
9300	4.87	4.05	4.09	36.52	-37
9310	4.95	4.44	4.45	36.52	1015
9320	4.99	4.79	4.84	36.52	-1050
9330	4.98	4.98	5.01	0	-2606
9340	4.92	4.98	4.97	-7.59	184
9350	4.81	4.92	4.93	-9.27	-777
9360	4.66	4.83	4.86	-10.82	-2129
9370	4.46	4.69	4.67	-19.48	490
9380	4.22	4.5	4.5	-20.14	-967
9390	3.94	4.29	4.28	-24.34	-634
9400	3.61	4.09	4.09	-23.37	-943
9410	3.26	3.8	3.79	-38.95	-1379
9420	2.86	3.46	3.44	-25.4	67
9430	2.45	3.11	3.11	-48.69	-1620
9440	2.01	2.75	2.71	-38.95	483
9450	1.54	2.38	2.36	-41.73	-1282
9460	1.06	1.97	1.94	-34.37	611
9470	0.58	1.65	1.62	-38.95	-1176
9480	0.08	1.27	1.24	-41.73	-17
9490	-0.41	0.9	0.88	-32.46	-430
9500	-0.9	0.54	0.51	-44.94	-751
9510	-1.39	0.16	0.13	-38.95	13
9520	-1.86	-0.21	-0.23	-36.52	-739
9530	-2.31	-0.58	-0.62	-36.52	-126
9540	-2.75	-0.96	-0.98	-34.37	-633
9550	-3.14	-1.33	-1.37	-34.37	-175
9560	-3.52	-1.71	-1.73	-38.95	-424
9570	-3.86	-2.08	-2.11	-38.95	-560
9580	-4.16	-2.44	-2.49	-38.95	6
9590	-4.42	-2.82	-2.85	-38.95	-770
9600	-4.63	-3.2	-3.24	-32.46	160
9610	-4.8	-3.55	-3.59	-34.37	-1185
9620	-4.92	-3.93	-3.98	-34.37	376
9630	-4.99	-4.3	-4.32	-32.46	-929
9640	-5	-4.66	-4.71	-34.37	-277
9650	-4.98	-4.93	-5.01	-15.79	3406
9660	-4.88	-4.99	-5	6.09	1172
9670	-4.76	-4.9	-4.9	12.7	581
9680	-4.57	-4.79	-4.79	9.74	1110
9690	-4.35	-4.64	-4.64	20.86	1545
9700	-4.07	-4.43	-4.41	22.47	611
9710	-3.75	-4.19	-4.18	25.4	1608
9720	-3.4	-3.91	-3.89	36.52	879
9730	-3	-3.6	-3.58	36.52	1171
9740	-2.58	-3.26	-3.24	41.73	1044
9750	-2.14	-2.91	-2.86	34.37	308
9760	-1.66	-2.55	-2.5	36.52	755
9770	-1.17	-2.17	-2.13	32.46	166
9780	-0.67	-1.81	-1.78	36.52	918
9790	-0.15	-1.44	-1.39	34.37	212
9800	0.35	-1.08	-1.04	30.75	624
9810	0.86	-0.7	-0.67	38.95	487
9820	1.37	-0.34	-0.3	32.46	366
9830	1.86	0.04	0.07	44.94	799
9840	2.33	0.4	0.44	34.37	82
9850	2.76	0.77	0.81	41.73	827
9860	3.18	1.13	1.18	32.46	197
9870	3.56	1.51	1.54	36.52	908
9880	3.9	1.88	1.93	34.37	-14
9890	4.21	2.31	2.35	44.94	1020
9900	4.46	2.68	2.72	34.37	-114
9910	4.67	3.06	3.12	36.52	833
9920	4.83	3.45	3.51	36.52	499
9930	4.93	3.87	3.89	38.95	380
9940	4.99	4.17	4.22	30.75	262
9950	4.99	4.52	4.55	38.95	913
9960	4.93	4.86	4.92	32.46	-1853
9970	4.83	4.98	5.02	-5.56	-3428
9980	4.66	4.91	4.92	-11.24	-1572
9990	4.45	4.7	4.66	-32.46	189
10000	4.18	4.5	4.53	-8.35	-2512
10010	3.88	4.28	4.25	-34.37	-674
10020	3.53	4	4.01	-27.82	-1505
10030	3.14	3.69	3.67	-48.69	-925
10040	2.71	3.35	3.33	-30.75	-582
10050	2.26	2.99	2.98	-36.52	-1164
10060	1.78	2.63	2.59	-29.21	592
10070	1.27	2.26	2.24	-38.95	-1542
10080	0.76	1.88	1.86	-34.37	657
10090	0.23	1.51	1.5	-48.69	-1364
10100	-0.29	1.15	1.1	-36.52	610
10110	-0.82	0.78	0.77	-36.52	-1329
10120	-1.34	0.42	0.37	-41.73	306
10130	-1.85	0.06	0.06	-38.95	-1017
10140	-2.33	-0.32	-0.33	-44.94	-352
10150	-2.78	-0.69	-0.71	-30.75	-184
10160	-3.2	-1.04	-1.06	-44.94	-525
10170	-3.6	-1.4	-1.43	-34.37	-305
10180	-3.95	-1.76	-1.79	-32.46	-879
10190	-4.25	-2.15	-2.19	-36.52	43
10200	-4.51	-2.51	-2.54	-36.52	-509
10210	-4.72	-2.87	-2.91	-38.95	-344
10220	-4.87	-3.24	-3.27	-32.46	-560
10230	-4.97	-3.61	-3.65	-36.52	-425
10240	-5	-3.98	-4.02	-38.95	-4
10250	-4.99	-4.35	-4.37	-38.95	-1008
10260	-4.91	-4.72	-4.76	-44.94	64
10270	-4.78	-4.95	-5.02	-8.47	3949
10280	-4.59	-4.98	-4.99	7.04	1533
10290	-4.36	-4.76	-4.78	41.73	3484
10300	-4.07	-4.46	-4.41	29.21	-2767
10310	-3.73	-4.19	-4.23	26.56	4021
10320	-3.34	-3.89	-3.86	38.95	-605
10330	-2.92	-3.55	-3.56	34.37	2284
10340	-2.47	-3.19	-3.17	38.95	487
10350	-1.97	-2.82	-2.79	36.52	-24
10360	-1.47	-2.45	-2.43	36.52	939
10370	-0.95	-2.09	-2.06	36.52	-75
10380	-0.4	-1.67	-1.65	44.94	1130
10390	0.14	-1.26	-1.22	38.95	-264
10400	0.68	-0.9	-0.88	44.94	1005
10410	1.22	-0.57	-0.53	36.52	244
10420	1.74	-0.16	-0.14	30.75	676
10430	2.24	0.13	0.15	38.95	631
10440	2.71	0.49	0.51	32.46	235
10450	3.15	0.85	0.89	44.94	764
10460	3.56	1.22	1.25	36.52	181
10470	3.93	1.59	1.61	38.95	956
10480	4.24	1.96	2	32.46	-293
10490	4.5	2.33	2.35	34.37	1145
10500	4.71	2.69	2.72	36.52	186
10510	4.86	3.06	3.08	36.52	804
10520	4.95	3.44	3.47	36.52	188
10530	4.99	3.81	3.83	38.95	599
10540	4.97	4.17	4.21	32.46	417
10550	4.88	4.53	4.56	36.52	555
10560	4.73	4.83	4.9	20.86	-2934
10570	4.53	4.87	4.88	-11.92	-1646
10580	4.27	4.71	4.74	-25.4	-3041
10590	3.95	4.39	4.36	-48.69	261
10600	3.59	4.1	4.11	-26.56	-1752
10610	3.19	3.77	3.76	-44.94	-944
10620	2.73	3.42	3.41	-32.46	-422
10630	2.26	3.06	3.05	-41.73	-948
10640	1.74	2.69	2.65	-30.75	430
10650	1.22	2.33	2.3	-36.52	-1094
10660	0.67	1.96	1.92	-34.37	264
10670	0.11	1.6	1.58	-34.37	-1078
10680	-0.44	1.23	1.18	-36.52	-14
10690	-1	0.85	0.83	-34.37	-450
10700	-1.54	0.49	0.46	-38.95	-656
10710	-2.07	0.12	0.08	-38.95	-94
10720	-2.56	-0.26	-0.29	-36.52	-619
10730	-3.03	-0.63	-0.67	-36.52	-258
10740	-3.46	-1	-1.04	-44.94	-403
10750	-3.84	-1.37	-1.4	-34.37	-366
10760	-4.18	-1.74	-1.78	-41.73	-533
10770	-4.46	-2.11	-2.15	-30.75	11
10780	-4.69	-2.48	-2.5	-44.94	-944
10790	-4.86	-2.85	-2.9	-38.95	26
10800	-4.97	-3.23	-3.25	-38.95	-627
10810	-5	-3.6	-3.63	-34.37	-63
10820	-4.98	-3.96	-3.98	-36.52	-669
10830	-4.9	-4.32	-4.36	-36.52	-338
10840	-4.74	-4.69	-4.71	-38.95	-206
10850	-4.55	-4.88	-4.94	0	4285
10860	-4.28	-4.85	-4.85	11.92	1245
10870	-3.95	-4.58	-4.62	38.95	3263
10880	-3.58	-4.17	-4.14	41.73	-813
10890	-3.15	-3.86	-3.84	30.75	384
10900	-2.69	-3.48	-3.47	41.73	1063
10910	-2.19	-3.12	-3.07	30.75	-796
10920	-1.66	-2.76	-2.75	36.52	1830
10930	-1.11	-2.38	-2.34	41.73	-739
10940	-0.55	-2.01	-2	34.37	1393
10950	0.02	-1.64	-1.59	41.73	-85
10960	0.6	-1.23	-1.2	34.37	1145
10970	1.17	-0.91	-0.88	36.52	929
10980	1.72	-0.54	-0.5	34.37	-120
10990	2.24	-0.16	-0.14	38.95	1216
11000	2.73	0.21	0.26	32.46	-361
11010	3.2	0.58	0.58	34.37	1294
11020	3.62	0.96	0.99	38.95	-306
11030	4	1.32	1.33	36.52	1210
11040	4.31	1.69	1.72	44.94	219
11050	4.58	2.06	2.08	38.95	290
11060	4.78	2.42	2.44	36.52	902
11070	4.91	2.79	2.83	34.37	114
11080	4.99	3.17	3.19	36.52	770
11090	4.99	3.54	3.58	36.52	376
11100	4.92	3.91	3.94	41.73	551
11110	4.79	4.29	4.32	38.95	453
11120	4.59	4.64	4.69	32.46	-1254
11130	4.34	4.79	4.83	0	-2875
11140	4.02	4.71	4.72	-14.61	-1983
11150	3.65	4.41	4.43	-44.94	-2102
11160	3.23	4.04	4	-36.52	819
11170	2.76	3.68	3.67	-30.75	-1387
11180	2.26	3.31	3.27	-41.73	251
11190	1.72	2.94	2.93	-34.37	-968
11200	1.16	2.57	2.54	-36.52	-505
11210	0.58	2.2	2.17	-29.21	-1
11220	-0.01	1.82	1.81	-44.94	-1129
11230	-0.6	1.45	1.41	-30.75	576
11240	-1.17	1.09	1.06	-38.95	-1276
11250	-1.74	0.72	0.68	-34.37	617
11260	-2.28	0.35	0.34	-36.52	-1532
11270	-2.78	-0.02	-0.06	-34.37	452
11280	-3.26	-0.39	-0.41	-30.75	-858
11290	-3.68	-0.76	-0.78	-41.73	-156
11300	-4.05	-1.12	-1.15	-36.52	-542
11310	-4.37	-1.5	-1.52	-38.95	-449
11320	-4.63	-1.87	-1.89	-34.37	-364
11330	-4.83	-2.23	-2.27	-36.52	-247
11340	-4.94	-2.59	-2.62	-38.95	-447
11350	-5	-2.97	-2.99	-44.94	-670
11360	-4.99	-3.33	-3.37	-36.52	24
11370	-4.9	-3.69	-3.72	-36.52	-820
11380	-4.74	-4.07	-4.09	-38.95	-270
11390	-4.52	-4.46	-4.51	-38.95	-473
11400	-4.24	-4.72	-4.79	-7.69	4797
11410	-3.89	-4.71	-4.71	9.74	663
11420	-3.48	-4.52	-4.57	32.46	4173
11430	-3.03	-4.17	-4.17	41.73	1068
11440	-2.54	-3.8	-3.75	36.52	-1065
11450	-2	-3.44	-3.42	38.95	1509
11460	-1.44	-3.07	-3.03	41.73	-385
11470	-0.85	-2.7	-2.69	34.37	1249
11480	-0.26	-2.33	-2.29	41.73	111
11490	0.35	-1.95	-1.93	36.52	351
11500	0.95	-1.58	-1.55	41.73	920
11510	1.53	-1.22	-1.17	34.37	-422
11520	2.09	-0.85	-0.83	36.52	1419
11530	2.62	-0.48	-0.44	34.37	-145
11540	3.12	-0.11	-0.09	36.52	1066
11550	3.56	0.27	0.28	38.95	176
11560	3.96	0.64	0.65	36.52	394
11570	4.3	0.99	1.03	38.95	688
11580	4.58	1.37	1.4	41.73	171
11590	4.78	1.74	1.78	38.95	564
11600	4.92	2.1	2.14	38.95	230
11610	4.99	2.47	2.49	36.52	791
11620	4.98	2.83	2.86	34.37	450
11630	4.9	3.2	3.24	32.46	561
11640	4.74	3.58	3.61	38.95	305
11650	4.52	3.95	3.97	34.37	744
11660	4.23	4.32	4.36	32.46	-209
11670	3.87	4.51	4.57	0	-4190
11680	3.46	4.46	4.48	-13.28	-1234
11690	2.99	4.19	4.23	-38.95	-2839
11700	2.48	3.83	3.8	-36.52	206
11710	1.93	3.46	3.44	-41.73	-342
11720	1.36	3.1	3.07	-38.95	-792
11730	0.75	2.72	2.69	-36.52	191
11740	0.14	2.36	2.34	-38.95	-988
11750	-0.48	1.99	1.95	-36.52	95
11760	-1.09	1.62	1.6	-32.46	-818
11770	-1.67	1.25	1.22	-34.37	-36
11780	-2.24	0.89	0.86	-32.46	-493
11790	-2.78	0.53	0.49	-44.94	-736
11800	-3.27	0.15	0.12	-32.46	94
11810	-3.72	-0.22	-0.25	-41.73	-880
11820	-4.1	-0.58	-0.62	-32.46	273
11830	-4.42	-0.96	-0.98	-48.69	-1275
11840	-4.67	-1.33	-1.38	-34.37	562
11850	-4.86	-1.71	-1.73	-38.95	-1202
11860	-4.98	-2.08	-2.13	-34.37	377
11870	-5	-2.44	-2.47	-32.46	-1070
11880	-4.97	-2.82	-2.85	-36.52	-16
11890	-4.84	-3.25	-3.27	-36.52	-1215
11900	-4.65	-3.6	-3.65	-41.73	-32
11910	-4.38	-3.94	-3.96	-32.46	-2
11920	-4.04	-4.25	-4.29	-38.95	690
11930	-3.65	-4.38	-4.42	13.91	3203
11940	-3.19	-4.28	-4.3	12.98	2355
11950	-2.68	-3.96	-3.98	44.94	2084
11960	-2.13	-3.59	-3.55	38.95	-435
11970	-1.55	-3.21	-3.17	32.46	586
11980	-0.95	-2.85	-2.82	44.94	880
11990	-0.32	-2.48	-2.44	34.37	-294
12000	0.3	-2.11	-2.09	38.95	1434
12010	0.93	-1.74	-1.71	44.94	-276
12020	1.54	-1.37	-1.34	44.94	1036
12030	2.13	-1	-0.97	38.95	34
12040	2.68	-0.63	-0.61	38.95	875
12050	3.19	-0.26	-0.22	38.95	273
12060	3.65	0.12	0.15	36.52	260
12070	4.04	0.48	0.5	38.95	904
12080	4.38	0.85	0.89	41.73	188
12090	4.65	1.23	1.25	32.46	538
12100	4.85	1.6	1.64	41.73	569
12110	4.95	1.97	2.01	38.95	114
12120	4.99	2.35	2.37	34.37	752
12130	4.94	2.72	2.76	36.52	235
12140	4.83	3.1	3.13	32.46	551
12150	4.62	3.47	3.51	34.37	394
12160	4.34	3.84	3.88	38.95	389
12170	4	4.19	4.24	32.46	-960
12180	3.58	4.34	4.38	-9.13	-3077
12190	3.11	4.25	4.28	-15.79	-2178
12200	2.58	3.95	3.98	-44.94	-2057
12210	2.01	3.58	3.54	-36.52	427
12220	1.41	3.21	3.2	-32.46	-669
12230	0.79	2.85	2.83	-48.69	-825
12240	0.15	2.48	2.44	-32.46	159
12250	-0.49	2.1	2.08	-41.73	-794
12260	-1.12	1.73	1.69	-38.95	178
12270	-1.74	1.36	1.33	-36.52	-1097
12280	-2.33	0.98	0.95	-32.46	410
12290	-2.87	0.61	0.58	-34.37	-994
12300	-3.38	0.23	0.2	-41.73	182
12310	-3.82	-0.13	-0.16	-38.95	-678
12320	-4.21	-0.5	-0.54	-32.46	-240
12330	-4.52	-0.86	-0.9	-36.52	-519
12340	-4.76	-1.24	-1.29	-41.73	-351
12350	-4.92	-1.61	-1.66	-32.46	-211
12360	-5	-1.99	-2.02	-36.52	-550
12370	-4.99	-2.36	-2.41	-38.95	-64
12380	-4.91	-2.78	-2.83	-34.37	-791
12390	-4.73	-3.19	-3.23	-38.95	-51
12400	-4.48	-3.55	-3.61	-36.52	-939
12410	-4.15	-3.91	-3.96	-36.52	204
12420	-3.75	-4.18	-4.24	-12.43	3265
12430	-3.3	-4.22	-4.23	7.89	1867
12440	-2.78	-4.01	-4.04	36.52	3841
12450	-2.21	-3.72	-3.72	44.94	1299
12460	-1.61	-3.33	-3.3	34.37	-764
12470	-0.98	-3.03	-3	38.95	1523
12480	-0.33	-2.65	-2.59	36.52	-301
12490	0.32	-2.28	-2.26	32.46	959
12500	0.97	-1.9	-1.86	41.73	188
12510	1.6	-1.53	-1.5	30.75	581
12520	2.21	-1.16	-1.12	38.95	704
12530	2.77	-0.79	-0.75	34.37	179
12540	3.3	-0.42	-0.39	36.52	914
12550	3.76	-0.06	-0.01	38.95	-203
12560	4.16	0.3	0.33	44.94	1277
12570	4.49	0.67	0.71	38.95	-177
12580	4.73	1.04	1.08	38.95	985
12590	4.91	1.41	1.46	34.37	28
12600	4.99	1.79	1.82	38.95	621
12610	4.98	2.16	2.2	36.52	485
12620	4.88	2.54	2.56	34.37	190
12630	4.71	2.91	2.93	36.52	730
12640	4.45	3.28	3.31	36.52	211
12650	4.11	3.65	3.68	36.52	656
12660	3.7	3.98	4.04	29.21	-1347
12670	3.23	4.11	4.15	-7.12	-2812
12680	2.7	4.02	4.03	-17.71	-2049
12690	2.11	3.7	3.73	-38.95	-2017
12700	1.5	3.33	3.3	-34.37	781
12710	0.85	2.96	2.96	-36.52	-1280
12720	0.19	2.59	2.55	-44.94	584
12730	-0.48	2.22	2.22	-36.52	-1452
12740	-1.13	1.86	1.81	-38.95	236
12750	-1.78	1.48	1.47	-30.75	-987
12760	-2.38	1.11	1.08	-48.69	-221
12770	-2.94	0.74	0.71	-38.95	-453
12780	-3.46	0.37	0.34	-44.94	-437
12790	-3.91	0	-0.02	-34.37	-260
12800	-4.29	-0.37	-0.4	-48.69	-854
12810	-4.6	-0.75	-0.77	-30.75	190
12820	-4.83	-1.12	-1.13	-41.73	-1153
12830	-4.95	-1.5	-1.53	-36.52	452
12840	-5	-1.86	-1.88	-36.52	-1054
12850	-4.97	-2.21	-2.26	-32.46	303
12860	-4.83	-2.58	-2.61	-41.73	-1164
12870	-4.6	-2.98	-3	-41.73	368
12880	-4.3	-3.37	-3.38	-38.95	-1106
12890	-3.93	-3.75	-3.82	-38.95	588
12900	-3.47	-4	-4.05	-14.61	2439
12910	-2.96	-4.05	-4.07	9.13	1825
12920	-2.38	-3.88	-3.9	32.46	3304
12930	-1.76	-3.52	-3.52	36.52	834
12940	-1.11	-3.17	-3.13	32.46	-340
12950	-0.44	-2.79	-2.77	38.95	1143
12960	0.23	-2.43	-2.4	30.75	-30
12970	0.91	-2.06	-2.03	38.95	789
12980	1.57	-1.69	-1.66	32.46	303
12990	2.2	-1.31	-1.26	38.95	701
13000	2.78	-0.96	-0.92	36.52	-70
13010	3.32	-0.58	-0.56	38.95	1337
13020	3.8	-0.2	-0.16	38.95	-453
13030	4.21	0.18	0.19	41.73	1164
13040	4.53	0.54	0.57	41.73	7
13050	4.78	0.91	0.93	34.37	785
13060	4.93	1.29	1.32	38.95	165
13070	4.99	1.65	1.67	30.75	871
13080	4.97	2.02	2.06	36.52	287
13090	4.84	2.4	2.43	32.46	196
13100	4.63	2.76	2.78	44.94	913
13110	4.32	3.12	3.15	36.52	193
13120	3.94	3.51	3.53	41.73	984
13130	3.48	3.82	3.89	25.4	-2848
13140	2.96	3.94	3.95	-7.69	-1145
13150	2.37	3.81	3.86	-20.86	-3763
13160	1.74	3.48	3.49	-44.94	-1355
13170	1.09	3.12	3.07	-34.37	837
13180	0.4	2.75	2.73	-38.95	-1405
13190	-0.29	2.37	2.33	-34.37	402
13200	-0.97	2	1.97	-44.94	-810
13210	-1.64	1.64	1.6	-38.95	-453
13220	-2.28	1.26	1.23	-36.52	-214
13230	-2.87	0.9	0.88	-32.46	-704
13240	-3.41	0.53	0.49	-36.52	-144
13250	-3.88	0.15	0.13	-38.95	-602
13260	-4.29	-0.22	-0.26	-44.94	-92
13270	-4.6	-0.58	-0.61	-41.73	-693
13280	-4.83	-0.96	-0.99	-36.52	-376
13290	-4.97	-1.33	-1.37	-34.37	-138
13300	-5	-1.69	-1.73	-34.37	-538
13310	-4.95	-2.06	-2.09	-41.73	-360
13320	-4.79	-2.42	-2.45	-34.37	-588
13330	-4.55	-2.79	-2.83	-38.95	-231
13340	-4.22	-3.17	-3.2	-32.46	-540
13350	-3.8	-3.54	-3.58	-34.37	-298
13360	-3.31	-3.81	-3.88	-13.91	3563
13370	-2.75	-3.84	-3.86	9.27	885
13380	-2.14	-3.63	-3.63	41.73	3480
13390	-1.48	-3.18	-3.14	41.73	-384
13400	-0.81	-2.8	-2.78	32.46	747
13410	-0.11	-2.45	-2.42	41.73	799
13420	0.6	-2.17	-2.14	32.46	-694
13430	1.29	-1.82	-1.81	38.95	1825
13440	1.95	-1.45	-1.4	36.52	-714
13450	2.58	-1.09	-1.06	32.46	1642
13460	3.15	-0.7	-0.67	38.95	109
13470	3.67	-0.34	-0.32	29.21	331
13480	4.11	0.02	0.04	44.94	1186
13490	4.46	0.4	0.43	38.95	-355
13500	4.73	0.76	0.78	36.52	1333
13510	4.91	1.13	1.16	44.94	-184
13520	4.99	1.5	1.52	34.37	1009
13530	4.97	1.87	1.89	41.73	569
13540	4.85	2.24	2.27	30.75	-142
13550	4.63	2.61	2.61	36.52	1202
13560	4.31	2.97	2.99	34.37	-101
13570	3.91	3.34	3.35	34.37	941
13580	3.44	3.7	3.73	36.52	-242
13590	2.89	3.9	3.96	6.95	-4042
13600	2.28	3.87	3.88	-12.7	-1268
13610	1.61	3.6	3.63	-41.73	-2843
13620	0.93	3.23	3.21	-38.95	64
13630	0.22	2.85	2.84	-29.21	-188
13640	-0.49	2.49	2.48	-36.52	-942
13650	-1.19	2.11	2.09	-34.37	302
13660	-1.88	1.74	1.73	-36.52	-1073
13670	-2.52	1.37	1.34	-36.52	252
13680	-3.11	0.99	0.98	-38.95	-887
13690	-3.63	0.62	0.6	-44.94	-98
13700	-4.09	0.25	0.23	-32.46	-239
13710	-4.46	-0.12	-0.13	-34.37	-793
13720	-4.74	-0.49	-0.51	-32.46	-50
13730	-4.92	-0.86	-0.88	-38.95	-504
13740	-5	-1.23	-1.25	-36.52	-402
13750	-4.98	-1.61	-1.62	-38.95	-489
13760	-4.85	-1.97	-2	-34.37	-46
13770	-4.63	-2.34	-2.35	-41.73	-584
13780	-4.3	-2.7	-2.71	-32.46	-437
13790	-3.89	-3.07	-3.1	-38.95	-359
13800	-3.39	-3.46	-3.47	-32.46	-411
13810	-2.83	-3.73	-3.8	-14.61	3664
13820	-2.21	-3.76	-3.77	7.79	1004
13830	-1.53	-3.58	-3.61	32.46	3938
13840	-0.83	-3.23	-3.21	44.94	969
13850	-0.11	-2.85	-2.82	30.75	-830
13860	0.62	-2.49	-2.48	36.52	1820
13870	1.33	-2.11	-2.07	38.95	-749
13880	2.01	-1.75	-1.74	32.46	1655
13890	2.65	-1.33	-1.27	36.52	-687
13900	3.24	-1	-0.99	27.82	661
13910	3.76	-0.64	-0.62	41.73	977
13920	4.19	-0.27	-0.23	32.46	-368
13930	4.55	0.11	0.13	41.73	1328
13940	4.8	0.48	0.53	34.37	-677
13950	4.94	0.85	0.86	44.94	1476
13960	4.99	1.24	1.27	34.37	-577
13970	4.93	1.58	1.59	36.52	1527
13980	4.77	1.95	1.99	41.73	-122
13990	4.5	2.33	2.34	36.52	866
14000	4.12	2.72	2.78	36.52	147
14010	3.67	3.1	3.11	38.95	387
14020	3.14	3.44	3.46	38.95	822
14030	2.54	3.65	3.73	10.25	-5454
14040	1.88	3.63	3.62	-9.27	-124
14050	1.18	3.39	3.44	-34.37	-3528
14060	0.46	3.03	3	-41.73	-107
14070	-0.28	2.65	2.64	-29.21	-272
14080	-1.02	2.28	2.26	-38.95	-888
14090	-1.72	1.92	1.87	-32.46	732
14100	-2.4	1.54	1.53	-38.95	-1563
14110	-3.01	1.17	1.12	-44.94	715
14120	-3.58	0.79	0.78	-36.52	-1405
14130	-4.04	0.42	0.39	-38.95	304
14140	-4.44	0.05	0.04	-34.37	-840
14150	-4.73	-0.33	-0.36	-36.52	-171
14160	-4.92	-0.7	-0.72	-32.46	-451
14170	-5	-1.08	-1.09	-36.52	-499
14180	-4.98	-1.45	-1.46	-38.95	-102
14190	-4.84	-1.82	-1.85	-36.52	-765
14200	-4.59	-2.2	-2.22	-32.46	116
14210	-4.24	-2.57	-2.58	-44.94	-928
14220	-3.81	-2.94	-2.97	-38.95	315
14230	-3.28	-3.32	-3.33	-41.73	-1076
14240	-2.69	-3.58	-3.66	-13.28	4302
14250	-2.03	-3.6	-3.6	9.74	131
14260	-1.32	-3.39	-3.44	34.37	4453
14270	-0.6	-3.03	-3.04	44.94	847
14280	0.15	-2.66	-2.63	32.46	-784
14290	0.9	-2.29	-2.28	38.95	1759
14300	1.62	-1.93	-1.89	38.95	-737
14310	2.31	-1.55	-1.57	38.95	1478
14320	2.94	-1.18	-1.16	38.95	200
14330	3.52	-0.82	-0.79	29.21	270
14340	4.01	-0.47	-0.44	38.95	952
14350	4.41	-0.11	-0.07	36.52	49
14360	4.71	0.27	0.29	38.95	1025
14370	4.91	0.64	0.69	34.37	-219
14380	4.99	1.05	1.1	36.52	870
14390	4.97	1.46	1.5	41.73	69
14400	4.83	1.86	1.88	41.73	950
14410	4.57	2.15	2.17	38.95	240
14420	4.22	2.49	2.51	32.46	591
14430	3.76	2.85	2.89	34.37	501
14440	3.23	3.2	3.23	34.37	374
14450	2.62	3.47	3.54	19.48	-3492
14460	1.94	3.51	3.52	-10.43	-1121
14470	1.23	3.32	3.35	-29.21	-3633
14480	0.48	2.96	2.96	-41.73	-956
14490	-0.28	2.59	2.55	-29.21	867
14500	-1.03	2.22	2.21	-38.95	-1568
14510	-1.76	1.85	1.81	-36.52	677
14520	-2.45	1.47	1.46	-41.73	-1190
14530	-3.08	1.11	1.08	-38.95	497
14540	-3.65	0.75	0.74	-36.52	-1282
14550	-4.12	0.39	0.35	-34.37	30
14560	-4.51	0.01	-0.01	-38.95	-745
14570	-4.79	-0.36	-0.4	-44.94	-23
14580	-4.95	-0.74	-0.76	-38.95	-613
14590	-5	-1.1	-1.13	-34.37	-376
14600	-4.94	-1.47	-1.5	-36.52	-424
14610	-4.77	-1.85	-1.88	-41.73	-337
14620	-4.48	-2.22	-2.26	-36.52	-323
14630	-4.08	-2.59	-2.62	-38.95	-400
14640	-3.59	-2.97	-3	-44.94	-343
14650	-3.01	-3.34	-3.37	-34.37	-195
14660	-2.36	-3.56	-3.63	-8.35	4476
14670	-1.66	-3.55	-3.55	11.02	627
14680	-0.92	-3.31	-3.35	44.94	3874
14690	-0.15	-2.94	-2.93	48.69	206
14700	0.61	-2.58	-2.56	30.75	192
14710	1.37	-2.21	-2.17	38.95	963
14720	2.09	-1.83	-1.8	32.46	-462
14730	2.76	-1.46	-1.45	38.95	1436
14740	3.37	-1.09	-1.04	36.52	-471
14750	3.89	-0.71	-0.69	36.52	1155
14760	4.34	-0.34	-0.3	44.94	-31
14770	4.66	0.04	0.06	36.52	727
14780	4.88	0.41	0.44	41.73	516
14790	4.99	0.78	0.82	32.46	234
14800	4.97	1.16	1.18	34.37	656
14810	4.84	1.52	1.55	34.37	106
14820	4.58	1.88	1.9	38.95	952
14830	4.22	2.24	2.28	34.37	139
14840	3.75	2.62	2.64	44.94	770
14850	3.2	2.98	3	32.46	240
14860	2.57	3.25	3.32	15.37	-3118
14870	1.87	3.28	3.3	-11.92	-1403
14880	1.13	3.1	3.13	-34.37	-3648
14890	0.36	2.71	2.68	-38.95	-57
14900	-0.42	2.33	2.29	-41.73	-255
14910	-1.19	1.93	1.89	-41.73	-384
14920	-1.93	1.53	1.5	-30.75	-285
14930	-2.63	1.16	1.11	-38.95	-742
14940	-3.26	0.7	0.64	-30.75	-190
14950	-3.81	0.34	0.29	-41.73	-516
14960	-4.27	-0.01	-0.05	-34.37	-60
14970	-4.63	-0.29	-0.32	-41.73	-1081
14980	-4.87	-0.58	-0.62	-41.73	-29
14990	-4.99	-0.95	-0.97	-38.95	-634
15000	-4.99	-1.32	-1.36	-41.73	-87
15010	-4.87	-1.73	-1.74	-30.75	-849
15020	-4.63	-2.04	-2.08	-44.94	-643
15030	-4.27	-2.42	-2.45	-30.75	113
15040	-3.81	-2.79	-2.82	-41.73	-895
15050	-3.25	-3.15	-3.19	-32.46	305
15060	-2.61	-3.42	-3.48	-18.85	2466
15070	-1.9	-3.47	-3.48	12.98	2015
15080	-1.16	-3.27	-3.31	34.37	3465
15090	-0.37	-2.91	-2.91	41.73	1065
15100	0.42	-2.55	-2.5	36.52	-1083
15110	1.19	-2.17	-2.16	41.73	1821
15120	1.94	-1.8	-1.75	38.95	-654
15130	2.65	-1.43	-1.41	32.46	1187
15140	3.28	-1.05	-1.02	38.95	274
15150	3.83	-0.68	-0.64	38.95	407
15160	4.29	-0.3	-0.28	36.52	713
15170	4.64	0.07	0.11	32.46	-128
15180	4.87	0.43	0.44	36.52	1099
15190	4.99	0.81	0.84	38.95	147
15200	4.97	1.18	1.2	36.52	454
15210	4.83	1.55	1.58	38.95	637
15220	4.56	1.93	1.96	32.46	21
15230	4.18	2.29	2.31	34.37	1034
15240	3.69	2.66	2.7	36.52	-1
15250	3.11	3.04	3.06	44.94	704
15260	2.45	3.32	3.39	18.85	-3780
15270	1.72	3.35	3.37	-13.91	-934
15280	0.96	3.17	3.21	-27.82	-3990
15290	0.16	2.8	2.8	-41.73	-944
15300	-0.64	2.45	2.4	-36.52	982
15310	-1.43	2.08	2.06	-44.94	-1563
15320	-2.17	1.71	1.66	-34.37	592
15330	-2.86	1.34	1.32	-32.46	-1191
15340	-3.48	0.98	0.93	-44.94	-21
15350	-4.01	0.62	0.58	-30.75	-704
15360	-4.44	0.25	0.2	-44.94	-365
15370	-4.76	-0.13	-0.16	-36.52	-226
15380	-4.94	-0.5	-0.54	-48.69	-736
15390	-5	-0.88	-0.92	-32.46	312
15400	-4.94	-1.3	-1.32	-38.95	-918
15410	-4.74	-1.66	-1.71	-34.37	-328
15420	-4.43	-2.02	-2.03	-34.37	-659
15430	-3.98	-2.35	-2.4	-41.73	-121
15440	-3.45	-2.72	-2.76	-36.52	-598
15450	-2.83	-3.08	-3.13	-41.73	-68
15460	-2.11	-3.38	-3.45	-11.68	3196
15470	-1.37	-3.42	-3.42	8.35	1411
15480	-0.57	-3.24	-3.27	30.75	3906
15490	0.25	-2.87	-2.87	44.94	1010
15500	1.05	-2.51	-2.47	36.52	-1155
15510	1.82	-2.15	-2.15	38.95	2061
15520	2.55	-1.78	-1.73	38.95	-661
15530	3.21	-1.4	-1.39	34.37	1237
15540	3.79	-1.04	-1.03	36.52	284
15550	4.27	-0.68	-0.65	32.46	283
15560	4.63	-0.32	-0.3	48.69	793
15570	4.87	0.05	0.07	30.75	60
15580	4.99	0.41	0.42	34.37	989
15590	4.97	0.78	0.79	34.37	146
15600	4.81	1.16	1.16	36.52	898
15610	4.53	1.53	1.54	38.95	158
15620	4.12	1.9	1.9	36.52	610
15630	3.61	2.28	2.29	48.69	527
15640	3	2.64	2.65	30.75	201
15650	2.31	2.93	2.99	21.64	-2615
15660	1.55	2.99	3.01	-12.98	-2086
15670	0.76	2.82	2.86	-25.4	-2994
15680	-0.06	2.47	2.48	-53.12	-1001
15690	-0.88	2.1	2.08	-34.37	619
15700	-1.67	1.73	1.74	-44.94	-1530
15710	-2.42	1.37	1.33	-32.46	723
15720	-3.11	1	1	-44.94	-1376
15730	-3.7	0.64	0.61	-44.94	256
15740	-4.21	0.27	0.27	-34.37	-1104
15750	-4.59	-0.11	-0.13	-48.69	-49
15760	-4.86	-0.48	-0.48	-34.37	-565
15770	-4.99	-0.85	-0.86	-41.73	-378
15780	-4.99	-1.23	-1.24	-29.21	-191
15790	-4.85	-1.6	-1.6	-36.52	-762
15800	-4.58	-1.96	-1.99	-34.37	230
15810	-4.18	-2.34	-2.34	-38.95	-1067
15820	-3.67	-2.71	-2.73	-36.52	57
15830	-3.05	-3.08	-3.08	-34.37	-567
15840	-2.36	-3.34	-3.41	-17.71	3662
15850	-1.6	-3.37	-3.38	10.62	769
15860	-0.79	-3.15	-3.21	34.37	4227
15870	0.04	-2.79	-2.79	53.12	839
15880	0.86	-2.44	-2.41	38.95	-507
15890	1.67	-2.04	-2.04	44.94	1425
15900	2.42	-1.67	-1.65	34.37	-330
15910	3.12	-1.25	-1.23	36.52	1146
15920	3.72	-0.92	-0.88	36.52	-130
15930	4.22	-0.56	-0.55	41.73	786
15940	4.6	-0.2	-0.16	44.94	343
15950	4.86	0.19	0.21	34.37	245
15960	4.99	0.54	0.56	36.52	888
15970	4.97	0.93	0.95	36.52	131
15980	4.81	1.31	1.31	41.73	676
15990	4.52	1.66	1.69	38.95	422
16000	4.1	2.06	2.07	34.37	432
16010	3.56	2.42	2.44	38.95	250
16020	2.93	2.79	2.79	34.37	812
16030	2.22	3.05	3.12	14.98	-4643
16040	1.44	3.07	3.08	-12.43	-797
16050	0.61	2.86	2.92	-34.37	-3720
16060	-0.22	2.51	2.5	-44.94	-725
16070	-1.06	2.13	2.11	-32.46	580
16080	-1.87	1.76	1.75	-38.95	-1236
16090	-2.62	1.39	1.37	-32.46	324
16100	-3.3	1.03	1.02	-38.95	-1049
16110	-3.88	0.68	0.64	-32.46	176
16120	-4.36	0.3	0.28	-36.52	-1127
16130	-4.71	-0.07	-0.12	-30.75	377
16140	-4.93	-0.44	-0.47	-34.37	-995
16150	-5	-0.81	-0.84	-34.37	-19
16160	-4.94	-1.18	-1.2	-38.95	-571
16170	-4.73	-1.54	-1.58	-38.95	-476
16180	-4.39	-1.92	-1.95	-41.73	-525
16190	-3.93	-2.29	-2.33	-34.37	-115
16200	-3.34	-2.66	-2.7	-41.73	-633
16210	-2.68	-3.04	-3.07	-32.46	-58
16220	-1.92	-3.31	-3.38	-11.92	3624
16230	-1.11	-3.33	-3.33	11.92	897
16240	-0.27	-3.11	-3.15	30.75	4036
16250	0.58	-2.73	-2.73	48.69	844
16260	1.41	-2.37	-2.34	36.52	-627
16270	2.21	-2	-1.97	44.94	1370
16280	2.93	-1.62	-1.58	34.37	-394
16290	3.58	-1.25	-1.23	36.52	1245
16300	4.12	-0.88	-0.83	36.52	-163
16310	4.53	-0.5	-0.48	38.95	970
16320	4.83	-0.13	-0.09	44.94	193
16330	4.98	0.25	0.27	32.46	606
16340	4.98	0.62	0.65	38.95	313
16350	4.84	0.99	1.03	34.37	340
16360	4.55	1.36	1.39	41.73	645
16370	4.12	1.73	1.76	38.95	507
16380	3.59	2.1	2.14	34.37	187
16390	2.94	2.47	2.49	36.52	781
16400	2.21	2.82	2.87	34.37	-1825
16410	1.41	2.96	2.97	-11.02	-1696
16420	0.57	2.83	2.85	-23.37	-3132
16430	-0.29	2.48	2.49	-41.73	-1338
16440	-1.15	2.1	2.04	-32.46	964
16450	-1.96	1.78	1.79	-32.46	-1442
16460	-2.72	1.43	1.37	-36.52	531
16470	-3.4	1.06	1.05	-34.37	-1047
16480	-3.98	0.69	0.65	-48.69	-376
16490	-4.44	0.32	0.29	-30.75	-85
16500	-4.77	-0.06	-0.08	-48.69	-1040
16510	-4.97	-0.43	-0.47	-29.21	443
16520	-5	-0.81	-0.83	-38.95	-1202
16530	-4.9	-1.18	-1.23	-34.37	779
16540	-4.64	-1.54	-1.55	-41.73	-1586
16550	-4.24	-1.92	-1.96	-34.37	654
16560	-3.73	-2.28	-2.29	-38.95	-1141
16570	-3.08	-2.64	-2.68	-41.73	-192
16580	-2.36	-2.97	-3.01	-22.47	1565
16590	-1.57	-3.07	-3.11	0	2269
16600	-0.72	-2.96	-2.98	20.86	2691
16610	0.15	-2.62	-2.63	41.73	1832
16620	1	-2.26	-2.21	34.37	-1108
16630	1.85	-1.89	-1.88	36.52	1656
16640	2.62	-1.53	-1.48	41.73	104
16650	3.32	-1.16	-1.13	30.75	412
16660	3.91	-0.79	-0.76	41.73	834
16670	4.39	-0.42	-0.39	34.37	196
16680	4.74	-0.05	-0.02	48.69	633
16690	4.94	0.33	0.36	38.95	280
16700	4.99	0.7	0.74	38.95	596
16710	4.88	1.08	1.11	41.73	409
16720	4.64	1.45	1.48	38.95	411
16730	4.24	1.81	1.85	36.52	403
16740	3.72	2.17	2.22	36.52	701
16750	3.08	2.55	2.59	36.52	74
16760	2.35	2.92	2.96	38.95	-155
16770	1.54	3.08	3.14	0	-4145
16780	0.68	3.01	3.03	-10.82	-1157
16790	-0.2	2.73	2.77	-38.95	-2440
16800	-1.06	2.36	2.33	-38.95	66
16810	-1.9	1.99	1.95	-30.75	74
16820	-2.69	1.61	1.59	-41.73	-847
16830	-3.39	1.24	1.2	-29.21	480
16840	-3.98	0.86	0.85	-38.95	-1241
16850	-4.45	0.49	0.46	-34.37	544
16860	-4.78	0.12	0.11	-41.73	-1191
16870	-4.97	-0.26	-0.29	-34.37	350
16880	-5	-0.63	-0.65	-38.95	-966
16890	-4.87	-1	-1.04	-41.73	230
16900	-4.59	-1.38	-1.4	-34.37	-1041
16910	-4.17	-1.78	-1.81	-38.95	-48
16920	-3.62	-2.09	-2.1	-30.75	-239
16930	-2.96	-2.47	-2.49	-38.95	-657
16940	-2.2	-2.8	-2.85	-27.82	1289
16950	-1.37	-2.96	-2.99	0	2525
16960	-0.5	-2.86	-2.89	15.79	2382
16970	0.39	-2.56	-2.58	44.94	2343
16980	1.26	-2.2	-2.16	36.52	-901
16990	2.1	-1.83	-1.85	41.73	1613
17000	2.87	-1.46	-1.41	38.95	-238
17010	3.55	-1.1	-1.09	34.37	998
17020	4.11	-0.72	-0.69	36.52	386
17030	4.56	-0.36	-0.35	29.21	253
17040	4.85	0.01	0.04	41.73	1081
17050	4.98	0.37	0.41	30.75	-494
17060	4.97	0.75	0.76	48.69	1558
17070	4.78	1.12	1.17	32.46	-652
17080	4.45	1.5	1.5	38.95	1367
17090	3.97	1.86	1.89	34.37	-243
17100	3.38	2.23	2.23	34.37	1134
17110	2.66	2.61	2.64	34.37	-126
17120	1.87	2.86	2.92	11.92	-3544
17130	1.02	2.89	2.91	-9.74	-2154
17140	0.12	2.68	2.7	-34.37	-3007
17150	-0.77	2.3	2.29	-48.69	-442
17160	-1.65	1.94	1.9	-30.75	147
17170	-2.47	1.57	1.55	-34.37	-1143
17180	-3.2	1.19	1.16	-41.73	414
17190	-3.83	0.83	0.81	-38.95	-1035
17200	-4.35	0.47	0.42	-41.73	197
17210	-4.72	0.09	0.08	-32.46	-1071
17220	-4.94	-0.28	-0.32	-38.95	-137
17230	-5	-0.64	-0.68	-34.37	-216
17240	-4.91	-1.02	-1.02	-34.37	-841
17250	-4.64	-1.39	-1.41	-34.37	-9
17260	-4.23	-1.75	-1.76	-41.73	-533
17270	-3.68	-2.11	-2.15	-36.52	-331
17280	-3	-2.49	-2.51	-34.37	-599
17290	-2.23	-2.84	-2.87	-30.75	823
17300	-1.39	-3	-3.04	0	2624
17310	-0.5	-2.93	-2.96	12.17	2030
17320	0.4	-2.64	-2.66	38.95	2574
17330	1.3	-2.27	-2.23	38.95	-442
17340	2.15	-1.9	-1.89	27.82	509
17350	2.92	-1.53	-1.51	44.94	1039
17360	3.61	-1.18	-1.15	41.73	-275
17370	4.17	-0.82	-0.79	34.37	1244
17380	4.6	-0.46	-0.41	36.52	-134
17390	4.87	-0.08	-0.06	36.52	1075
17400	4.99	0.37	0.41	36.52	-128
17410	4.94	0.72	0.76	38.95	1059
17420	4.72	1.19	1.24	41.73	-136
17430	4.35	1.54	1.58	34.37	766
17440	3.83	1.9	1.95	41.73	428
17450	3.19	2.28	2.34	38.95	590
17460	2.43	2.65	2.7	36.52	378
17470	1.6	2.9	2.97	26.56	-2781
17480	0.71	2.98	3.03	-7.21	-3313
17490	-0.2	2.87	2.89	-14.61	-1884
17500	-1.11	2.56	2.59	-41.73	-1974
17510	-1.97	2.17	2.14	-41.73	347
17520	-2.78	1.82	1.79	-32.46	-414
17530	-3.49	1.44	1.4	-53.12	-757
17540	-4.09	1.06	1.03	-32.46	166
17550	-4.55	0.69	0.67	-44.94	-1141
17560	-4.85	0.33	0.27	-32.46	691
17570	-5	-0.05	-0.06	-41.73	-1463
17580	-4.97	-0.42	-0.47	-38.95	501
17590	-4.78	-0.78	-0.81	-34.37	-1176
17600	-4.42	-1.16	-1.22	-38.95	369
17610	-3.91	-1.53	-1.54	-34.37	-916
17620	-3.27	-1.89	-1.93	-38.95	-161
17630	-2.52	-2.26	-2.28	-34.37	-550
17640	-1.68	-2.52	-2.61	-20.14	3565
17650	-0.79	-2.56	-2.56	14.25	1016
17660	0.13	-2.36	-2.4	29.21	4074
17670	1.05	-2.01	-2	44.94	1139
17680	1.93	-1.64	-1.58	36.52	-1059
17690	2.75	-1.26	-1.25	38.95	1674
17700	3.47	-0.9	-0.84	36.52	-471
17710	4.07	-0.53	-0.49	38.95	974
17720	4.53	-0.15	-0.12	41.73	343
17730	4.85	0.21	0.26	34.37	233
17740	4.99	0.57	0.61	34.37	765
17750	4.95	0.93	0.97	41.73	267
17760	4.76	1.3	1.32	36.52	753
17770	4.38	1.67	1.71	41.73	456
17780	3.87	2.04	2.08	36.52	399
17790	3.21	2.42	2.44	36.52	563
17800	2.45	2.79	2.82	41.73	428
17810	1.6	3.07	3.14	18.85	-3776
17820	0.7	3.12	3.12	-12.43	-759
17830	-0.23	2.92	2.97	-26.56	-4007
17840	-1.16	2.56	2.56	-38.95	-852
17850	-2.04	2.2	2.15	-36.52	923
17860	-2.85	1.82	1.81	-41.73	-1630
17870	-3.58	1.45	1.4	-34.37	771
17880	-4.16	1.08	1.06	-36.52	-1229
17890	-4.6	0.71	0.68	-38.95	127
17900	-4.9	0.35	0.34	-38.95	-1077
17910	-5	-0.07	-0.11	-44.94	467
17920	-4.94	-0.42	-0.46	-30.75	-1245
17930	-4.71	-0.82	-0.85	-41.73	128
17940	-4.3	-1.13	-1.16	-30.75	-285
17950	-3.75	-1.51	-1.53	-41.73	-718
17960	-3.07	-1.9	-1.94	-32.46	9
17970	-2.28	-2.24	-2.27	-41.73	-957
17980	-1.4	-2.51	-2.58	-14.25	4487
17990	-0.48	-2.55	-2.55	8.35	632
18000	0.47	-2.36	-2.41	38.95	4267
18010	1.39	-2	-1.99	53.12	919
18020	2.27	-1.64	-1.59	34.37	-792
18030	3.06	-1.26	-1.25	44.94	1722
18040	3.75	-0.89	-0.83	32.46	-811
18050	4.3	-0.53	-0.51	32.46	1585
18060	4.7	-0.16	-0.13	41.73	-93
18070	4.93	0.21	0.23	34.37	646
18080	4.99	0.57	0.6	34.37	707
18090	4.87	0.95	0.98	32.46	261
18100	4.57	1.32	1.34	38.95	672
18110	4.11	1.69	1.73	34.37	309
18120	3.51	2.07	2.09	32.46	575
18130	2.77	2.44	2.48	38.95	289
18140	1.93	2.72	2.79	17.18	-3546
18150	1.03	2.77	2.77	-10.62	-1257
18160	0.08	2.57	2.61	-36.52	-3638
18170	-0.86	2.21	2.21	-53.12	-936
18180	-1.79	1.85	1.81	-29.21	613
18190	-2.64	1.47	1.46	-48.69	-1383
18200	-3.39	1.1	1.06	-30.75	701
18210	-4.03	0.72	0.71	-41.73	-1258
18220	-4.52	0.36	0.33	-32.46	465
18230	-4.85	-0.01	-0.02	-38.95	-1193
18240	-5	-0.39	-0.43	-34.37	485
18250	-4.97	-0.76	-0.77	-36.52	-1137
18260	-4.76	-1.13	-1.17	-44.94	244
18270	-4.37	-1.5	-1.52	-29.21	-865
18280	-3.82	-1.87	-1.9	-48.69	-342
18290	-3.14	-2.24	-2.27	-34.37	-280
18300	-2.34	-2.62	-2.65	-44.94	-636
18310	-1.45	-2.89	-2.97	-13.28	3692
18320	-0.51	-2.94	-2.94	5.73	1004
18330	0.44	-2.76	-2.79	32.46	4069
18340	1.39	-2.4	-2.37	48.69	816
18350	2.28	-2.03	-2	30.75	-435
18360	3.08	-1.66	-1.65	38.95	1575
18370	3.79	-1.29	-1.25	36.52	-674
18380	4.34	-0.91	-0.89	38.95	1579
18390	4.73	-0.53	-0.48	34.37	-486
18400	4.95	-0.16	-0.15	32.46	1240
18410	4.99	0.27	0.34	32.46	-363
18420	4.84	0.69	0.72	34.37	1039
18430	4.51	1.03	1.06	38.95	287
18440	4.01	1.31	1.34	34.37	360
18450	3.37	1.69	1.72	36.52	719
18460	2.59	2.07	2.1	41.73	217
18470	1.72	2.41	2.47	34.37	-494
18480	0.79	2.58	2.63	0	-3515
18490	-0.18	2.52	2.54	-12.98	-1756
18500	-1.13	2.23	2.24	-38.95	-2311
18510	-2.06	1.85	1.81	-38.95	282
18520	-2.9	1.47	1.45	-30.75	-472
18530	-3.62	1.1	1.06	-38.95	-659
18540	-4.22	0.74	0.69	-30.75	160
18550	-4.66	0.36	0.34	-41.73	-1198
18560	-4.93	-0.01	-0.05	-32.46	489
18570	-5	-0.39	-0.4	-44.94	-1223
18580	-4.9	-0.76	-0.79	-36.52	387
18590	-4.6	-1.13	-1.15	-38.95	-1057
18600	-4.14	-1.51	-1.54	-44.94	2
18610	-3.51	-1.88	-1.88	-32.46	-577
18620	-2.75	-2.26	-2.29	-41.73	-390
18630	-1.89	-2.61	-2.64	-30.75	912
18640	-0.96	-2.75	-2.79	0	3257
18650	0.02	-2.65	-2.68	16.69	1920
18660	0.99	-2.34	-2.38	44.94	2400
18670	1.92	-1.96	-1.93	38.95	-369
18680	2.78	-1.59	-1.58	30.75	546
18690	3.54	-1.22	-1.19	41.73	895
18700	4.16	-0.84	-0.81	36.52	-447
18710	4.62	-0.47	-0.46	41.73	1381
18720	4.9	-0.09	-0.06	32.46	-389
18730	4.99	0.28	0.29	34.37	1164
18740	4.9	0.65	0.69	41.73	-75
18750	4.62	1.03	1.04	34.37	913
18760	4.15	1.4	1.43	44.94	84
18770	3.53	1.76	1.78	34.37	546
18780	2.77	2.13	2.15	32.46	427
18790	1.9	2.49	2.51	41.73	424
18800	0.96	2.72	2.79	11.68	-4465
18810	-0.01	2.73	2.73	-13.28	-775
18820	-0.99	2.51	2.56	-34.37	-3666
18830	-1.94	2.14	2.15	-44.94	-546
18840	-2.8	1.76	1.75	-29.21	227
18850	-3.56	1.39	1.39	-44.94	-1070
18860	-4.18	1.02	0.99	-41.73	485
18870	-4.64	0.64	0.64	-44.94	-1184
18880	-4.92	0.27	0.25	-38.95	205
18890	-5	-0.11	-0.11	-32.46	-787
18900	-4.9	-0.51	-0.57	-36.52	40
18910	-4.59	-0.89	-0.91	-38.95	-541
18920	-4.11	-1.22	-1.23	-36.52	-590
18930	-3.48	-1.59	-1.6	-38.95	-145
18940	-2.7	-1.96	-1.97	-36.52	-635
18950	-1.82	-2.33	-2.35	-36.52	12
18960	-0.86	-2.58	-2.64	-15.37	3369
18970	0.13	-2.61	-2.61	9.42	947
18980	1.11	-2.4	-2.45	34.37	4136
18990	2.06	-2.03	-2.04	41.73	838
19000	2.91	-1.66	-1.65	30.75	-527
19010	3.66	-1.29	-1.29	38.95	1479
19020	4.25	-0.92	-0.89	36.52	-846
19030	4.69	-0.55	-0.56	32.46	1740
19040	4.94	-0.18	-0.15	34.37	-375
19050	4.99	0.2	0.2	38.95	956
19060	4.84	0.57	0.58	38.95	380
19070	4.5	0.95	0.96	32.46	229
19080	3.98	1.32	1.33	36.52	843
19090	3.31	1.69	1.71	32.46	-100
19100	2.49	2.07	2.07	38.95	1080
19110	1.58	2.37	2.44	30.75	-2813
19120	0.61	2.49	2.5	-8.23	-1235
19130	-0.4	2.36	2.41	-18.26	-3598
19140	-1.38	2.03	2.04	-41.73	-1309
19150	-2.31	1.67	1.64	-38.95	771
19160	-3.14	1.31	1.3	-32.46	-1456
19170	-3.86	0.93	0.89	-38.95	469
19180	-4.42	0.56	0.54	-34.37	-1030
19190	-4.8	0.19	0.15	-41.73	-141
19200	-4.99	-0.19	-0.21	-30.75	-485
19210	-4.98	-0.56	-0.6	-41.73	-510
19220	-4.76	-0.92	-0.96	-27.82	-128
19230	-4.36	-1.3	-1.32	-38.95	-947
19240	-3.77	-1.67	-1.71	-34.37	258
19250	-3.04	-2.04	-2.07	-36.52	-1075
19260	-2.19	-2.42	-2.47	-34.37	310
19270	-1.24	-2.7	-2.76	-13.59	2969
19280	-0.23	-2.72	-2.75	8.47	1628
19290	0.77	-2.52	-2.56	30.75	3763
19300	1.74	-2.16	-2.15	41.73	673
19310	2.65	-1.8	-1.76	32.46	-576
19320	3.45	-1.43	-1.41	38.95	1577
19330	4.1	-1.05	-1	34.37	-626
19340	4.59	-0.69	-0.67	36.52	1410
19350	4.9	-0.32	-0.27	38.95	-217
19360	4.99	0.06	0.08	36.52	845
19370	4.88	0.43	0.48	38.95	277
19380	4.58	0.81	0.83	34.37	551
19390	4.09	1.18	1.23	38.95	219
19400	3.42	1.62	1.65	34.37	1407
19410	2.63	2.04	2.09	38.95	-293
19420	1.71	2.41	2.43	36.52	435
19430	0.72	2.59	2.68	10.43	-4388
19440	-0.29	2.63	2.63	-14.98	-1532
19450	-1.3	2.45	2.48	-23.37	-3203
19460	-2.24	2.07	2.07	-48.69	-1103
19470	-3.11	1.73	1.68	-34.37	965
19480	-3.83	1.36	1.34	-41.73	-1439
19490	-4.41	0.98	0.93	-36.52	306
19500	-4.79	0.61	0.58	-41.73	-829
19510	-4.99	0.23	0.2	-38.95	-305
19520	-4.97	-0.14	-0.16	-34.37	-246
19530	-4.74	-0.51	-0.54	-38.95	-693
19540	-4.32	-0.89	-0.92	-34.37	93
19550	-3.73	-1.26	-1.3	-34.37	-747
19560	-2.97	-1.62	-1.66	-38.95	-98
19570	-2.09	-2	-2.02	-36.52	-752
19580	-1.12	-2.28	-2.35	-16.69	4322
19590	-0.11	-2.33	-2.33	7.49	652
19600	0.92	-2.13	-2.17	29.21	4370
19610	1.9	-1.76	-1.74	44.94	803
19620	2.8	-1.4	-1.36	29.21	-512
19630	3.59	-1.03	-1.02	38.95	1413
19640	4.23	-0.67	-0.62	34.37	-599
19650	4.67	-0.29	-0.28	44.94	1574
19660	4.94	0.08	0.14	32.46	-532
19670	4.99	0.46	0.47	34.37	1147
19680	4.83	0.82	0.85	34.37	70
19690	4.45	1.19	1.22	38.95	884
19700	3.9	1.57	1.6	41.73	148
19710	3.18	1.93	1.95	32.46	637
19720	2.33	2.29	2.31	38.95	393
19730	1.37	2.56	2.63	17.71	-3618
19740	0.35	2.59	2.61	-8.99	-1003
19750	-0.69	2.41	2.44	-27.82	-3793
19760	-1.68	2.04	2.04	-38.95	-804
19770	-2.62	1.68	1.65	-32.46	397
19780	-3.44	1.31	1.29	-48.69	-1122
19790	-4.11	0.93	0.9	-38.95	496
19800	-4.62	0.56	0.55	-38.95	-1159
19810	-4.92	0.19	0.15	-36.52	348
19820	-5	-0.19	-0.21	-34.37	-907
19830	-4.88	-0.56	-0.6	-38.95	9
19840	-4.55	-0.93	-0.96	-30.75	-588
19850	-4.02	-1.3	-1.33	-44.94	-297
19860	-3.32	-1.67	-1.69	-32.46	-513
19870	-2.47	-2.03	-2.07	-38.95	-223
19880	-1.52	-2.35	-2.41	-24.34	1750
19890	-0.5	-2.45	-2.48	0	1826
19900	0.54	-2.33	-2.35	23.37	3269
19910	1.55	-1.93	-1.89	44.94	938
19920	2.51	-1.53	-1.47	29.21	-1007
19930	3.35	-1.13	-1.13	41.73	1859
19940	4.04	-0.75	-0.7	34.37	-948
19950	4.57	-0.39	-0.37	36.52	1444
19960	4.88	-0.07	-0.04	36.52	-48
19970	4.99	0.25	0.27	30.75	369
19980	4.88	0.58	0.61	44.94	913
19990	4.56	0.96	0.98	30.75	72
20000	4.04	1.33	1.36	38.95	909
20010	3.34	1.71	1.73	38.95	-95
20020	2.49	2.08	2.09	34.37	910
20030	1.53	2.4	2.47	24.34	-2572
20040	0.51	2.49	2.5	-8.47	-1818
20050	-0.54	2.35	2.38	-23.37	-3061
20060	-1.57	1.96	1.96	-44.94	-1100
20070	-2.52	1.66	1.61	-34.37	850
20080	-3.37	1.29	1.27	-38.95	-1398
20090	-4.07	0.91	0.86	-48.69	298
20100	-4.58	0.54	0.51	-32.46	-911
20110	-4.91	0.16	0.13	-41.73	-219
20120	-5	-0.21	-0.25	-32.46	-94
20130	-4.88	-0.57	-0.6	-36.52	-740
20140	-4.55	-0.93	-0.97	-38.95	-174
20150	-4.01	-1.31	-1.33	-38.95	-841
20160	-3.3	-1.68	-1.72	-32.46	181
20170	-2.43	-2.06	-2.08	-44.94	-939
20180	-1.46	-2.36	-2.43	-15.79	3743
20190	-0.43	-2.42	-2.43	7.3	757
20200	0.63	-2.26	-2.3	29.21	4258
20210	1.66	-1.9	-1.9	38.95	972
20220	2.61	-1.54	-1.5	30.75	-531
20230	3.45	-1.17	-1.15	48.69	1294
20240	4.12	-0.79	-0.76	36.52	-326
20250	4.63	-0.42	-0.4	38.95	1132
20260	4.92	-0.05	-0.01	34.37	-106
20270	4.99	0.33	0.35	36.52	682
20280	4.84	0.69	0.72	38.95	465
20290	4.46	1.06	1.1	36.52	392
20300	3.89	1.43	1.46	32.46	586
20310	3.14	1.81	1.82	38.95	495
20320	2.26	2.17	2.21	32.46	18
20330	1.26	2.43	2.5	18.26	-3200
20340	0.21	2.47	2.48	-12.7	-1545
20350	-0.85	2.27	2.31	-27.82	-3441
20360	-1.88	1.9	1.89	-44.94	-806
20370	-2.82	1.54	1.5	-32.46	887
20380	-3.63	1.17	1.17	-38.95	-1414
20390	-4.28	0.81	0.77	-30.75	678
20400	-4.73	0.4	0.36	-41.73	-1047
20410	-4.97	-0.01	-0.05	-36.52	103
20420	-4.98	-0.37	-0.4	-38.95	-883
20430	-4.77	-0.68	-0.74	-36.52	266
20440	-4.34	-1.03	-1.05	-36.52	-983
20450	-3.7	-1.41	-1.44	-38.95	-31
20460	-2.91	-1.76	-1.79	-44.94	-744
20470	-1.97	-2.14	-2.17	-34.37	-68
20480	-0.96	-2.41	-2.47	-13.28	3329
20490	0.12	-2.44	-2.45	6.28	1460
20500	1.17	-2.26	-2.29	32.46	3939
20510	2.19	-1.89	-1.88	48.69	756
20520	3.1	-1.46	-1.44	30.75	410
20530	3.86	-1.16	-1.15	48.69	1369
20540	4.44	-0.79	-0.76	34.37	-549
20550	4.83	-0.43	-0.42	38.95	1488
20560	4.99	-0.07	-0.02	32.46	-363
20570	4.92	0.3	0.32	34.37	1275
20580	4.62	0.68	0.71	38.95	-139
20590	4.11	1.05	1.08	36.52	664
20600	3.4	1.41	1.44	36.52	639
20610	2.55	1.79	1.82	30.75	247
20620	1.57	2.16	2.19	38.95	597
20630	0.51	2.43	2.5	14.98	-4142
20640	-0.57	2.47	2.47	-9.9	-702
20650	-1.62	2.28	2.33	-29.21	-3938
20660	-2.61	1.92	1.92	-48.69	-633
20670	-3.46	1.55	1.52	-34.37	466
20680	-4.16	1.19	1.18	-44.94	-1319
20690	-4.66	0.82	0.77	-32.46	385
20700	-4.94	0.44	0.42	-36.52	-950
20710	-5	0.07	0.04	-34.37	101
20720	-4.81	-0.3	-0.33	-34.37	-783
20730	-4.42	-0.68	-0.71	-41.73	33
20740	-3.8	-1.05	-1.08	-41.73	-673
20750	-3	-1.43	-1.46	-38.95	-320
20760	-2.08	-1.8	-1.82	-32.46	-48
20770	-1.04	-2.07	-2.14	-18.26	3128
20780	0.04	-2.11	-2.13	9.74	1609
20790	1.11	-1.92	-1.95	29.21	3623
20800	2.14	-1.55	-1.55	38.95	957
20810	3.07	-1.19	-1.16	30.75	-637
20820	3.84	-0.82	-0.81	36.52	1635
20830	4.44	-0.46	-0.41	32.46	-670
20840	4.84	-0.08	-0.07	38.95	1564
20850	4.99	0.29	0.34	44.94	-616
20860	4.91	0.65	0.67	36.52	1347
20870	4.59	1.03	1.06	41.73	223
20880	4.07	1.4	1.43	32.46	440
20890	3.34	1.78	1.8	48.69	804
20900	2.45	2.2	2.22	29.21	121
20910	1.45	2.47	2.54	14.61	-3622
20920	0.37	2.51	2.51	-11.46	-1118
20930	-0.72	2.35	2.38	-24.34	-3334
20940	-1.78	2	2.01	-41.73	-1133
20950	-2.76	1.62	1.59	-34.37	780
20960	-3.6	1.23	1.22	-38.95	-1381
20970	-4.27	0.89	0.84	-36.52	229
20980	-4.73	0.53	0.5	-38.95	-925
20990	-4.98	0.15	0.12	-41.73	-329
21000	-4.98	-0.22	-0.25	-29.21	-86
21010	-4.73	-0.6	-0.62	-36.52	-752
21020	-4.27	-0.96	-0.99	-30.75	107
21030	-3.6	-1.32	-1.34	-38.95	-1160
21040	-2.75	-1.69	-1.74	-38.95	429
21050	-1.76	-2.07	-2.09	-44.94	-1034
21060	-0.7	-2.35	-2.43	-17.71	4024
21070	0.4	-2.38	-2.37	9.9	342
21080	1.48	-2.2	-2.24	26.56	4469
21090	2.49	-1.83	-1.83	41.73	1151
21100	3.38	-1.47	-1.43	41.73	-1067
21110	4.1	-1.1	-1.09	36.52	1843
21120	4.63	-0.72	-0.68	38.95	-522
21130	4.93	-0.36	-0.35	34.37	1061
21140	4.99	0.02	0.06	36.52	278
21150	4.8	0.4	0.43	29.21	76
21160	4.38	0.77	0.78	41.73	1159
21170	3.74	1.15	1.17	34.37	-296
21180	2.92	1.51	1.53	38.95	1127
21190	1.96	1.88	1.92	38.95	-17
21200	0.9	2.14	2.21	15.79	-3748
21210	-0.21	2.16	2.19	-9.27	-1577
21220	-1.3	1.95	2	-32.46	-3448
21230	-2.34	1.59	1.57	-44.94	-319
21240	-3.25	1.22	1.2	-36.52	-118
21250	-4.01	0.84	0.82	-38.95	-862
21260	-4.57	0.47	0.43	-29.21	508
21270	-4.91	0.09	0.08	-34.37	-1367
21280	-5	-0.28	-0.32	-36.52	594
21290	-4.85	-0.63	-0.64	-38.95	-1121
21300	-4.45	-1.02	-1.04	-41.73	120
21310	-3.84	-1.38	-1.39	-34.37	-791
21320	-3.04	-1.76	-1.79	-38.95	-220
21330	-2.08	-2.11	-2.14	-32.46	-259
21340	-1.02	-2.37	-2.44	-13.28	3517
21350	0.09	-2.41	-2.42	9.74	1121
21360	1.19	-2.21	-2.24	30.75	3978
21370	2.24	-1.83	-1.81	38.95	549
21380	3.18	-1.46	-1.44	34.37	-103
21390	3.95	-1.09	-1.08	38.95	1224
21400	4.53	-0.71	-0.69	36.52	-486
21410	4.88	-0.27	-0.25	48.69	932
21420	4.99	0.11	0.15	36.52	-157
21430	4.85	0.46	0.47	34.37	1031
21440	4.46	0.75	0.78	36.52	320
21450	3.86	1.11	1.13	34.37	486
21460	3.05	1.48	1.52	36.52	641
21470	2.09	1.86	1.88	36.52	-118
21480	1.02	2.11	2.19	15.37	-3400
21490	-0.09	2.15	2.16	-12.7	-1859
21500	-1.22	1.95	1.97	-27.82	-3054
21510	-2.27	1.59	1.58	-48.69	-818
21520	-3.2	1.23	1.19	-36.52	579
21530	-3.98	0.86	0.84	-48.69	-1412
21540	-4.56	0.49	0.44	-36.52	709
21550	-4.91	0.13	0.12	-34.37	-1457
21560	-5	-0.25	-0.29	-38.95	165
21570	-4.85	-0.62	-0.63	-30.75	-662
21580	-4.45	-0.99	-1.02	-44.94	-511
21590	-3.82	-1.38	-1.39	-38.95	38
21600	-2.99	-1.74	-1.75	-38.95	-941
21610	-2.02	-2.1	-2.13	-34.37	189
21620	-0.95	-2.37	-2.44	-16.69	2866
21630	0.19	-2.41	-2.42	12.98	1388
21640	1.31	-2.21	-2.26	36.52	3808
21650	2.36	-1.85	-1.86	44.94	1025
21660	3.28	-1.48	-1.45	34.37	-807
21670	4.04	-1.11	-1.11	44.94	1614
21680	4.6	-0.74	-0.7	32.46	-595
21690	4.92	-0.36	-0.36	34.37	1270
21700	4.99	0.01	0.04	36.52	-75
21710	4.79	0.39	0.4	34.37	707
21720	4.36	0.76	0.78	44.94	499
21730	3.69	1.13	1.16	32.46	-33
21740	2.84	1.5	1.51	36.52	1147
21750	1.83	1.87	1.89	36.52	-301
21760	0.74	2.13	2.19	15.79	-3052
21770	-0.4	2.16	2.19	-9.42	-1553
21780	-1.52	1.96	2.01	-34.37	-3562
21790	-2.56	1.6	1.6	-48.69	-574
21800	-3.46	1.24	1.23	-29.21	112
21810	-4.19	0.86	0.85	-38.95	-967
21820	-4.7	0.49	0.47	-34.37	519
21830	-4.97	0.12	0.12	-41.73	-1338
21840	-4.98	-0.25	-0.29	-34.37	603
21850	-4.73	-0.62	-0.63	-36.52	-1245
21860	-4.23	-0.99	-1.04	-41.73	376
21870	-3.52	-1.37	-1.39	-41.73	-776
21880	-2.61	-1.74	-1.78	-41.73	-223
21890	-1.58	-2.11	-2.14	-32.46	-252
21900	-0.46	-2.38	-2.45	-11.92	3820
21910	0.69	-2.41	-2.41	10.25	1356
21920	1.8	-2.2	-2.23	34.37	3923
21930	2.82	-1.87	-1.87	41.73	1110
21940	3.68	-1.51	-1.46	32.46	-1036
21950	4.36	-1.15	-1.13	44.94	1943
21960	4.79	-0.74	-0.69	38.95	-607
21970	4.99	-0.4	-0.39	30.75	978
21980	4.92	-0.02	0.01	48.69	385
21990	4.58	0.35	0.39	32.46	91
22000	4.01	0.72	0.75	44.94	995
22010	3.23	1.1	1.13	38.95	-442
22020	2.27	1.46	1.47	38.95	1316
22030	1.18	1.82	1.86	34.37	-221
22040	0.05	2.09	2.15	16.23	-3177
22050	-1.11	2.13	2.14	-10.25	-1567
22060	-2.2	1.94	1.97	-30.75	-3550
22070	-3.17	1.58	1.57	-48.69	-557
22080	-3.97	1.15	1.12	-30.75	-663
22090	-4.56	0.84	0.82	-44.94	-958
22100	-4.91	0.48	0.44	-38.95	377
22110	-5	0.11	0.09	-48.69	-1312
22120	-4.83	-0.27	-0.32	-34.37	494
22130	-4.39	-0.64	-0.65	-38.95	-1170
22140	-3.72	-1.02	-1.06	-34.37	364
22150	-2.85	-1.39	-1.41	-34.37	-909
22160	-1.83	-1.76	-1.8	-44.94	105
22170	-0.71	-2.03	-2.09	-9.9	2992
22180	0.44	-2.08	-2.09	4.03	1677
22190	1.59	-1.89	-1.92	30.75	3834
22200	2.63	-1.52	-1.51	41.73	849
22210	3.54	-1.17	-1.12	30.75	-869
22220	4.25	-0.81	-0.78	36.52	1998
22230	4.74	-0.43	-0.37	34.37	-783
22240	4.98	-0.06	-0.04	36.52	1313
22250	4.94	0.32	0.36	38.95	-275
22260	4.64	0.68	0.7	38.95	1129
22270	4.08	1.05	1.1	38.95	379
22280	3.3	1.43	1.46	29.21	264
22290	2.34	1.8	1.83	36.52	890
22300	1.25	2.15	2.2	30.75	-1077
22310	0.11	2.33	2.38	5.08	-3024
22320	-1.06	2.28	2.29	-16.23	-2024
22330	-2.16	2	2.01	-44.94	-2443
22340	-3.15	1.62	1.58	-41.73	511
22350	-3.96	1.26	1.24	-34.37	-915
22360	-4.57	0.89	0.84	-44.94	-277
22370	-4.92	0.51	0.48	-34.37	-87
22380	-5	0.14	0.11	-41.73	-809
22390	-4.81	-0.23	-0.28	-36.52	321
22400	-4.36	-0.67	-0.69	-44.94	-682
22410	-3.67	-1.05	-1.1	-30.75	122
22420	-2.77	-1.44	-1.47	-38.95	-1008
22430	-1.73	-1.85	-1.88	-34.37	349
22440	-0.58	-2.11	-2.17	-11.92	3644
22450	0.58	-2.11	-2.13	10.62	2009
22460	1.73	-1.83	-1.86	38.95	2789
22470	2.77	-1.46	-1.43	38.95	-289
22480	3.67	-1.06	-1.05	34.37	473
22490	4.36	-0.78	-0.78	36.52	1141
22500	4.8	-0.5	-0.47	38.95	-522
22510	4.99	-0.18	-0.16	41.73	1201
22520	4.9	0.2	0.23	38.95	7
22530	4.53	0.57	0.6	32.46	442
22540	3.91	0.95	0.97	36.52	746
22550	3.08	1.32	1.34	34.37	-107
22560	2.08	1.68	1.69	44.94	1227
22570	0.96	1.99	2.07	22.47	-3212
22580	-0.22	2.07	2.08	-10.82	-934
22590	-1.39	1.93	1.97	-27.82	-3893
22600	-2.48	1.58	1.59	-44.94	-1274
22610	-3.42	1.22	1.18	-38.95	881
22620	-4.18	0.84	0.83	-38.95	-1467
22630	-4.71	0.47	0.42	-36.52	775
22640	-4.98	0.09	0.08	-44.94	-1382
22650	-4.97	-0.28	-0.32	-36.52	356
22660	-4.67	-0.65	-0.67	-30.75	-873
22670	-4.11	-1.03	-1.06	-44.94	-174
22680	-3.33	-1.4	-1.43	-36.52	-415
22690	-2.36	-1.78	-1.8	-44.94	-495
22700	-1.26	-2.14	-2.16	-32.46	-22
22710	-0.08	-2.35	-2.42	-8.59	4404
22720	1.1	-2.31	-2.33	12.98	1062
22730	2.22	-2.07	-2.1	32.46	3680
22740	3.21	-1.69	-1.68	53.12	698
22750	4.02	-1.32	-1.29	30.75	-832
22760	4.6	-0.95	-0.93	44.94	1625
22770	4.93	-0.57	-0.53	41.73	-724
22780	4.98	-0.2	-0.19	36.52	1395
22790	4.74	0.18	0.21	41.73	-211
22800	4.23	0.55	0.56	38.95	909
22810	3.48	0.91	0.96	36.52	53
22820	2.54	1.29	1.3	34.37	679
22830	1.45	1.66	1.68	48.69	887
22840	0.27	1.92	1.99	10.07	-5149
22850	-0.92	1.94	1.94	-6.79	-310
22860	-2.06	1.73	1.76	-32.46	-3816
22870	-3.08	1.37	1.34	-41.73	-632
22880	-3.93	1	0.96	-27.82	914
22890	-4.56	0.63	0.62	-38.95	-1659
22900	-4.92	0.26	0.22	-41.73	757
22910	-5	-0.16	-0.2	-38.95	-1141
22920	-4.79	-0.48	-0.51	-36.52	306
22930	-4.31	-0.85	-0.86	-34.37	-1018
22940	-3.59	-1.22	-1.25	-44.94	138
22950	-2.66	-1.58	-1.6	-30.75	-783
22960	-1.58	-1.95	-1.97	-38.95	-396
22970	-0.4	-2.21	-2.28	-12.43	4026
22980	0.81	-2.23	-2.24	5.51	1310
22990	1.95	-2.02	-2.06	32.46	3947
23000	2.99	-1.66	-1.64	41.73	419
23010	3.87	-1.29	-1.26	36.52	208
23020	4.51	-0.91	-0.89	41.73	1056
23030	4.9	-0.56	-0.51	30.75	-430
23040	4.99	-0.19	-0.16	38.95	1231
23050	4.8	0.18	0.22	34.37	-167
23060	4.34	0.55	0.57	41.73	1164
23070	3.61	0.92	0.97	41.73	-212
23080	2.68	1.3	1.32	38.95	1043
23090	1.59	1.71	1.74	34.37	-105
23100	0.41	1.96	2.02	18.85	-3266
23110	-0.79	2.02	2.03	-10.82	-1492
23120	-1.95	1.86	1.88	-27.82	-3288
23130	-3	1.51	1.5	-53.12	-912
23140	-3.88	1.13	1.1	-36.52	329
23150	-4.52	0.76	0.74	-36.52	-947
23160	-4.91	0.4	0.36	-29.21	420
23170	-5	0.04	0.01	-44.94	-1435
23180	-4.8	-0.34	-0.39	-34.37	495
23190	-4.32	-0.71	-0.72	-36.52	-1187
23200	-3.59	-1.09	-1.13	-38.95	113
23210	-2.65	-1.46	-1.48	-34.37	-575
23220	-1.55	-1.82	-1.86	-34.37	-560
23230	-0.36	-2.1	-2.17	-11.68	4370
23240	0.85	-2.13	-2.14	7.3	868
23250	2.02	-1.93	-1.97	30.75	4086
23260	3.06	-1.57	-1.55	38.95	609
23270	3.93	-1.2	-1.17	32.46	-483
23280	4.56	-0.84	-0.83	44.94	1681
23290	4.92	-0.47	-0.42	32.46	-704
23300	4.99	-0.11	-0.09	38.95	1408
23310	4.76	0.26	0.29	44.94	182
23320	4.25	0.64	0.65	34.37	603
23330	3.49	1	1.04	38.95	546
23340	2.52	1.38	1.41	36.52	240
23350	1.4	1.75	1.79	36.52	710
23360	0.2	2.03	2.1	14.98	-4684
23370	-1.02	2.06	2.07	-8.35	-1102
23380	-2.17	1.86	1.9	-36.52	-3610
23390	-3.2	1.5	1.5	-53.12	-451
23400	-4.04	1.13	1.12	-32.46	48
23410	-4.64	0.74	0.7	-38.95	-513
23420	-4.95	0.34	0.3	-29.21	113
23430	-4.98	-0.05	-0.09	-41.73	-862
23440	-4.7	-0.35	-0.37	-36.52	278
23450	-4.15	-0.71	-0.72	-38.95	-932
23460	-3.34	-1.1	-1.15	-36.52	5
23470	-2.34	-1.44	-1.45	-32.46	-640
23480	-1.18	-1.81	-1.83	-41.73	-292
23490	0.04	-2.08	-2.14	-14.61	3659
23500	1.25	-2.11	-2.13	5.56	1136
23510	2.4	-1.92	-1.96	29.21	4019
23520	3.39	-1.55	-1.55	41.73	866
23530	4.18	-1.19	-1.17	30.75	-610
23540	4.72	-0.82	-0.82	38.95	1582
23550	4.98	-0.44	-0.41	34.37	-931
23560	4.93	-0.07	-0.07	36.52	1647
23570	4.58	0.3	0.34	41.73	-619
23580	3.96	0.68	0.68	38.95	1231
23590	3.1	1.05	1.08	38.95	40
23600	2.03	1.43	1.44	30.75	593
23610	0.85	1.8	1.82	41.73	310
23620	-0.37	2.01	2.07	0	-4635
23630	-1.59	1.99	2	-9.13	-989
23640	-2.7	1.73	1.78	-44.94	-2972
23650	-3.65	1.36	1.34	-38.95	370
23660	-4.38	0.99	0.98	-34.37	-503
23670	-4.84	0.63	0.61	-44.94	-562
23680	-5	0.26	0.23	-34.37	-74
23690	-4.86	-0.12	-0.13	-38.95	-620
23700	-4.43	-0.49	-0.51	-41.73	-28
23710	-3.72	-0.85	-0.86	-36.52	-815
23720	-2.78	-1.23	-1.25	-38.95	-200
23730	-1.67	-1.6	-1.61	-34.37	-356
23740	-0.47	-1.87	-1.94	-15.37	3641
23750	0.77	-1.9	-1.92	11.02	1062
23760	1.96	-1.71	-1.76	29.21	3969
23770	3.04	-1.34	-1.36	53.12	981
23780	3.93	-0.98	-0.96	32.46	-692
23790	4.57	-0.61	-0.61	38.95	1554
23800	4.92	-0.23	-0.2	36.52	-694
23810	4.98	0.14	0.14	38.95	1505
23820	4.72	0.51	0.54	44.94	-254
23830	4.17	0.89	0.9	41.73	817
23840	3.37	1.26	1.29	41.73	375
23850	2.36	1.64	1.66	32.46	229
23860	1.19	2.01	2.02	36.52	884
23870	-0.05	2.28	2.36	12.98	-4884
23880	-1.29	2.31	2.33	-7.79	-763
23890	-2.44	2.11	2.16	-32.46	-3741
23900	-3.45	1.75	1.76	-41.73	-642
23910	-4.24	1.34	1.32	-32.46	-348
23920	-4.77	0.98	0.93	-48.69	-775
23930	-5	0.53	0.49	-38.95	187
23940	-4.92	0.25	0.23	-41.73	-1134
23950	-4.52	-0.08	-0.12	-34.37	161
23960	-3.86	-0.48	-0.49	-34.37	-984
23970	-2.94	-0.83	-0.85	-41.73	-114
23980	-1.85	-1.2	-1.22	-36.52	-243
23990	-0.63	-1.58	-1.58	-34.37	-723
24000	0.62	-1.81	-1.88	-8.99	4530
24010	1.83	-1.82	-1.82	8.72	499
24020	2.93	-1.6	-1.66	38.95	4180
24030	3.84	-1.24	-1.24	44.94	653
24040	4.52	-0.88	-0.85	36.52	-463
24050	4.91	-0.51	-0.5	38.95	1460
24060	4.98	-0.15	-0.12	30.75	-566
24070	4.74	0.22	0.23	41.73	1600
24080	4.21	0.6	0.64	38.95	-754
24090	3.4	0.97	0.98	38.95	1375
24100	2.37	1.34	1.37	34.37	-94
24110	1.2	1.71	1.72	32.46	891
24120	-0.05	1.97	2.06	15.79	-4090
24130	-1.3	2.01	2.01	-11.24	-762
24140	-2.47	1.82	1.87	-32.46	-3924
24150	-3.47	1.46	1.46	-53.12	-907
24160	-4.27	1.1	1.06	-38.95	547
24170	-4.79	0.72	0.71	-41.73	-1210
24180	-5	0.35	0.32	-30.75	478
24190	-4.9	-0.02	-0.04	-36.52	-1097
24200	-4.49	-0.4	-0.43	-38.95	213
24210	-3.79	-0.77	-0.79	-41.73	-785
24220	-2.84	-1.15	-1.18	-36.52	-207
24230	-1.71	-1.52	-1.54	-34.37	-306
24240	-0.48	-1.79	-1.85	-18.85	3299
24250	0.79	-1.83	-1.85	9.27	1464
24260	2.01	-1.65	-1.69	32.46	3676
24270	3.1	-1.29	-1.29	48.69	1067
24280	3.97	-0.91	-0.9	34.37	-705
24290	4.62	-0.55	-0.54	38.95	1538
24300	4.94	-0.18	-0.14	30.75	-504
24310	4.97	0.2	0.2	44.94	1459
24320	4.66	0.57	0.6	36.52	-353
24330	4.05	0.95	0.95	34.37	1168
24340	3.18	1.32	1.34	38.95	-44
24350	2.1	1.69	1.69	41.73	833
24360	0.9	2.01	2.07	27.82	-2465
24370	-0.37	2.1	2.13	-11.92	-2055
24380	-1.62	1.96	2.01	-21.64	-3103
24390	-2.77	1.62	1.65	-41.73	-1424
24400	-3.73	1.26	1.23	-30.75	1089
24410	-4.45	0.86	0.85	-36.52	-1820
24420	-4.88	0.51	0.44	-34.37	454
24430	-5	0.13	0.11	-34.37	-911
24440	-4.79	-0.21	-0.22	-44.94	-656
24450	-4.28	-0.56	-0.6	-34.37	31
24460	-3.47	-0.93	-0.98	-38.95	-903
24470	-2.44	-1.31	-1.36	-34.37	278
24480	-1.26	-1.68	-1.71	-36.52	-951
24490	0.01	-1.94	-2.02	-15.79	3903
24500	1.27	-1.97	-1.99	8	790
24510	2.47	-1.78	-1.82	36.52	4358
24520	3.48	-1.41	-1.4	53.12	789
24530	4.28	-1.05	-1.03	34.37	-385
24540	4.79	-0.69	-0.67	44.94	1414
24550	4.99	-0.32	-0.27	30.75	-417
24560	4.86	0.06	0.08	34.37	1276
24570	4.42	0.43	0.48	34.37	-298
24580	3.67	0.79	0.82	32.46	992
24590	2.69	1.17	1.2	44.94	357
24600	1.52	1.53	1.55	32.46	355
24610	0.26	1.8	1.88	19.48	-3237
24620	-1.02	1.83	1.83	-15.37	-1077
24630	-2.23	1.64	1.67	-26.56	-3658
24640	-3.31	1.27	1.27	-53.12	-861
24650	-4.16	0.91	0.88	-38.95	406
24660	-4.73	0.54	0.51	-41.73	-1015
24670	-4.99	0.18	0.13	-32.46	386
24680	-4.92	-0.2	-0.22	-36.52	-1266
24690	-4.52	-0.57	-0.62	-34.37	573
24700	-3.83	-0.95	-0.97	-32.46	-1208
24710	-2.87	-1.32	-1.37	-41.73	397
24720	-1.73	-1.68	-1.69	-32.46	-1030
24730	-0.48	-1.94	-2.02	-17.71	4051
24740	0.82	-1.97	-1.97	11.92	1044
24750	2.06	-1.78	-1.81	26.56	4108
24760	3.15	-1.41	-1.41	53.12	1044
24770	4.04	-1.05	-1.02	34.37	-772
24780	4.66	-0.69	-0.68	44.94	1744
24790	4.97	-0.3	-0.26	38.95	-750
24800	4.94	0.06	0.07	32.46	1383
24810	4.58	0.43	0.48	36.52	94
24820	3.91	0.81	0.83	41.73	315
24830	2.98	1.17	1.2	34.37	871
24840	1.85	1.54	1.57	36.52	22
24850	0.6	1.81	1.88	17.18	-3461
24860	-0.7	1.85	1.86	-12.7	-1016
24870	-1.95	1.65	1.69	-36.52	-3674
24880	-3.07	1.29	1.3	-38.95	-807
24890	-3.98	0.92	0.9	-30.75	639
24900	-4.64	0.55	0.55	-41.73	-1193
24910	-4.97	0.14	0.11	-34.37	315
24920	-4.97	-0.22	-0.25	-48.69	-949
24930	-4.62	-0.57	-0.63	-38.95	137
24940	-3.97	-0.98	-1.02	-38.95	-1039
24950	-3.05	-1.38	-1.44	-32.46	253
24960	-1.92	-1.76	-1.81	-38.95	-889
24970	-0.65	-2.03	-2.11	0	4779
24980	0.64	-2.07	-2.07	8.23	857
24990	1.9	-1.94	-1.99	19.48	3505
25000	3.04	-1.61	-1.64	53.12	1698
25010	3.96	-1.24	-1.2	41.73	-853
25020	4.62	-0.86	-0.86	41.73	1330
25030	4.95	-0.49	-0.47	36.52	-36
25040	4.95	-0.12	-0.11	32.46	658
25050	4.62	0.26	0.28	36.52	517
25060	3.95	0.62	0.64	32.46	235
25070	3.03	0.99	1	41.73	977
25080	1.89	1.37	1.4	30.75	-436
25090	0.62	1.73	1.74	34.37	435
25100	-0.69	1.89	1.95	0	-4866
25110	-1.95	1.81	1.81	-14.25	-1739
25120	-3.08	1.54	1.57	-48.69	-2472
25130	-4	1.17	1.13	-38.95	458
25140	-4.65	0.79	0.78	-30.75	-785
25150	-4.97	0.42	0.39	-36.52	-423
25160	-4.95	0.05	0.01	-38.95	116
25170	-4.59	-0.33	-0.35	-41.73	-1093
25180	-3.91	-0.7	-0.74	-30.75	482
25190	-2.97	-1.06	-1.08	-36.52	-1155
25200	-1.82	-1.43	-1.46	-34.37	197
25210	-0.54	-1.73	-1.79	-24.34	1956
25220	0.78	-1.81	-1.83	6.64	2224
25230	2.04	-1.67	-1.69	27.82	2968
25240	3.17	-1.32	-1.33	44.94	1578
25250	4.07	-0.96	-0.92	36.52	-766
25260	4.69	-0.58	-0.57	36.52	1357
25270	4.98	-0.22	-0.19	34.37	-320
25280	4.92	0.15	0.18	38.95	1176
25290	4.52	0.53	0.56	36.52	-277
25300	3.81	0.9	0.91	38.95	1022
25310	2.83	1.26	1.3	36.52	20
25320	1.65	1.64	1.66	34.37	929
25330	0.35	1.92	2	18.26	-4825
25340	-0.97	1.96	1.95	-10.25	-504
25350	-2.22	1.76	1.81	-29.21	-4083
25360	-3.32	1.4	1.4	-41.73	-849
25370	-4.18	1.04	0.99	-32.46	1048
25380	-4.76	0.67	0.65	-48.69	-1612
25390	-5	0.29	0.25	-34.37	733
25400	-4.88	-0.12	-0.13	-36.52	-1466
25410	-4.43	-0.48	-0.54	-44.94	369
25420	-3.67	-0.85	-0.88	-34.37	-818
25430	-2.64	-1.23	-1.27	-36.52	-227
25440	-1.43	-1.59	-1.62	-36.52	-413
25450	-0.12	-1.85	-1.92	-20.86	2747
25460	1.2	-1.9	-1.92	11.92	1489
25470	2.44	-1.75	-1.78	22.47	3420
25480	3.51	-1.39	-1.39	48.69	1332
25490	4.32	-1.03	-0.98	36.52	-648
25500	4.83	-0.64	-0.63	38.95	1217
25510	4.99	-0.28	-0.23	34.37	-239
25520	4.8	0.08	0.11	32.46	974
25530	4.28	0.46	0.5	38.95	389
25540	3.45	0.83	0.86	32.46	215
25550	2.36	1.22	1.24	48.69	940
25560	1.11	1.58	1.62	32.46	-477
25570	-0.22	1.86	1.92	19.48	-2929
25580	-1.53	1.9	1.93	-11.46	-2466
25590	-2.73	1.71	1.73	-34.37	-2833
25600	-3.75	1.34	1.33	-44.94	-757
25610	-4.5	0.99	0.95	-32.46	729
25620	-4.92	0.62	0.6	-41.73	-1520
25630	-4.99	0.25	0.19	-34.37	872
25640	-4.71	-0.13	-0.15	-38.95	-1520
25650	-4.08	-0.5	-0.56	-41.73	756
25660	-3.17	-0.88	-0.9	-34.37	-1324
25670	-2.02	-1.25	-1.31	-41.73	231
25680	-0.74	-1.62	-1.65	-36.52	-670
25690	0.61	-1.89	-1.97	-20.14	3158
25700	1.9	-1.95	-1.94	10.82	808
25710	3.06	-1.76	-1.8	27.82	4240
25720	4	-1.4	-1.39	38.95	1163
25730	4.65	-1.04	-0.98	38.95	-828
25740	4.97	-0.67	-0.65	36.52	1597
25750	4.92	-0.29	-0.26	36.52	-535
25760	4.52	0.08	0.09	34.37	1040
25770	3.8	0.46	0.49	41.73	-59
25780	2.79	0.82	0.84	29.21	717
25790	1.59	1.19	1.22	38.95	734
25800	0.26	1.5	1.57	20.86	-3142
25810	-1.09	1.59	1.61	-3.14	-1534
25820	-2.35	1.44	1.47	-25.4	-3038
25830	-3.45	1.11	1.08	-44.94	-973
25840	-4.29	0.74	0.71	-32.46	339
25850	-4.83	0.36	0.35	-38.95	-1190
25860	-5	-0.01	-0.05	-32.46	438
25870	-4.83	-0.39	-0.4	-44.94	-950
25880	-4.29	-0.75	-0.79	-32.46	60
25890	-3.45	-1.12	-1.13	-38.95	-995
25900	-2.35	-1.5	-1.54	-41.73	77
25910	-1.08	-1.92	-1.95	-34.37	-598
25920	0.27	-2.16	-2.24	-17.18	4181
25930	1.6	-2.21	-2.21	8.85	1238
25940	2.82	-2.02	-2.06	29.21	4027
25950	3.82	-1.67	-1.66	44.94	962
25960	4.55	-1.3	-1.26	27.82	-551
25970	4.93	-0.92	-0.9	41.73	1466
25980	4.97	-0.55	-0.51	41.73	-584
25990	4.63	-0.18	-0.15	36.52	1509
26000	3.95	0.2	0.23	38.95	-384
26010	2.98	0.57	0.6	41.73	982
26020	1.79	0.95	0.97	34.37	249
26030	0.47	1.31	1.33	34.37	525
26040	-0.9	1.57	1.65	14.25	-3815
26050	-2.19	1.59	1.59	-11.02	-838
26060	-3.32	1.38	1.41	-41.73	-3771
26070	-4.21	1.02	1	-53.12	-685
26080	-4.78	0.64	0.62	-30.75	341
26090	-5	0.27	0.26	-44.94	-1042
26100	-4.85	-0.09	-0.13	-32.46	574
26110	-4.35	-0.47	-0.48	-44.94	-1504
26120	-3.52	-0.84	-0.88	-36.52	416
26130	-2.42	-1.22	-1.23	-34.37	-987
26140	-1.15	-1.59	-1.62	-41.73	-15
26150	0.21	-1.85	-1.9	-10.25	3446
26160	1.55	-1.87	-1.88	7.04	1468
26170	2.78	-1.66	-1.69	32.46	3806
26180	3.8	-1.3	-1.27	38.95	816
26190	4.53	-0.92	-0.89	32.46	-587
26200	4.93	-0.55	-0.54	41.73	1711
26210	4.95	-0.18	-0.13	34.37	-940
26220	4.62	0.2	0.2	36.52	1730
26230	3.93	0.57	0.62	41.73	-688
26240	2.93	0.93	0.96	36.52	1141
26250	1.73	1.31	1.34	38.95	137
26260	0.39	1.62	1.68	22.47	-2023
26270	-0.98	1.72	1.74	-8.72	-2212
26280	-2.28	1.59	1.61	-21.64	-2616
26290	-3.4	1.25	1.25	-44.94	-1462
26300	-4.28	0.9	0.86	-41.73	600
26310	-4.83	0.53	0.5	-44.94	-1221
26320	-5	0.15	0.11	-38.95	340
26330	-4.81	-0.22	-0.25	-36.52	-1057
26340	-4.25	-0.6	-0.64	-38.95	56
26350	-3.38	-0.97	-0.99	-36.52	-671
26360	-2.24	-1.34	-1.38	-48.69	-358
26370	-0.95	-1.72	-1.74	-32.46	-301
26380	0.43	-1.99	-2.07	-14.98	3766
26390	1.78	-2.02	-2.03	12.17	1137
26400	2.98	-1.82	-1.86	30.75	3927
26410	3.96	-1.39	-1.37	44.94	267
26420	4.64	-0.93	-0.92	34.37	949
26430	4.97	-0.6	-0.57	38.95	841
26440	4.92	-0.32	-0.28	30.75	-434
26450	4.49	0.01	0.04	36.52	1388
26460	3.72	0.39	0.43	38.95	-214
26470	2.66	0.75	0.77	32.46	975
26480	1.4	1.12	1.16	38.95	471
26490	0.04	1.39	1.47	10.82	-4559
26500	-1.33	1.43	1.44	-7.79	-875
26510	-2.61	1.23	1.26	-34.37	-3703
26520	-3.68	0.86	0.85	-41.73	-288
26530	-4.46	0.5	0.48	-34.37	-87
26540	-4.92	0.13	0.11	-38.95	-672
26550	-4.99	-0.23	-0.27	-34.37	57
26560	-4.67	-0.61	-0.63	-41.73	-1030
26570	-4.01	-0.98	-1.02	-29.21	361
26580	-3.03	-1.37	-1.38	-48.69	-1141
26590	-1.81	-1.73	-1.78	-36.52	572
26600	-0.46	-1.99	-2.04	-13.59	2589
26610	0.92	-2.02	-2.04	6.02	2223
26620	2.24	-1.82	-1.85	34.37	3256
26630	3.39	-1.46	-1.45	41.73	705
26640	4.27	-1.1	-1.06	36.52	-301
26650	4.81	-0.72	-0.7	41.73	1328
26660	4.99	-0.35	-0.32	30.75	-500
26670	4.78	0.02	0.05	38.95	1469
26680	4.21	0.4	0.44	36.52	-568
26690	3.3	0.77	0.79	38.95	1168
26700	2.13	1.13	1.18	41.73	-46
26710	0.79	1.51	1.53	34.37	867
26720	-0.6	1.78	1.86	14.98	-4908
26730	-1.94	1.81	1.81	-11.02	-709
26740	-3.14	1.61	1.65	-32.46	-3761
26750	-4.1	1.25	1.24	-44.94	-768
26760	-4.73	0.89	0.84	-30.75	576
26770	-5	0.51	0.49	-38.95	-1237
26780	-4.87	0.15	0.11	-32.46	523
26790	-4.37	-0.22	-0.25	-41.73	-1368
26800	-3.53	-0.6	-0.64	-36.52	735
26810	-2.41	-0.96	-0.97	-36.52	-1464
26820	-1.1	-1.32	-1.37	-32.46	420
26830	0.3	-1.58	-1.64	-10.82	2611
26840	1.67	-1.61	-1.64	7.49	1977
26850	2.91	-1.41	-1.45	32.46	3674
26860	3.93	-1.05	-1.03	41.73	796
26870	4.63	-0.69	-0.65	27.82	-622
26880	4.97	-0.32	-0.3	48.69	1743
26890	4.92	0.06	0.11	32.46	-749
26900	4.48	0.43	0.47	36.52	1436
26910	3.68	0.86	0.89	38.95	-587
26920	2.59	1.19	1.23	36.52	1583
26930	1.31	1.57	1.61	38.95	-109
26940	-0.09	1.85	1.9	17.18	-3213
26950	-1.48	1.9	1.92	-7.12	-1361
26960	-2.76	1.73	1.75	-27.82	-3249
26970	-3.81	1.38	1.36	-44.94	-763
26980	-4.57	1	0.97	-36.52	219
26990	-4.95	0.63	0.61	-38.95	-1021
27000	-4.95	0.26	0.22	-34.37	156
27010	-4.56	-0.12	-0.14	-36.52	-734
27020	-3.81	-0.49	-0.53	-32.46	-86
27030	-2.75	-0.86	-0.89	-41.73	-379
27040	-1.47	-1.23	-1.24	-36.52	-532
27050	-0.08	-1.48	-1.55	-13.28	3580
27060	1.32	-1.52	-1.53	8.23	1633
27070	2.62	-1.32	-1.36	38.95	3762
27080	3.7	-0.96	-0.93	48.69	596
27090	4.5	-0.6	-0.56	27.82	-199
27100	4.92	-0.22	-0.2	41.73	1291
27110	4.95	0.15	0.19	36.52	-524
27120	4.59	0.53	0.55	41.73	1275
27130	3.87	0.89	0.93	36.52	-255
27140	2.83	1.26	1.29	34.37	1087
27150	1.55	1.64	1.67	32.46	-164
27160	0.16	1.89	1.96	14.98	-3061
27170	-1.25	1.93	1.95	-9.13	-1959
27180	-2.56	1.73	1.75	-30.75	-3027
27190	-3.67	1.37	1.34	-41.73	-782
27200	-4.48	1	0.96	-30.75	782
27210	-4.92	0.63	0.62	-44.94	-1493
27220	-4.98	0.26	0.21	-32.46	772
27230	-4.63	-0.12	-0.13	-38.95	-1206
27240	-3.9	-0.48	-0.51	-34.37	390
27250	-2.87	-0.84	-0.85	-38.95	-1129
27260	-1.6	-1.2	-1.24	-41.73	-4
27270	-0.2	-1.52	-1.58	-24.34	2115
27280	1.22	-1.59	-1.6	8.85	1761
27290	2.54	-1.44	-1.47	24.34	3456
27300	3.65	-1.09	-1.1	41.73	1462
27310	4.46	-0.72	-0.68	36.52	-1037
27320	4.91	-0.36	-0.35	38.95	1693
27330	4.97	0.01	0.06	36.52	-365
27340	4.62	0.4	0.41	38.95	907
27350	3.89	0.76	0.79	38.95	392
27360	2.84	1.15	1.17	32.46	155
27370	1.57	1.51	1.54	34.37	804
27380	0.15	1.78	1.86	15.37	-4521
27390	-1.26	1.81	1.82	-7.79	-1092
27400	-2.58	1.61	1.64	-32.46	-3470
27410	-3.69	1.23	1.2	-38.95	260
27420	-4.5	0.86	0.85	-32.46	-274
27430	-4.93	0.49	0.44	-44.94	-801
27440	-4.97	0.12	0.08	-30.75	283
27450	-4.59	-0.28	-0.3	-41.73	-1267
27460	-3.84	-0.67	-0.7	-32.46	584
27470	-2.78	-1.05	-1.06	-38.95	-1328
27480	-1.48	-1.44	-1.5	-38.95	335
27490	-0.07	-1.66	-1.72	-16.23	2870
27500	1.36	-1.73	-1.74	0	1566
27510	2.66	-1.58	-1.6	23.37	3029
27520	3.75	-1.25	-1.24	44.94	1580
27530	4.53	-0.88	-0.83	38.95	-1125
27540	4.94	-0.5	-0.5	34.37	1715
27550	4.94	-0.14	-0.09	34.37	-318
27560	4.53	0.23	0.26	34.37	881
27570	3.74	0.6	0.63	34.37	285
27580	2.64	0.97	0.99	38.95	594
27590	1.33	1.34	1.37	36.52	463
27600	-0.11	1.62	1.69	14.61	-4127
27610	-1.52	1.67	1.67	-9.74	-1130
27620	-2.82	1.47	1.51	-32.46	-3672
27630	-3.88	1.11	1.1	-44.94	-755
27640	-4.62	0.75	0.7	-30.75	849
27650	-4.98	0.37	0.36	-38.95	-1554
27660	-4.92	0	-0.05	-41.73	841
27670	-4.45	-0.37	-0.39	-36.52	-1384
27680	-3.61	-0.74	-0.78	-36.52	326
27690	-2.48	-1.11	-1.11	-34.37	-769
27700	-1.13	-1.48	-1.5	-41.73	-378
27710	0.32	-1.74	-1.8	-13.28	3945
27720	1.73	-1.76	-1.78	6.64	1357
27730	2.99	-1.55	-1.6	36.52	3885
27740	4.02	-1.19	-1.18	44.94	390
27750	4.7	-0.83	-0.81	30.75	-88
27760	4.99	-0.46	-0.46	41.73	1445
27770	4.86	-0.08	-0.06	34.37	-522
27780	4.31	0.28	0.28	38.95	1307
27790	3.41	0.65	0.68	36.52	-183
27800	2.22	1.02	1.03	34.37	879
27810	0.84	1.39	1.4	32.46	229
27820	-0.61	1.65	1.71	16.69	-3865
27830	-2.01	1.67	1.68	-12.7	-1379
27840	-3.24	1.46	1.51	-34.37	-3530
27850	-4.19	1.1	1.1	-41.73	-383
27860	-4.8	0.72	0.71	-38.95	-85
27870	-5	0.35	0.35	-41.73	-892
27880	-4.78	-0.02	-0.04	-30.75	390
27890	-4.16	-0.4	-0.4	-34.37	-1272
27900	-3.18	-0.77	-0.79	-36.52	764
27910	-1.93	-1.16	-1.18	-36.52	-1390
27920	-0.51	-1.54	-1.58	-32.46	475
27930	0.95	-1.79	-1.85	-15.37	2679
27940	2.31	-1.83	-1.85	9.42	1742
27950	3.49	-1.65	-1.68	25.4	3469
27960	4.38	-1.29	-1.3	44.94	1126
27970	4.88	-0.91	-0.9	34.37	-544
27980	4.98	-0.53	-0.51	48.69	1387
27990	4.64	-0.16	-0.14	30.75	-529
28000	3.91	0.21	0.2	36.52	1274
28010	2.85	0.58	0.61	36.52	-57
28020	1.54	0.95	0.96	38.95	474
28030	0.09	1.31	1.32	36.52	390
28040	-1.36	1.52	1.58	6.35	-4418
28050	-2.69	1.5	1.51	-9.42	-1215
28060	-3.8	1.24	1.29	-44.94	-3013
28070	-4.58	0.86	0.85	-41.73	-224
28080	-4.97	0.49	0.48	-30.75	339
28090	-4.93	0.12	0.12	-44.94	-1272
28100	-4.48	-0.25	-0.28	-32.46	1041
28110	-3.62	-0.61	-0.61	-41.73	-1584
28120	-2.47	-0.98	-1	-38.95	384
28130	-1.1	-1.34	-1.36	-41.73	-985
28140	0.36	-1.6	-1.67	-12.7	4438
28150	1.8	-1.62	-1.62	8.85	727
28160	3.07	-1.4	-1.44	36.52	4041
28170	4.09	-1.05	-1.05	44.94	614
28180	4.74	-0.68	-0.67	32.46	-233
28190	4.99	-0.3	-0.3	48.69	1272
28200	4.81	0.05	0.09	34.37	-544
28210	4.21	0.42	0.44	41.73	1445
28220	3.24	0.79	0.84	44.94	-411
28230	1.99	1.17	1.18	41.73	1078
28240	0.57	1.53	1.57	41.73	203
28250	-0.9	1.8	1.88	15.37	-4129
28260	-2.3	1.83	1.85	-9.74	-1069
28270	-3.49	1.64	1.67	-30.75	-3640
28280	-4.39	1.27	1.26	-48.69	-680
28290	-4.9	0.91	0.88	-36.52	575
28300	-4.99	0.55	0.54	-41.73	-1516
28310	-4.64	0.18	0.13	-36.52	666
28320	-3.88	-0.19	-0.2	-34.37	-1291
28330	-2.79	-0.56	-0.61	-36.52	351
28340	-1.45	-0.93	-0.95	-30.75	-796
28350	0.01	-1.29	-1.33	-36.52	479
28360	1.47	-1.45	-1.5	7.04	3686
28370	2.8	-1.38	-1.39	8.59	1747
28380	3.89	-1.08	-1.11	44.94	2555
28390	4.64	-0.7	-0.65	41.73	-402
28400	4.98	-0.33	-0.3	32.46	585
28410	4.87	0.09	0.14	41.73	-86
28420	4.35	0.48	0.51	34.37	885
28430	3.44	0.86	0.91	38.95	246
28440	2.22	1.23	1.26	36.52	477
28450	0.81	1.58	1.59	44.94	1410
28460	-0.68	1.82	1.9	16.69	-4720
28470	-2.1	1.88	1.88	-8.23	-7
28480	-3.34	1.69	1.74	-27.82	-4220
28490	-4.29	1.37	1.36	-48.69	-798
28500	-4.86	0.99	0.96	-36.52	460
28510	-5	0.62	0.61	-38.95	-997
28520	-4.7	0.26	0.22	-30.75	437
28530	-3.97	-0.11	-0.12	-44.94	-1275
28540	-2.91	-0.48	-0.53	-38.95	313
28550	-1.58	-0.85	-0.86	-36.52	-1011
28560	-0.12	-1.23	-1.27	-41.73	4
28570	1.37	-1.51	-1.57	-12.7	3213
28580	2.72	-1.55	-1.57	5.62	1538
28590	3.83	-1.36	-1.39	34.37	3807
28600	4.6	-0.99	-0.98	48.69	703
28610	4.97	-0.63	-0.6	30.75	-687
28620	4.88	-0.26	-0.25	38.95	1686
28630	4.37	0.12	0.16	34.37	-1170
28640	3.46	0.48	0.48	36.52	1989
28650	2.24	0.84	0.89	34.37	-427
28660	0.82	1.22	1.23	34.37	1170
28670	-0.68	1.5	1.58	20.86	-4067
28680	-2.11	1.54	1.54	-14.98	-1305
28690	-3.35	1.34	1.38	-30.75	-3663
28700	-4.3	0.98	0.98	-41.73	-999
28710	-4.87	0.62	0.57	-30.75	1155
28720	-4.99	0.25	0.23	-44.94	-1730
28730	-4.67	-0.13	-0.18	-32.46	728
28740	-3.94	-0.5	-0.51	-36.52	-1355
28750	-2.84	-0.88	-0.92	-41.73	392
28760	-1.48	-1.24	-1.25	-32.46	-840
28770	0	-1.51	-1.59	-19.48	3163
28780	1.48	-1.54	-1.54	14.25	899
28790	2.83	-1.36	-1.39	25.4	4186
28800	3.93	-0.99	-0.99	38.95	1235
28810	4.66	-0.63	-0.57	38.95	-1101
28820	4.99	-0.26	-0.25	36.52	1756
28830	4.85	0.12	0.16	36.52	-462
28840	4.28	0.48	0.49	34.37	1133
28850	3.32	0.85	0.89	44.94	508
28860	2.06	1.23	1.25	29.21	-15
28870	0.61	1.59	1.61	41.73	1255
28880	-0.9	1.87	1.95	12.7	-4873
28890	-2.33	1.92	1.92	-8	-742
28900	-3.54	1.72	1.76	-30.75	-3936
28910	-4.43	1.33	1.3	-38.95	-238
28920	-4.92	0.99	0.95	-34.37	916
28930	-4.97	0.62	0.61	-44.94	-1686
28940	-4.56	0.25	0.2	-36.52	634
28950	-3.74	-0.13	-0.14	-36.52	-1223
28960	-2.57	-0.5	-0.55	-44.94	513
28970	-1.17	-0.86	-0.88	-34.37	-1129
28980	0.34	-1.15	-1.23	-15.79	4001
28990	1.81	-1.18	-1.17	11.02	588
29000	3.12	-0.98	-1.03	30.75	4479
29010	4.15	-0.62	-0.62	48.69	1120
29020	4.79	-0.26	-0.22	29.21	-852
29030	4.99	0.12	0.13	36.52	1649
29040	4.74	0.49	0.54	41.73	-792
29050	4.05	0.86	0.88	34.37	1437
29060	2.99	1.24	1.29	41.73	-334
29070	1.65	1.61	1.64	36.52	800
29080	0.16	1.87	1.96	18.85	-3598
29090	-1.34	1.93	1.92	-12.17	-681
29100	-2.73	1.74	1.78	-29.21	-3927
29110	-3.87	1.39	1.38	-48.69	-889
29120	-4.64	1.02	0.97	-34.37	580
29130	-4.99	0.65	0.63	-38.95	-1328
29140	-4.88	0.28	0.23	-36.52	430
29150	-4.31	-0.08	-0.11	-36.52	-1114
29160	-3.35	-0.46	-0.5	-38.95	-169
29170	-2.09	-0.83	-0.86	-32.46	-124
29180	-0.62	-1.23	-1.24	-44.94	-626
29190	0.9	-1.46	-1.54	-12.98	3782
29200	2.34	-1.52	-1.52	5.08	1008
29210	3.56	-1.33	-1.36	29.21	4089
29220	4.45	-0.97	-0.95	48.69	864
29230	4.93	-0.61	-0.56	38.95	-649
29240	4.94	-0.23	-0.21	36.52	1651
29250	4.5	0.14	0.2	32.46	-934
29260	3.63	0.51	0.54	36.52	1642
29270	2.43	0.89	0.95	38.95	-588
29280	1	1.25	1.27	30.75	1372
29290	-0.53	1.53	1.62	21.64	-3835
29300	-2	1.59	1.59	-14.25	-1247
29310	-3.3	1.4	1.44	-27.82	-3535
29320	-4.28	1.05	1.05	-41.73	-1166
29330	-4.86	0.68	0.62	-32.46	1148
29340	-4.99	0.3	0.3	-44.94	-1687
29350	-4.66	-0.07	-0.12	-32.46	457
29360	-3.89	-0.44	-0.46	-30.75	-898
29370	-2.75	-0.82	-0.85	-41.73	-144
29380	-1.36	-1.18	-1.2	-32.46	-594
29390	0.16	-1.46	-1.54	-22.47	2854
29400	1.67	-1.52	-1.53	12.43	1326
29410	3.03	-1.31	-1.34	34.37	4204
29420	4.09	-0.96	-0.93	53.12	1012
29430	4.77	-0.55	-0.51	32.46	-615
29440	4.99	-0.21	-0.19	36.52	1460
29450	4.76	0.13	0.16	36.52	-119
29460	4.05	0.5	0.54	32.46	824
29470	2.98	0.88	0.9	34.37	460
29480	1.62	1.25	1.27	36.52	388
29490	0.12	1.55	1.62	25.4	-2629
29500	-1.41	1.62	1.64	-14.61	-1778
29510	-2.8	1.46	1.51	-22.47	-3154
29520	-3.94	1.11	1.13	-41.73	-1323
29530	-4.69	0.75	0.71	-38.95	958
29540	-5	0.39	0.39	-32.46	-1380
29550	-4.84	0.01	-0.01	-38.95	276
29560	-4.22	-0.36	-0.36	-34.37	-950
29570	-3.19	-0.74	-0.76	-44.94	-101
29580	-1.87	-1.11	-1.11	-30.75	-487
29590	-0.36	-1.48	-1.5	-41.73	-473
29600	1.18	-1.74	-1.81	-11.24	4221
29610	2.61	-1.76	-1.79	7.39	1668
29620	3.79	-1.55	-1.6	36.52	3821
29630	4.59	-1.19	-1.18	48.69	627
29640	4.98	-0.82	-0.81	30.75	-329
29650	4.87	-0.44	-0.44	41.73	1407
29660	4.31	-0.07	-0.05	36.52	-620
29670	3.33	0.3	0.29	44.94	1421
29680	2.03	0.67	0.69	32.46	-350
29690	0.54	1.04	1.04	38.95	1120
29700	-1.02	1.3	1.38	18.26	-4083
29710	-2.47	1.32	1.32	-13.59	-557
29720	-3.68	1.11	1.17	-32.46	-4013
29730	-4.55	0.75	0.76	-48.69	-807
29740	-4.97	0.4	0.36	-38.95	478
29750	-4.92	0.02	0	-41.73	-1221
29760	-4.39	-0.37	-0.4	-30.75	479
29770	-3.45	-0.74	-0.75	-48.69	-1113
29780	-2.16	-1.1	-1.15	-36.52	547
29790	-0.68	-1.46	-1.48	-36.52	-997
29800	0.88	-1.72	-1.8	-15.37	4506
29810	2.35	-1.75	-1.76	9.9	1336
29820	3.59	-1.55	-1.59	34.37	3967
29830	4.48	-1.18	-1.18	44.94	844
29840	4.94	-0.83	-0.79	36.52	-636
29850	4.92	-0.47	-0.46	41.73	1620
29860	4.43	-0.11	-0.06	34.37	-595
29870	3.51	0.26	0.27	34.37	1626
29880	2.23	0.63	0.68	44.94	-229
29890	0.75	1.02	1.03	38.95	715
29900	-0.81	1.27	1.36	19.48	-4164
29910	-2.29	1.31	1.32	-12.17	-1235
29920	-3.55	1.08	1.11	-36.52	-3336
29930	-4.46	0.72	0.69	-44.94	-116
29940	-4.94	0.35	0.33	-36.52	-581
29950	-4.94	-0.01	-0.04	-41.73	-462
29960	-4.46	-0.37	-0.42	-32.46	6
29970	-3.54	-0.76	-0.81	-38.95	-940
29980	-2.28	-1.12	-1.16	-29.21	563
29990	-0.78	-1.48	-1.52	-34.37	-1498
30000	0.77	-1.76	-1.86	-14.98	4949
